Timestamp,User Count,Type,Name,Requests/s,Failures/s,50%,66%,75%,80%,90%,95%,98%,99%,99.9%,99.99%,100%,Total Request Count,Total Failure Count,Total Median Response Time,Total Average Response Time,Total Min Response Time,Total Max Response Time,Total Average Content Size
1637174145,0,,Aggregated,0.000000,0.000000,N/A,N/A,N/A,N/A,N/A,N/A,N/A,N/A,N/A,N/A,N/A,0,0,0,0,0,0,0
1637174146,1,GET,/,0.000000,0.000000,0,0,0,0,0,0,0,0,0,0,0,1,0,592,592.0,592,592,10053.0
1637174146,1,,Aggregated,0.000000,0.000000,0,0,0,0,0,0,0,0,0,0,0,1,0,592,592.0,592,592,10053.0
1637174147,1,GET,/,0.000000,0.000000,0,0,0,0,0,0,0,0,0,0,0,1,0,592,592.0,592,592,10053.0
1637174147,1,GET,/auth/login/,0.000000,0.000000,0,0,0,0,0,0,0,0,0,0,0,1,0,597,597.0,597,597,2961.0
1637174147,1,,Aggregated,0.000000,0.000000,600,600,600,600,600,600,600,600,600,600,600,2,0,592,594.5,592,597,6507.0
1637174148,1,GET,/,0.000000,0.000000,590,590,590,590,590,590,590,590,590,590,590,1,0,592,592.0,592,592,10053.0
1637174148,1,GET,/auth/login/,0.000000,0.000000,0,0,0,0,0,0,0,0,0,0,0,1,0,597,597.0,597,597,2961.0
1637174148,1,POST,/auth/login/,0.000000,0.000000,0,0,0,0,0,0,0,0,0,0,0,1,0,1460,1460.0,1460,1460,2032.0
1637174148,1,,Aggregated,0.000000,0.000000,600,600,1500,1500,1500,1500,1500,1500,1500,1500,1500,3,0,600,883.0,592,1460,5015.333333333333
1637174149,1,GET,/,0.500000,0.000000,520,520,590,590,590,590,590,590,590,590,590,3,0,520,538.0,497,592,4705.666666666667
1637174149,1,GET,/auth/login/,0.000000,0.000000,600,600,600,600,600,600,600,600,600,600,600,1,0,597,597.0,597,597,2961.0
1637174149,1,POST,/auth/login/,0.000000,0.000000,0,0,0,0,0,0,0,0,0,0,0,1,0,1460,1460.0,1460,1460,2032.0
1637174149,1,,Aggregated,0.500000,0.000000,590,600,600,1500,1500,1500,1500,1500,1500,1500,1500,5,0,590,734.2,497,1460,3822.0
1637174150,1,GET,/,0.333333,0.000000,520,520,590,590,590,590,590,590,590,590,590,3,0,520,538.0,497,592,4705.666666666667
1637174150,1,POST,/,0.000000,0.000000,0,0,0,0,0,0,0,0,0,0,0,1,0,1102,1102.0,1102,1102,2170.0
1637174150,1,GET,/auth/login/,0.333333,0.000000,600,600,600,600,600,600,600,600,600,600,600,1,0,597,597.0,597,597,2961.0
1637174150,1,POST,/auth/login/,0.000000,0.000000,1500,1500,1500,1500,1500,1500,1500,1500,1500,1500,1500,1,0,1460,1460.0,1460,1460,2032.0
1637174150,1,,Aggregated,0.666667,0.000000,600,600,1100,1100,1500,1500,1500,1500,1500,1500,1500,6,0,590,795.5,497,1460,3546.6666666666665
1637174151,1,GET,/,0.250000,0.000000,590,590,740,740,740,740,740,740,740,740,740,4,0,520,588.5,497,740,4071.75
1637174151,1,POST,/,0.000000,0.000000,0,0,0,0,0,0,0,0,0,0,0,1,0,1102,1102.0,1102,1102,2170.0
1637174151,1,GET,/auth/login/,0.250000,0.000000,600,600,600,600,600,600,600,600,600,600,600,1,0,597,597.0,597,597,2961.0
1637174151,1,POST,/auth/login/,0.250000,0.000000,1500,1500,1500,1500,1500,1500,1500,1500,1500,1500,1500,1,0,1460,1460.0,1460,1460,2032.0
1637174151,1,,Aggregated,0.750000,0.000000,600,740,1100,1100,1500,1500,1500,1500,1500,1500,1500,7,0,600,787.5714285714286,497,1460,3350.0
1637174152,1,GET,/,0.600000,0.000000,590,740,740,760,760,760,760,760,760,760,760,5,0,590,622.6,497,759,3691.4
1637174152,1,POST,/,0.000000,0.000000,1100,1100,1100,1100,1100,1100,1100,1100,1100,1100,1100,1,0,1102,1102.0,1102,1102,2170.0
1637174152,1,GET,/auth/find-friends/,0.000000,0.000000,0,0,0,0,0,0,0,0,0,0,0,1,0,285,285.0,285,285,1974.0
1637174152,1,GET,/auth/login/,0.200000,0.000000,600,600,600,600,600,600,600,600,600,600,600,1,0,597,597.0,597,597,2961.0
1637174152,1,POST,/auth/login/,0.200000,0.000000,1500,1500,1500,1500,1500,1500,1500,1500,1500,1500,1500,1,0,1460,1460.0,1460,1460,2032.0
1637174152,1,GET,/public/,0.000000,0.000000,0,0,0,0,0,0,0,0,0,0,0,1,0,312,312.0,312,312,9950.0
1637174152,1,,Aggregated,1.000000,0.000000,600,740,760,1100,1500,1500,1500,1500,1500,1500,1500,10,0,590,686.9,285,1460,3754.4
1637174153,1,GET,/,0.500000,0.000000,590,590,740,740,760,760,760,760,760,760,760,6,0,520,570.1666666666666,308,759,3437.8333333333335
1637174153,1,POST,/,0.166667,0.000000,1100,1100,1100,1100,1100,1100,1100,1100,1100,1100,1100,1,0,1102,1102.0,1102,1102,2170.0
1637174153,1,GET,/auth/find-friends/,0.000000,0.000000,0,0,0,0,0,0,0,0,0,0,0,2,0,285,319.5,285,354,1974.0
1637174153,1,GET,/auth/login/,0.166667,0.000000,600,600,600,600,600,600,600,600,600,600,600,1,0,597,597.0,597,597,2961.0
1637174153,1,POST,/auth/login/,0.166667,0.000000,1500,1500,1500,1500,1500,1500,1500,1500,1500,1500,1500,1,0,1460,1460.0,1460,1460,2032.0
1637174153,1,POST,/auth/modify-friend/,0.000000,0.000000,0,0,0,0,0,0,0,0,0,0,0,1,0,401,401.0,401,401,1713.0
1637174153,1,GET,/public/,0.000000,0.000000,0,0,0,0,0,0,0,0,0,0,0,1,0,312,312.0,312,312,9950.0
1637174153,1,,Aggregated,1.000000,0.000000,520,600,740,760,1100,1500,1500,1500,1500,1500,1500,13,0,520,610.1538461538462,285,1460,3338.5384615384614
1637174154,1,GET,/,0.571429,0.000000,590,590,740,740,760,760,760,760,760,760,760,6,0,520,570.1666666666666,308,759,3437.8333333333335
1637174154,1,POST,/,0.142857,0.000000,1100,1100,1100,1100,1100,1100,1100,1100,1100,1100,1100,1,0,1102,1102.0,1102,1102,2170.0
1637174154,1,GET,/auth/find-friends/,0.000000,0.000000,400,400,400,400,400,400,400,400,400,400,400,3,0,350,344.6666666666667,285,395,1974.0
1637174154,1,GET,/auth/login/,0.142857,0.000000,600,600,600,600,600,600,600,600,600,600,600,1,0,597,597.0,597,597,2961.0
1637174154,1,POST,/auth/login/,0.142857,0.000000,1500,1500,1500,1500,1500,1500,1500,1500,1500,1500,1500,1,0,1460,1460.0,1460,1460,2032.0
1637174154,1,POST,/auth/modify-friend/,0.000000,0.000000,0,0,0,0,0,0,0,0,0,0,0,1,0,401,401.0,401,401,1713.0
1637174154,1,GET,/public/,0.000000,0.000000,410,410,410,410,410,410,410,410,410,410,410,2,0,312,361.0,312,410,10029.0
1637174154,1,,Aggregated,1.000000,0.000000,500,590,740,760,1100,1500,1500,1500,1500,1500,1500,15,0,500,582.4666666666667,285,1460,3698.866666666667
1637174155,1,GET,/,0.625000,0.000000,590,590,740,740,760,760,760,760,760,760,760,6,0,520,570.1666666666666,308,759,3437.8333333333335
1637174155,1,POST,/,0.125000,0.000000,1100,1100,1100,1100,1100,1100,1100,1100,1100,1100,1100,1,0,1102,1102.0,1102,1102,2170.0
1637174155,1,GET,/auth/find-friends/,0.125000,0.000000,400,400,440,440,440,440,440,440,440,440,440,4,0,350,368.75,285,441,1974.0
1637174155,1,GET,/auth/login/,0.125000,0.000000,600,600,600,600,600,600,600,600,600,600,600,1,0,597,597.0,597,597,2961.0
1637174155,1,POST,/auth/login/,0.125000,0.000000,1500,1500,1500,1500,1500,1500,1500,1500,1500,1500,1500,1,0,1460,1460.0,1460,1460,2032.0
1637174155,1,POST,/auth/modify-friend/,0.000000,0.000000,400,400,400,400,400,400,400,400,400,400,400,2,0,300,350.5,300,401,1713.0
1637174155,1,GET,/public/,0.125000,0.000000,410,410,410,410,410,410,410,410,410,410,410,2,0,312,361.0,312,410,10029.0
1637174155,1,,Aggregated,1.250000,0.000000,440,590,600,740,1100,1500,1500,1500,1500,1500,1500,17,0,440,557.5294117647059,285,1460,3480.5882352941176
1637174156,1,GET,/,0.666667,0.000000,550,590,740,740,760,760,760,760,760,760,760,7,0,550,566.8571428571429,308,759,3256.714285714286
1637174156,1,POST,/,0.111111,0.000000,1100,1100,1100,1100,1100,1100,1100,1100,1100,1100,1100,1,0,1102,1102.0,1102,1102,2170.0
1637174156,1,GET,/auth/find-friends/,0.222222,0.000000,400,400,440,440,440,440,440,440,440,440,440,4,0,350,368.75,285,441,1974.0
1637174156,1,GET,/auth/login/,0.111111,0.000000,600,600,600,600,600,600,600,600,600,600,600,1,0,597,597.0,597,597,2961.0
1637174156,1,POST,/auth/login/,0.111111,0.000000,1500,1500,1500,1500,1500,1500,1500,1500,1500,1500,1500,1,0,1460,1460.0,1460,1460,2032.0
1637174156,1,POST,/auth/modify-friend/,0.111111,0.000000,400,400,400,400,400,400,400,400,400,400,400,2,0,300,350.5,300,401,1713.0
1637174156,1,GET,/public/,0.111111,0.000000,410,410,410,410,410,410,410,410,410,410,410,2,0,312,361.0,312,410,10029.0
1637174156,1,,Aggregated,1.444444,0.000000,440,550,600,740,1100,1500,1500,1500,1500,1500,1500,18,0,440,556.9444444444445,285,1460,3407.777777777778
1637174157,1,GET,/,0.600000,0.000000,550,590,740,740,760,760,760,760,760,760,760,8,0,520,534.5,308,759,3175.625
1637174157,1,POST,/,0.100000,0.000000,1100,1100,1100,1100,1100,1100,1100,1100,1100,1100,1100,2,0,1049,1075.5,1049,1102,2389.0
1637174157,1,GET,/auth/find-friends/,0.300000,0.000000,400,400,440,440,440,440,440,440,440,440,440,4,0,350,368.75,285,441,1974.0
1637174157,1,GET,/auth/login/,0.100000,0.000000,600,600,600,600,600,600,600,600,600,600,600,1,0,597,597.0,597,597,2961.0
1637174157,1,POST,/auth/login/,0.100000,0.000000,1500,1500,1500,1500,1500,1500,1500,1500,1500,1500,1500,1,0,1460,1460.0,1460,1460,2032.0
1637174157,1,POST,/auth/modify-friend/,0.100000,0.000000,400,400,400,400,400,400,400,400,400,400,400,2,0,300,350.5,300,401,1713.0
1637174157,1,GET,/public/,0.200000,0.000000,410,410,420,420,420,420,420,420,420,420,420,3,0,410,379.3333333333333,312,416,10149.666666666666
1637174157,1,,Aggregated,1.500000,0.000000,420,520,740,760,1100,1500,1500,1500,1500,1500,1500,21,0,440,561.8095238095239,285,1460,3664.1428571428573
1637174158,1,GET,/,0.600000,0.000000,520,550,740,740,760,760,760,760,760,760,760,8,0,520,534.5,308,759,3175.625
1637174158,1,POST,/,0.100000,0.000000,1100,1100,1100,1100,1100,1100,1100,1100,1100,1100,1100,2,0,1049,1075.5,1049,1102,2389.0
1637174158,1,GET,/auth/find-friends/,0.400000,0.000000,400,400,400,440,440,440,440,440,440,440,440,6,0,350,356.6666666666667,261,441,1974.0
1637174158,1,GET,/auth/login/,0.100000,0.000000,600,600,600,600,600,600,600,600,600,600,600,1,0,597,597.0,597,597,2961.0
1637174158,1,POST,/auth/login/,0.100000,0.000000,1500,1500,1500,1500,1500,1500,1500,1500,1500,1500,1500,1,0,1460,1460.0,1460,1460,2032.0
1637174158,1,POST,/auth/modify-friend/,0.200000,0.000000,300,300,400,400,400,400,400,400,400,400,400,3,0,300,290.6666666666667,171,401,1713.0
1637174158,1,GET,/public/,0.200000,0.000000,410,410,420,420,420,420,420,420,420,420,420,3,0,410,379.3333333333333,312,416,10149.666666666666
1637174158,1,,Aggregated,1.700000,0.000000,400,440,520,550,760,1000,1100,1100,1100,1100,1100,24,0,410,526.4166666666666,171,1460,3442.0
1637174159,1,GET,/,0.600000,0.000000,500,520,550,740,760,760,760,760,760,760,760,10,0,500,502.8,308,759,3103.9
1637174159,1,POST,/,0.100000,0.000000,1100,1100,1100,1100,1100,1100,1100,1100,1100,1100,1100,2,0,1049,1075.5,1049,1102,2389.0
1637174159,1,GET,/auth/find-friends/,0.400000,0.000000,400,400,400,440,440,440,440,440,440,440,440,6,0,350,356.6666666666667,261,441,1974.0
1637174159,1,GET,/auth/login/,0.100000,0.000000,600,600,600,600,600,600,600,600,600,600,600,1,0,597,597.0,597,597,2961.0
1637174159,1,POST,/auth/login/,0.100000,0.000000,1500,1500,1500,1500,1500,1500,1500,1500,1500,1500,1500,1,0,1460,1460.0,1460,1460,2032.0
1637174159,1,POST,/auth/modify-friend/,0.200000,0.000000,300,300,400,400,400,400,400,400,400,400,400,3,0,300,290.6666666666667,171,401,1713.0
1637174159,1,GET,/public/,0.200000,0.000000,410,410,420,420,420,420,420,420,420,420,420,3,0,410,379.3333333333333,312,416,10149.666666666666
1637174159,1,,Aggregated,1.700000,0.000000,400,410,440,550,760,1000,1100,1100,1100,1100,1100,26,0,400,514.8461538461538,171,1460,3393.923076923077
1637174160,1,GET,/,0.700000,0.000000,400,550,740,740,760,760,760,760,760,760,760,10,0,500,502.8,308,759,3103.9
1637174160,1,POST,/,0.200000,0.000000,1100,1100,1100,1100,1100,1100,1100,1100,1100,1100,1100,2,0,1049,1075.5,1049,1102,2389.0
1637174160,1,GET,/auth/find-friends/,0.400000,0.000000,360,400,400,400,440,440,440,440,440,440,440,8,0,350,347.75,261,441,1974.0
1637174160,1,GET,/auth/login/,0.000000,0.000000,600,600,600,600,600,600,600,600,600,600,600,1,0,597,597.0,597,597,2961.0
1637174160,1,POST,/auth/login/,0.100000,0.000000,1500,1500,1500,1500,1500,1500,1500,1500,1500,1500,1500,1,0,1460,1460.0,1460,1460,2032.0
1637174160,1,POST,/auth/modify-friend/,0.200000,0.000000,300,300,400,400,400,400,400,400,400,400,400,3,0,300,290.6666666666667,171,401,1713.0
1637174160,1,GET,/public/,0.300000,0.000000,420,420,590,590,590,590,590,590,590,590,590,4,0,410,431.25,312,587,10124.75
1637174160,1,,Aggregated,1.900000,0.000000,400,410,440,550,740,760,1000,1000,1000,1000,1000,29,0,400,503.9655172413793,171,1460,3525.5172413793102
1637174161,1,GET,/,0.700000,0.000000,400,440,550,550,760,760,760,760,760,760,760,11,0,500,497.27272727272725,308,759,3077.818181818182
1637174161,1,POST,/,0.200000,0.000000,1100,1100,1100,1100,1100,1100,1100,1100,1100,1100,1100,2,0,1049,1075.5,1049,1102,2389.0
1637174161,1,GET,/auth/find-friends/,0.600000,0.000000,360,400,400,400,440,440,440,440,440,440,440,8,0,350,347.75,261,441,1974.0
1637174161,1,GET,/auth/login/,0.000000,0.000000,600,600,600,600,600,600,600,600,600,600,600,1,0,597,597.0,597,597,2961.0
1637174161,1,POST,/auth/login/,0.000000,0.000000,1500,1500,1500,1500,1500,1500,1500,1500,1500,1500,1500,1,0,1460,1460.0,1460,1460,2032.0
1637174161,1,POST,/auth/modify-friend/,0.300000,0.000000,400,400,440,440,440,440,440,440,440,440,440,4,0,300,327.75,171,439,1713.0
1637174161,1,GET,/public/,0.300000,0.000000,420,420,590,590,590,590,590,590,590,590,590,4,0,410,431.25,312,587,10124.75
1637174161,1,,Aggregated,2.100000,0.000000,400,410,440,440,590,760,1000,1000,1000,1000,1000,31,0,410,499.8709677419355,171,1460,3444.1935483870966
1637174162,1,GET,/,0.700000,0.000000,440,540,550,550,580,580,580,580,580,580,580,13,0,520,506.84615384615387,308,759,3052.153846153846
1637174162,1,POST,/,0.200000,0.000000,1100,1100,1100,1100,1100,1100,1100,1100,1100,1100,1100,2,0,1049,1075.5,1049,1102,2389.0
1637174162,1,GET,/auth/find-friends/,0.600000,0.000000,360,400,400,400,440,440,440,440,440,440,440,8,0,350,347.75,261,441,1974.0
1637174162,1,GET,/auth/login/,0.000000,0.000000,600,600,600,600,600,600,600,600,600,600,600,1,0,597,597.0,597,597,2961.0
1637174162,1,POST,/auth/login/,0.000000,0.000000,1500,1500,1500,1500,1500,1500,1500,1500,1500,1500,1500,1,0,1460,1460.0,1460,1460,2032.0
1637174162,1,POST,/auth/modify-friend/,0.300000,0.000000,400,400,440,440,440,440,440,440,440,440,440,4,0,300,327.75,171,439,1713.0
1637174162,1,GET,/public/,0.400000,0.000000,420,420,590,590,590,590,590,590,590,590,590,4,0,410,431.25,312,587,10124.75
1637174162,1,,Aggregated,2.200000,0.000000,400,440,440,540,580,590,1000,1000,1000,1000,1000,33,0,420,503.4848484848485,171,1460,3411.878787878788
1637174163,1,GET,/,0.700000,0.000000,440,540,550,550,580,580,580,580,580,580,580,13,0,520,506.84615384615387,308,759,3052.153846153846
1637174163,1,POST,/,0.100000,0.000000,1100,1100,1100,1100,1100,1100,1100,1100,1100,1100,1100,2,0,1049,1075.5,1049,1102,2389.0
1637174163,1,GET,/auth/find-friends/,0.800000,0.000000,380,400,400,400,440,440,440,440,440,440,440,10,0,350,346.2,261,441,1974.0
1637174163,1,GET,/auth/login/,0.000000,0.000000,600,600,600,600,600,600,600,600,600,600,600,1,0,597,597.0,597,597,2961.0
1637174163,1,POST,/auth/login/,0.000000,0.000000,1500,1500,1500,1500,1500,1500,1500,1500,1500,1500,1500,1,0,1460,1460.0,1460,1460,2032.0
1637174163,1,POST,/auth/modify-friend/,0.300000,0.000000,400,400,440,440,440,440,440,440,440,440,440,4,0,300,327.75,171,439,1713.0
1637174163,1,GET,/public/,0.400000,0.000000,450,450,590,590,590,590,590,590,590,590,590,5,0,420,435.6,312,587,10155.4
1637174163,1,,Aggregated,2.300000,0.000000,400,440,450,540,580,590,1000,1000,1000,1000,1000,36,0,410,493.0,171,1460,3522.722222222222
1637174164,1,GET,/,0.700000,0.000000,440,540,550,550,580,580,580,580,580,580,580,13,0,520,506.84615384615387,308,759,3052.153846153846
1637174164,1,POST,/,0.100000,0.000000,1000,1000,1000,1000,1000,1000,1000,1000,1000,1000,1000,2,0,1049,1075.5,1049,1102,2389.0
1637174164,1,GET,/auth/find-friends/,0.800000,0.000000,360,380,400,400,440,440,440,440,440,440,440,11,0,350,337.90909090909093,255,441,1974.0
1637174164,1,GET,/auth/login/,0.000000,0.000000,600,600,600,600,600,600,600,600,600,600,600,1,0,597,597.0,597,597,2961.0
1637174164,1,POST,/auth/login/,0.000000,0.000000,1500,1500,1500,1500,1500,1500,1500,1500,1500,1500,1500,1,0,1460,1460.0,1460,1460,2032.0
1637174164,1,POST,/auth/modify-friend/,0.400000,0.000000,390,390,440,440,440,440,440,440,440,440,440,5,0,390,341.0,171,439,1713.0
1637174164,1,GET,/public/,0.400000,0.000000,450,480,480,590,590,590,590,590,590,590,590,6,0,420,443.1666666666667,312,587,10203.666666666666
1637174164,1,,Aggregated,2.400000,0.000000,400,440,480,540,580,590,1000,1000,1000,1000,1000,39,0,410,484.05128205128204,171,1460,3614.102564102564
1637174165,1,GET,/,0.800000,0.000000,460,540,550,550,580,580,580,580,580,580,580,14,0,500,503.42857142857144,308,759,3114.5714285714284
1637174165,1,POST,/,0.100000,0.000000,1000,1000,1000,1000,1000,1000,1000,1000,1000,1000,1000,2,0,1049,1075.5,1049,1102,2389.0
1637174165,1,GET,/auth/find-friends/,0.700000,0.000000,300,360,380,400,440,440,440,440,440,440,440,12,0,300,331.1666666666667,255,441,1974.0
1637174165,1,GET,/auth/login/,0.000000,0.000000,600,600,600,600,600,600,600,600,600,600,600,1,0,597,597.0,597,597,2961.0
1637174165,1,POST,/auth/login/,0.000000,0.000000,1500,1500,1500,1500,1500,1500,1500,1500,1500,1500,1500,1,0,1460,1460.0,1460,1460,2032.0
1637174165,1,POST,/auth/modify-friend/,0.400000,0.000000,300,390,390,440,440,440,440,440,440,440,440,6,0,300,334.6666666666667,171,439,1713.0
1637174165,1,GET,/public/,0.300000,0.000000,480,480,590,590,590,590,590,590,590,590,590,6,0,420,443.1666666666667,312,587,10203.666666666666
1637174165,1,,Aggregated,2.300000,0.000000,400,440,460,540,580,590,1000,1000,1000,1000,1000,42,0,400,473.73809523809524,171,1460,3537.214285714286
1637174166,1,GET,/,0.800000,0.000000,440,460,540,540,580,580,580,580,580,580,580,14,0,500,503.42857142857144,308,759,3114.5714285714284
1637174166,1,POST,/,0.100000,0.000000,1000,1000,1000,1000,1000,1000,1000,1000,1000,1000,1000,2,0,1049,1075.5,1049,1102,2389.0
1637174166,1,GET,/auth/find-friends/,0.700000,0.000000,300,360,380,380,400,400,400,400,400,400,400,12,0,300,331.1666666666667,255,441,1974.0
1637174166,1,GET,/auth/login/,0.000000,0.000000,0,0,0,0,0,0,0,0,0,0,0,1,0,597,597.0,597,597,2961.0
1637174166,1,POST,/auth/login/,0.000000,0.000000,1500,1500,1500,1500,1500,1500,1500,1500,1500,1500,1500,1,0,1460,1460.0,1460,1460,2032.0
1637174166,1,POST,/auth/modify-friend/,0.400000,0.000000,390,390,440,440,440,440,440,440,440,440,440,6,0,300,334.6666666666667,171,439,1713.0
1637174166,1,GET,/public/,0.300000,0.000000,480,480,590,590,590,590,590,590,590,590,590,6,0,420,443.1666666666667,312,587,10203.666666666666
1637174166,1,,Aggregated,2.300000,0.000000,400,440,460,480,580,590,1000,1000,1000,1000,1000,42,0,400,473.73809523809524,171,1460,3537.214285714286
1637174167,1,GET,/,0.700000,0.000000,440,460,540,540,580,580,580,580,580,580,580,14,0,500,503.42857142857144,308,759,3114.5714285714284
1637174167,1,POST,/,0.100000,0.000000,1200,1200,1200,1200,1200,1200,1200,1200,1200,1200,1200,3,0,1100,1100.6666666666667,1049,1151,2964.6666666666665
1637174167,1,GET,/auth/find-friends/,0.800000,0.000000,300,360,380,380,400,400,400,400,400,400,400,12,0,300,331.1666666666667,255,441,1974.0
1637174167,1,GET,/auth/login/,0.000000,0.000000,0,0,0,0,0,0,0,0,0,0,0,1,0,597,597.0,597,597,2961.0
1637174167,1,POST,/auth/login/,0.000000,0.000000,0,0,0,0,0,0,0,0,0,0,0,1,0,1460,1460.0,1460,1460,2032.0
1637174167,1,POST,/auth/modify-friend/,0.400000,0.000000,390,390,440,440,440,440,440,440,440,440,440,6,0,300,334.6666666666667,171,439,1713.0
1637174167,1,GET,/public/,0.400000,0.000000,480,550,550,590,590,590,590,590,590,590,590,7,0,450,458.42857142857144,312,587,10180.285714285714
1637174167,1,,Aggregated,2.400000,0.000000,400,450,480,540,580,590,1200,1200,1200,1200,1200,44,0,410,490.8636363636364,171,1460,3698.159090909091
1637174168,1,GET,/,0.800000,0.000000,440,460,540,540,580,580,580,580,580,580,580,15,0,500,490.06666666666666,303,759,3222.0
1637174168,1,POST,/,0.100000,0.000000,1200,1200,1200,1200,1200,1200,1200,1200,1200,1200,1200,3,0,1100,1100.6666666666667,1049,1151,2964.6666666666665
1637174168,1,GET,/auth/find-friends/,0.800000,0.000000,300,340,360,380,400,400,400,400,400,400,400,14,0,300,321.0,178,441,1974.0
1637174168,1,GET,/auth/login/,0.000000,0.000000,0,0,0,0,0,0,0,0,0,0,0,1,0,597,597.0,597,597,2961.0
1637174168,1,POST,/auth/login/,0.000000,0.000000,0,0,0,0,0,0,0,0,0,0,0,1,0,1460,1460.0,1460,1460,2032.0
1637174168,1,POST,/auth/modify-friend/,0.400000,0.000000,320,390,390,440,440,440,440,440,440,440,440,7,0,320,332.42857142857144,171,439,1713.0
1637174168,1,GET,/public/,0.400000,0.000000,550,550,590,590,590,590,590,590,590,590,590,7,0,450,458.42857142857144,312,587,10180.285714285714
1637174168,1,,Aggregated,2.500000,0.000000,390,440,480,540,580,590,1200,1200,1200,1200,1200,48,0,400,473.75,171,1460,3606.375
1637174169,1,GET,/,0.700000,0.000000,440,460,540,540,580,580,580,580,580,580,580,16,0,460,475.875,263,759,3331.375
1637174169,1,POST,/,0.100000,0.000000,1200,1200,1200,1200,1200,1200,1200,1200,1200,1200,1200,3,0,1100,1100.6666666666667,1049,1151,2964.6666666666665
1637174169,1,GET,/auth/find-friends/,0.800000,0.000000,290,300,340,360,380,380,380,380,380,380,380,15,0,300,313.8,178,441,1974.0
1637174169,1,GET,/auth/login/,0.000000,0.000000,0,0,0,0,0,0,0,0,0,0,0,1,0,597,597.0,597,597,2961.0
1637174169,1,POST,/auth/login/,0.000000,0.000000,0,0,0,0,0,0,0,0,0,0,0,1,0,1460,1460.0,1460,1460,2032.0
1637174169,1,POST,/auth/modify-friend/,0.400000,0.000000,390,390,440,440,440,440,440,440,440,440,440,7,0,320,332.42857142857144,171,439,1713.0
1637174169,1,GET,/public/,0.400000,0.000000,480,550,550,590,590,590,590,590,590,590,590,8,0,420,449.625,312,587,10181.5
1637174169,1,,Aggregated,2.400000,0.000000,380,440,460,480,550,580,1200,1200,1200,1200,1200,51,0,400,462.8235294117647,171,1460,3730.235294117647
1637174171,1,GET,/,0.600000,0.000000,460,540,540,580,580,580,580,580,580,580,580,16,0,460,475.875,263,759,3331.375
1637174171,1,POST,/,0.100000,0.000000,1200,1200,1200,1200,1200,1200,1200,1200,1200,1200,1200,3,0,1100,1100.6666666666667,1049,1151,2964.6666666666665
1637174171,1,GET,/auth/find-friends/,0.800000,0.000000,300,340,380,380,550,550,550,550,550,550,550,16,0,300,328.375,178,547,1974.0
1637174171,1,GET,/auth/login/,0.000000,0.000000,0,0,0,0,0,0,0,0,0,0,0,1,0,597,597.0,597,597,2961.0
1637174171,1,POST,/auth/login/,0.000000,0.000000,0,0,0,0,0,0,0,0,0,0,0,1,0,1460,1460.0,1460,1460,2032.0
1637174171,1,POST,/auth/modify-friend/,0.400000,0.000000,390,440,440,520,520,520,520,520,520,520,520,8,0,320,355.375,171,516,1713.0
1637174171,1,GET,/public/,0.400000,0.000000,480,480,550,550,550,550,550,550,550,550,550,8,0,420,449.625,312,587,10181.5
1637174171,1,,Aggregated,2.300000,0.000000,390,460,520,540,550,580,1200,1200,1200,1200,1200,53,0,400,465.41509433962267,171,1460,3659.0377358490564
1637174172,1,GET,/,0.700000,0.000000,460,540,540,580,580,580,580,580,580,580,580,16,0,460,475.875,263,759,3331.375
1637174172,1,POST,/,0.100000,0.000000,1200,1200,1200,1200,1200,1200,1200,1200,1200,1200,1200,3,0,1100,1100.6666666666667,1049,1151,2964.6666666666665
1637174172,1,GET,/auth/find-friends/,0.800000,0.000000,300,340,370,380,550,550,550,550,550,550,550,17,0,340,330.7647058823529,178,547,1974.0
1637174172,1,GET,/auth/login/,0.000000,0.000000,0,0,0,0,0,0,0,0,0,0,0,1,0,597,597.0,597,597,2961.0
1637174172,1,POST,/auth/login/,0.000000,0.000000,0,0,0,0,0,0,0,0,0,0,0,1,0,1460,1460.0,1460,1460,2032.0
1637174172,1,POST,/auth/modify-friend/,0.400000,0.000000,390,390,520,520,520,520,520,520,520,520,520,8,0,320,355.375,171,516,1713.0
1637174172,1,GET,/public/,0.400000,0.000000,480,520,520,550,550,550,550,550,550,550,550,9,0,450,457.8888888888889,312,587,10178.888888888889
1637174172,1,,Aggregated,2.400000,0.000000,380,450,480,520,550,550,1200,1200,1200,1200,1200,55,0,400,464.72727272727275,171,1460,3746.5636363636363
1637174173,1,GET,/,0.600000,0.000000,460,460,500,500,500,500,500,500,500,500,500,17,0,500,477.1764705882353,263,759,3451.235294117647
1637174173,1,POST,/,0.100000,0.000000,1200,1200,1200,1200,1200,1200,1200,1200,1200,1200,1200,3,0,1100,1100.6666666666667,1049,1151,2964.6666666666665
1637174173,1,GET,/auth/find-friends/,0.900000,0.000000,310,340,370,370,550,550,550,550,550,550,550,18,0,310,329.5,178,547,1974.0
1637174173,1,GET,/auth/login/,0.000000,0.000000,0,0,0,0,0,0,0,0,0,0,0,1,0,597,597.0,597,597,2961.0
1637174173,1,POST,/auth/login/,0.000000,0.000000,0,0,0,0,0,0,0,0,0,0,0,1,0,1460,1460.0,1460,1460,2032.0
1637174173,1,POST,/auth/modify-friend/,0.400000,0.000000,390,400,400,520,520,520,520,520,520,520,520,9,0,390,360.0,171,516,1713.0
1637174173,1,GET,/public/,0.400000,0.000000,520,520,550,550,550,550,550,550,550,550,550,9,0,450,457.8888888888889,312,587,10178.888888888889
1637174173,1,,Aggregated,2.400000,0.000000,390,460,500,520,550,550,1200,1200,1200,1200,1200,58,0,400,461.4310344827586,171,1460,3708.9137931034484
1637174174,1,GET,/,0.600000,0.000000,460,460,500,500,500,500,500,500,500,500,500,17,0,500,477.1764705882353,263,759,3451.235294117647
1637174174,1,POST,/,0.100000,0.000000,1200,1200,1200,1200,1200,1200,1200,1200,1200,1200,1200,4,0,1000,1061.5,944,1151,3693.25
1637174174,1,GET,/auth/find-friends/,0.800000,0.000000,310,340,370,370,550,550,550,550,550,550,550,18,0,310,329.5,178,547,1974.0
1637174174,1,GET,/auth/login/,0.000000,0.000000,0,0,0,0,0,0,0,0,0,0,0,1,0,597,597.0,597,597,2961.0
1637174174,1,POST,/auth/login/,0.000000,0.000000,0,0,0,0,0,0,0,0,0,0,0,1,0,1460,1460.0,1460,1460,2032.0
1637174174,1,POST,/auth/modify-friend/,0.500000,0.000000,400,400,520,520,520,520,520,520,520,520,520,9,0,390,360.0,171,516,1713.0
1637174174,1,GET,/public/,0.400000,0.000000,520,520,550,550,550,550,550,550,550,550,550,9,0,450,457.8888888888889,312,587,10178.888888888889
1637174174,1,,Aggregated,2.400000,0.000000,390,500,520,550,940,1200,1200,1200,1200,1200,1200,59,0,400,469.6101694915254,171,1460,3745.6949152542375
1637174175,1,GET,/,0.500000,0.000000,460,460,500,500,570,570,570,570,570,570,570,19,0,500,480.7894736842105,263,759,3748.2631578947367
1637174175,1,POST,/,0.100000,0.000000,1200,1200,1200,1200,1200,1200,1200,1200,1200,1200,1200,4,0,1000,1061.5,944,1151,3693.25
1637174175,1,GET,/auth/find-friends/,0.900000,0.000000,310,340,370,370,550,550,550,550,550,550,550,18,0,310,329.5,178,547,1974.0
1637174175,1,GET,/auth/login/,0.000000,0.000000,0,0,0,0,0,0,0,0,0,0,0,1,0,597,597.0,597,597,2961.0
1637174175,1,POST,/auth/login/,0.000000,0.000000,0,0,0,0,0,0,0,0,0,0,0,1,0,1460,1460.0,1460,1460,2032.0
1637174175,1,POST,/auth/modify-friend/,0.400000,0.000000,400,400,520,520,520,520,520,520,520,520,520,9,0,390,360.0,171,516,1713.0
1637174175,1,GET,/public/,0.500000,0.000000,520,520,550,550,550,550,550,550,550,550,550,9,0,450,457.8888888888889,312,587,10178.888888888889
1637174175,1,,Aggregated,2.400000,0.000000,400,500,520,550,570,940,1200,1200,1200,1200,1200,61,0,400,470.9836065573771,171,1460,3828.55737704918
1637174176,1,GET,/,0.400000,0.000000,460,500,500,570,570,570,570,570,570,570,570,19,0,500,480.7894736842105,263,759,3748.2631578947367
1637174176,1,POST,/,0.100000,0.000000,1200,1200,1200,1200,1200,1200,1200,1200,1200,1200,1200,4,0,1000,1061.5,944,1151,3693.25
1637174176,1,GET,/auth/find-friends/,1.000000,0.000000,340,340,370,370,550,550,550,550,550,550,550,18,0,310,329.5,178,547,1974.0
1637174176,1,GET,/auth/login/,0.000000,0.000000,0,0,0,0,0,0,0,0,0,0,0,1,0,597,597.0,597,597,2961.0
1637174176,1,POST,/auth/login/,0.000000,0.000000,0,0,0,0,0,0,0,0,0,0,0,1,0,1460,1460.0,1460,1460,2032.0
1637174176,1,GET,/auth/logout/,0.000000,0.000000,0,0,0,0,0,0,0,0,0,0,0,1,0,195,195.0,195,195,1712.0
1637174176,1,POST,/auth/modify-friend/,0.500000,0.000000,400,400,520,520,520,520,520,520,520,520,520,9,0,390,360.0,171,516,1713.0
1637174176,1,GET,/public/,0.500000,0.000000,520,520,550,550,550,550,550,550,550,550,550,9,0,450,457.8888888888889,312,587,10178.888888888889
1637174176,1,,Aggregated,2.500000,0.000000,400,520,550,550,940,1200,1200,1200,1200,1200,1200,62,0,400,466.53225806451616,171,1460,3794.4193548387098
1637174177,1,GET,/,0.400000,0.000000,460,500,500,570,570,570,570,570,570,570,570,19,0,500,480.7894736842105,263,759,3748.2631578947367
1637174177,1,POST,/,0.100000,0.000000,1200,1200,1200,1200,1200,1200,1200,1200,1200,1200,1200,4,0,1000,1061.5,944,1151,3693.25
1637174177,1,GET,/auth/find-friends/,1.000000,0.000000,340,340,370,370,550,550,550,550,550,550,550,18,0,310,329.5,178,547,1974.0
1637174177,1,GET,/auth/login/,0.000000,0.000000,0,0,0,0,0,0,0,0,0,0,0,1,0,597,597.0,597,597,2961.0
1637174177,1,POST,/auth/login/,0.000000,0.000000,0,0,0,0,0,0,0,0,0,0,0,1,0,1460,1460.0,1460,1460,2032.0
1637174177,1,GET,/auth/logout/,0.000000,0.000000,200,200,200,200,200,200,200,200,200,200,200,1,0,195,195.0,195,195,1712.0
1637174177,1,POST,/auth/modify-friend/,0.500000,0.000000,400,400,520,520,520,520,520,520,520,520,520,9,0,390,360.0,171,516,1713.0
1637174177,1,GET,/public/,0.500000,0.000000,520,520,550,550,550,550,550,550,550,550,550,9,0,450,457.8888888888889,312,587,10178.888888888889
1637174177,1,,Aggregated,2.500000,0.000000,390,460,520,520,570,940,940,940,940,940,940,62,0,400,466.53225806451616,171,1460,3794.4193548387098
1637174178,1,GET,/,0.600000,0.000000,500,570,570,680,680,680,680,680,680,680,680,20,0,500,490.6,263,759,3904.9
1637174178,1,POST,/,0.200000,0.000000,1200,1200,1200,1200,1200,1200,1200,1200,1200,1200,1200,4,0,1000,1061.5,944,1151,3693.25
1637174178,1,GET,/auth/find-friends/,0.700000,0.000000,370,370,550,550,550,550,550,550,550,550,550,18,0,310,329.5,178,547,1974.0
1637174178,1,GET,/auth/login/,0.000000,0.000000,0,0,0,0,0,0,0,0,0,0,0,1,0,597,597.0,597,597,2961.0
1637174178,1,POST,/auth/login/,0.000000,0.000000,980,980,980,980,980,980,980,980,980,980,980,2,0,985,1222.5,985,1460,4456.5
1637174178,1,GET,/auth/logout/,0.000000,0.000000,200,200,200,200,200,200,200,200,200,200,200,1,0,195,195.0,195,195,1712.0
1637174178,1,POST,/auth/modify-friend/,0.400000,0.000000,400,400,520,520,520,520,520,520,520,520,520,9,0,390,360.0,171,516,1713.0
1637174178,1,GET,/public/,0.300000,0.000000,520,520,520,520,520,520,520,520,520,520,520,9,0,450,457.8888888888889,312,587,10178.888888888889
1637174178,1,,Aggregated,2.200000,0.000000,500,520,570,570,940,980,980,980,980,980,980,64,0,400,477.921875,171,1460,3890.875
1637174179,1,GET,/,0.500000,0.000000,500,570,570,680,680,680,680,680,680,680,680,20,0,500,490.6,263,759,3904.9
1637174179,1,POST,/,0.200000,0.000000,1200,1200,1200,1200,1200,1200,1200,1200,1200,1200,1200,4,0,1000,1061.5,944,1151,3693.25
1637174179,1,GET,/auth/find-friends/,0.600000,0.000000,370,370,550,550,550,550,550,550,550,550,550,18,0,310,329.5,178,547,1974.0
1637174179,1,GET,/auth/login/,0.000000,0.000000,0,0,0,0,0,0,0,0,0,0,0,1,0,597,597.0,597,597,2961.0
1637174179,1,POST,/auth/login/,0.000000,0.000000,980,980,980,980,980,980,980,980,980,980,980,2,0,985,1222.5,985,1460,4456.5
1637174179,1,GET,/auth/logout/,0.100000,0.000000,200,200,200,200,200,200,200,200,200,200,200,1,0,195,195.0,195,195,1712.0
1637174179,1,POST,/auth/modify-friend/,0.300000,0.000000,520,520,520,520,520,520,520,520,520,520,520,9,0,390,360.0,171,516,1713.0
1637174179,1,GET,/public/,0.300000,0.000000,520,520,880,880,880,880,880,880,880,880,880,10,0,450,500.3,312,882,10179.3
1637174179,1,,Aggregated,2.000000,0.000000,520,570,680,880,940,980,980,980,980,980,980,65,0,410,484.1384615384615,171,1460,3987.6769230769232
1637174180,1,GET,/,0.500000,0.000000,570,570,680,680,680,680,680,680,680,680,680,20,0,500,490.6,263,759,3904.9
1637174180,1,POST,/,0.200000,0.000000,940,940,940,940,940,940,940,940,940,940,940,4,0,1000,1061.5,944,1151,3693.25
1637174180,1,GET,/auth/find-friends/,0.600000,0.000000,370,370,1100,1100,1100,1100,1100,1100,1100,1100,1100,19,0,340,372.42105263157896,178,1145,1974.0
1637174180,1,GET,/auth/login/,0.000000,0.000000,0,0,0,0,0,0,0,0,0,0,0,1,0,597,597.0,597,597,2961.0
1637174180,1,POST,/auth/login/,0.000000,0.000000,980,980,980,980,980,980,980,980,980,980,980,2,0,985,1222.5,985,1460,4456.5
1637174180,1,GET,/auth/logout/,0.100000,0.000000,200,200,200,200,200,200,200,200,200,200,200,1,0,195,195.0,195,195,1712.0
1637174180,1,POST,/auth/modify-friend/,0.300000,0.000000,520,520,520,520,520,520,520,520,520,520,520,9,0,390,360.0,171,516,1713.0
1637174180,1,GET,/public/,0.300000,0.000000,880,880,880,880,880,880,880,880,880,880,880,10,0,450,500.3,312,882,10179.3
1637174180,1,,Aggregated,2.000000,0.000000,520,680,880,940,980,1100,1100,1100,1100,1100,1100,66,0,410,494.1515151515151,171,1460,3957.1666666666665
1637174181,1,GET,/,0.600000,0.000000,570,570,680,680,680,680,680,680,680,680,680,20,0,500,490.6,263,759,3904.9
1637174181,1,POST,/,0.100000,0.000000,940,940,940,940,940,940,940,940,940,940,940,4,0,1000,1061.5,944,1151,3693.25
1637174181,1,GET,/auth/find-friends/,0.600000,0.000000,910,910,1100,1100,1100,1100,1100,1100,1100,1100,1100,20,0,340,399.15,178,1145,1974.0
1637174181,1,GET,/auth/login/,0.000000,0.000000,0,0,0,0,0,0,0,0,0,0,0,1,0,597,597.0,597,597,2961.0
1637174181,1,POST,/auth/login/,0.100000,0.000000,980,980,980,980,980,980,980,980,980,980,980,2,0,985,1222.5,985,1460,4456.5
1637174181,1,GET,/auth/logout/,0.100000,0.000000,200,200,200,200,200,200,200,200,200,200,200,1,0,195,195.0,195,195,1712.0
1637174181,1,POST,/auth/modify-friend/,0.300000,0.000000,400,400,400,400,400,400,400,400,400,400,400,9,0,390,360.0,171,516,1713.0
1637174181,1,GET,/public/,0.200000,0.000000,880,880,880,880,880,880,880,880,880,880,880,10,0,450,500.3,312,882,10179.3
1637174181,1,,Aggregated,2.000000,0.000000,680,880,940,940,980,1100,1100,1100,1100,1100,1100,67,0,420,500.3134328358209,171,1460,3927.5671641791046
1637174182,1,GET,/,0.500000,0.000000,570,570,680,680,680,680,680,680,680,680,680,20,0,500,490.6,263,759,3904.9
1637174182,1,POST,/,0.100000,0.000000,940,940,940,940,940,940,940,940,940,940,940,4,0,1000,1061.5,944,1151,3693.25
1637174182,1,GET,/auth/find-friends/,0.400000,0.000000,910,910,1100,1100,1100,1100,1100,1100,1100,1100,1100,20,0,340,399.15,178,1145,1974.0
1637174182,1,GET,/auth/login/,0.000000,0.000000,0,0,0,0,0,0,0,0,0,0,0,1,0,597,597.0,597,597,2961.0
1637174182,1,POST,/auth/login/,0.100000,0.000000,980,980,980,980,980,980,980,980,980,980,980,2,0,985,1222.5,985,1460,4456.5
1637174182,1,GET,/auth/logout/,0.100000,0.000000,200,200,200,200,200,200,200,200,200,200,200,1,0,195,195.0,195,195,1712.0
1637174182,1,POST,/auth/modify-friend/,0.200000,0.000000,700,700,700,700,700,700,700,700,700,700,700,10,0,390,393.7,171,697,1713.0
1637174182,1,GET,/public/,0.300000,0.000000,880,880,880,880,880,880,880,880,880,880,880,10,0,450,500.3,312,882,10179.3
1637174182,1,,Aggregated,1.700000,0.000000,880,910,940,980,1100,1100,1100,1100,1100,1100,1100,68,0,420,503.20588235294116,171,1460,3895.0
1637174183,1,GET,/,0.400000,0.000000,570,570,680,680,680,680,680,680,680,680,680,20,0,500,490.6,263,759,3904.9
1637174183,1,POST,/,0.100000,0.000000,940,940,940,940,940,940,940,940,940,940,940,4,0,1000,1061.5,944,1151,3693.25
1637174183,1,GET,/auth/find-friends/,0.400000,0.000000,310,910,910,1100,1100,1100,1100,1100,1100,1100,1100,22,0,310,387.6363636363636,178,1145,1974.0
1637174183,1,GET,/auth/login/,0.000000,0.000000,0,0,0,0,0,0,0,0,0,0,0,1,0,597,597.0,597,597,2961.0
1637174183,1,POST,/auth/login/,0.100000,0.000000,980,980,980,980,980,980,980,980,980,980,980,2,0,985,1222.5,985,1460,4456.5
1637174183,1,GET,/auth/logout/,0.100000,0.000000,200,200,200,200,200,200,200,200,200,200,200,1,0,195,195.0,195,195,1712.0
1637174183,1,POST,/auth/modify-friend/,0.200000,0.000000,700,700,700,700,700,700,700,700,700,700,700,10,0,390,393.7,171,697,1713.0
1637174183,1,GET,/public/,0.200000,0.000000,800,800,880,880,880,880,880,880,880,880,880,11,0,480,527.5454545454545,312,882,10185.90909090909
1637174183,1,,Aggregated,1.500000,0.000000,700,800,910,910,980,1100,1100,1100,1100,1100,1100,71,0,420,500.88732394366195,171,1460,3930.4225352112676
1637174184,1,GET,/,0.400000,0.000000,570,570,680,680,680,680,680,680,680,680,680,20,0,500,490.6,263,759,3904.9
1637174184,1,POST,/,0.100000,0.000000,940,940,940,940,940,940,940,940,940,940,940,4,0,1000,1061.5,944,1151,3693.25
1637174184,1,GET,/auth/find-friends/,0.400000,0.000000,300,310,910,910,1100,1100,1100,1100,1100,1100,1100,24,0,300,368.1666666666667,132,1145,1974.0
1637174184,1,GET,/auth/login/,0.000000,0.000000,0,0,0,0,0,0,0,0,0,0,0,1,0,597,597.0,597,597,2961.0
1637174184,1,POST,/auth/login/,0.100000,0.000000,980,980,980,980,980,980,980,980,980,980,980,2,0,985,1222.5,985,1460,4456.5
1637174184,1,GET,/auth/logout/,0.100000,0.000000,200,200,200,200,200,200,200,200,200,200,200,1,0,195,195.0,195,195,1712.0
1637174184,1,POST,/auth/modify-friend/,0.100000,0.000000,400,400,700,700,700,700,700,700,700,700,700,11,0,400,394.09090909090907,171,697,1713.0
1637174184,1,GET,/public/,0.200000,0.000000,800,800,880,880,880,880,880,880,880,880,880,12,0,450,512.1666666666666,312,882,10187.916666666666
1637174184,1,,Aggregated,1.400000,0.000000,680,800,880,910,980,1100,1100,1100,1100,1100,1100,75,0,400,488.16,132,1460,3932.4133333333334
1637174185,1,GET,/,0.400000,0.000000,680,680,680,680,680,680,680,680,680,680,680,20,0,500,490.6,263,759,3904.9
1637174185,1,POST,/,0.100000,0.000000,940,940,940,940,940,940,940,940,940,940,940,4,0,1000,1061.5,944,1151,3693.25
1637174185,1,GET,/auth/find-friends/,0.300000,0.000000,300,300,910,910,1100,1100,1100,1100,1100,1100,1100,26,0,300,359.7307692307692,132,1145,1974.0
1637174185,1,GET,/auth/login/,0.000000,0.000000,0,0,0,0,0,0,0,0,0,0,0,1,0,597,597.0,597,597,2961.0
1637174185,1,POST,/auth/login/,0.100000,0.000000,980,980,980,980,980,980,980,980,980,980,980,2,0,985,1222.5,985,1460,4456.5
1637174185,1,GET,/auth/logout/,0.100000,0.000000,200,200,200,200,200,200,200,200,200,200,200,1,0,195,195.0,195,195,1712.0
1637174185,1,POST,/auth/modify-friend/,0.200000,0.000000,400,400,700,700,700,700,700,700,700,700,700,12,0,390,386.9166666666667,171,697,1713.0
1637174185,1,GET,/public/,0.100000,0.000000,800,800,880,880,880,880,880,880,880,880,880,13,0,450,490.0769230769231,225,882,10182.23076923077
1637174185,1,,Aggregated,1.300000,0.000000,340,680,800,880,980,1100,1100,1100,1100,1100,1100,79,0,400,476.73417721518985,132,1460,3932.987341772152
1637174186,1,GET,/,0.300000,0.000000,680,680,680,680,680,680,680,680,680,680,680,21,0,500,496.8095238095238,263,759,4209.047619047619
1637174186,1,POST,/,0.100000,0.000000,940,940,940,940,940,940,940,940,940,940,940,4,0,1000,1061.5,944,1151,3693.25
1637174186,1,GET,/auth/find-friends/,0.400000,0.000000,300,300,910,910,1100,1100,1100,1100,1100,1100,1100,26,0,300,359.7307692307692,132,1145,1974.0
1637174186,1,GET,/auth/login/,0.000000,0.000000,0,0,0,0,0,0,0,0,0,0,0,1,0,597,597.0,597,597,2961.0
1637174186,1,POST,/auth/login/,0.100000,0.000000,980,980,980,980,980,980,980,980,980,980,980,2,0,985,1222.5,985,1460,4456.5
1637174186,1,GET,/auth/logout/,0.100000,0.000000,200,200,200,200,200,200,200,200,200,200,200,1,0,195,195.0,195,195,1712.0
1637174186,1,POST,/auth/modify-friend/,0.100000,0.000000,440,440,700,700,700,700,700,700,700,700,700,13,0,400,391.2307692307692,171,697,1713.0
1637174186,1,GET,/public/,0.200000,0.000000,800,800,880,880,880,880,880,880,880,880,880,13,0,450,490.0769230769231,225,882,10182.23076923077
1637174186,1,,Aggregated,1.300000,0.000000,400,680,800,880,980,1100,1100,1100,1100,1100,1100,81,0,400,478.0987654320988,132,1460,3984.0864197530864
1637174187,1,GET,/,0.100000,0.000000,680,680,680,680,680,680,680,680,680,680,680,21,0,500,496.8095238095238,263,759,4209.047619047619
1637174187,1,POST,/,0.000000,0.000000,940,940,940,940,940,940,940,940,940,940,940,4,0,1000,1061.5,944,1151,3693.25
1637174187,1,GET,/auth/find-friends/,0.800000,0.000000,300,310,320,910,1100,1100,1100,1100,1100,1100,1100,28,0,300,356.5357142857143,132,1145,1974.0
1637174187,1,GET,/auth/login/,0.000000,0.000000,0,0,0,0,0,0,0,0,0,0,0,1,0,597,597.0,597,597,2961.0
1637174187,1,POST,/auth/login/,0.100000,0.000000,980,980,980,980,980,980,980,980,980,980,980,2,0,985,1222.5,985,1460,4456.5
1637174187,1,GET,/auth/logout/,0.100000,0.000000,200,200,200,200,200,200,200,200,200,200,200,1,0,195,195.0,195,195,1712.0
1637174187,1,POST,/auth/modify-friend/,0.300000,0.000000,440,440,700,700,700,700,700,700,700,700,700,13,0,400,391.2307692307692,171,697,1713.0
1637174187,1,GET,/public/,0.400000,0.000000,450,800,800,880,880,880,880,880,880,880,880,14,0,450,487.07142857142856,225,882,10189.214285714286
1637174187,1,,Aggregated,1.800000,0.000000,340,450,700,800,910,1100,1100,1100,1100,1100,1100,84,0,400,473.85714285714283,132,1460,4011.1785714285716
1637174188,1,GET,/,0.100000,0.000000,680,680,680,680,680,680,680,680,680,680,680,21,0,500,496.8095238095238,263,759,4209.047619047619
1637174188,1,POST,/,0.000000,0.000000,940,940,940,940,940,940,940,940,940,940,940,4,0,1000,1061.5,944,1151,3693.25
1637174188,1,GET,/auth/find-friends/,0.800000,0.000000,300,310,320,910,1100,1100,1100,1100,1100,1100,1100,28,0,300,356.5357142857143,132,1145,1974.0
1637174188,1,GET,/auth/login/,0.000000,0.000000,0,0,0,0,0,0,0,0,0,0,0,1,0,597,597.0,597,597,2961.0
1637174188,1,POST,/auth/login/,0.100000,0.000000,980,980,980,980,980,980,980,980,980,980,980,2,0,985,1222.5,985,1460,4456.5
1637174188,1,GET,/auth/logout/,0.100000,0.000000,200,200,200,200,200,200,200,200,200,200,200,1,0,195,195.0,195,195,1712.0
1637174188,1,POST,/auth/modify-friend/,0.300000,0.000000,440,530,530,700,700,700,700,700,700,700,700,14,0,400,401.2142857142857,171,697,1713.0
1637174188,1,GET,/public/,0.400000,0.000000,450,450,800,800,880,880,880,880,880,880,880,15,0,450,480.0,225,882,10194.866666666667
1637174188,1,,Aggregated,1.800000,0.000000,340,440,530,620,800,910,1100,1100,1100,1100,1100,86,0,400,473.4418604651163,132,1460,4057.279069767442
1637174189,1,GET,/,0.200000,0.000000,680,680,680,680,680,680,680,680,680,680,680,21,0,500,496.8095238095238,263,759,4209.047619047619
1637174189,1,POST,/,0.000000,0.000000,940,940,940,940,940,940,940,940,940,940,940,4,0,1000,1061.5,944,1151,3693.25
1637174189,1,GET,/auth/find-friends/,0.900000,0.000000,300,310,320,320,420,910,910,910,910,910,910,30,0,300,356.76666666666665,132,1145,1974.0
1637174189,1,GET,/auth/login/,0.000000,0.000000,0,0,0,0,0,0,0,0,0,0,0,1,0,597,597.0,597,597,2961.0
1637174189,1,POST,/auth/login/,0.100000,0.000000,980,980,980,980,980,980,980,980,980,980,980,2,0,985,1222.5,985,1460,4456.5
1637174189,1,GET,/auth/logout/,0.000000,0.000000,200,200,200,200,200,200,200,200,200,200,200,1,0,195,195.0,195,195,1712.0
1637174189,1,POST,/auth/modify-friend/,0.400000,0.000000,440,440,530,530,700,700,700,700,700,700,700,15,0,400,397.53333333333336,171,697,1713.0
1637174189,1,GET,/public/,0.500000,0.000000,450,450,800,800,880,880,880,880,880,880,880,15,0,450,480.0,225,882,10194.866666666667
1637174189,1,,Aggregated,2.100000,0.000000,340,420,450,530,700,800,910,910,910,910,910,89,0,400,469.46067415730334,132,1460,3984.123595505618
1637174190,1,GET,/,0.200000,0.000000,680,680,680,680,680,680,680,680,680,680,680,21,0,500,496.8095238095238,263,759,4209.047619047619
1637174190,1,POST,/,0.000000,0.000000,940,940,940,940,940,940,940,940,940,940,940,4,0,1000,1061.5,944,1151,3693.25
1637174190,1,GET,/auth/find-friends/,0.900000,0.000000,300,310,390,390,420,910,910,910,910,910,910,31,0,310,357.93548387096774,132,1145,1974.0
1637174190,1,GET,/auth/login/,0.000000,0.000000,0,0,0,0,0,0,0,0,0,0,0,1,0,597,597.0,597,597,2961.0
1637174190,1,POST,/auth/login/,0.100000,0.000000,980,980,980,980,980,980,980,980,980,980,980,2,0,985,1222.5,985,1460,4456.5
1637174190,1,GET,/auth/logout/,0.000000,0.000000,200,200,200,200,200,200,200,200,200,200,200,1,0,195,195.0,195,195,1712.0
1637174190,1,POST,/auth/modify-friend/,0.400000,0.000000,440,440,530,530,700,700,700,700,700,700,700,15,0,400,397.53333333333336,171,697,1713.0
1637174190,1,GET,/public/,0.500000,0.000000,450,450,470,470,800,800,800,800,800,800,800,16,0,450,479.25,225,882,10196.4375
1637174190,1,,Aggregated,2.100000,0.000000,350,400,450,470,620,700,800,800,800,800,800,91,0,400,468.6043956043956,132,1460,4030.5604395604396
1637174191,1,GET,/,0.100000,0.000000,620,620,620,620,620,620,620,620,620,620,620,22,0,500,488.3636363636364,263,759,4498.863636363636
1637174191,1,POST,/,0.000000,0.000000,0,0,0,0,0,0,0,0,0,0,0,4,0,1000,1061.5,944,1151,3693.25
1637174191,1,GET,/auth/find-friends/,1.000000,0.000000,300,310,320,320,390,420,420,420,420,420,420,32,0,310,356.625,132,1145,1974.0
1637174191,1,GET,/auth/login/,0.000000,0.000000,0,0,0,0,0,0,0,0,0,0,0,1,0,597,597.0,597,597,2961.0
1637174191,1,POST,/auth/login/,0.000000,0.000000,980,980,980,980,980,980,980,980,980,980,980,2,0,985,1222.5,985,1460,4456.5
1637174191,1,GET,/auth/logout/,0.000000,0.000000,200,200,200,200,200,200,200,200,200,200,200,1,0,195,195.0,195,195,1712.0
1637174191,1,POST,/auth/modify-friend/,0.500000,0.000000,400,440,530,530,700,700,700,700,700,700,700,16,0,390,395.0625,171,697,1713.0
1637174191,1,GET,/public/,0.600000,0.000000,450,450,470,470,800,800,800,800,800,800,800,16,0,450,479.25,225,882,10196.4375
1637174191,1,,Aggregated,2.200000,0.000000,340,390,420,440,530,620,800,800,800,800,800,94,0,400,464.1276595744681,132,1460,4053.755319148936
1637174192,1,GET,/,0.100000,0.000000,620,620,620,620,620,620,620,620,620,620,620,22,0,500,488.3636363636364,263,759,4498.863636363636
1637174192,1,POST,/,0.000000,0.000000,0,0,0,0,0,0,0,0,0,0,0,4,0,1000,1061.5,944,1151,3693.25
1637174192,1,GET,/auth/find-friends/,1.200000,0.000000,310,320,320,390,420,420,420,420,420,420,420,32,0,310,356.625,132,1145,1974.0
1637174192,1,GET,/auth/login/,0.000000,0.000000,0,0,0,0,0,0,0,0,0,0,0,1,0,597,597.0,597,597,2961.0
1637174192,1,POST,/auth/login/,0.000000,0.000000,980,980,980,980,980,980,980,980,980,980,980,2,0,985,1222.5,985,1460,4456.5
1637174192,1,GET,/auth/logout/,0.000000,0.000000,280,280,280,280,280,280,280,280,280,280,280,2,0,200,240.0,195,285,1712.0
1637174192,1,POST,/auth/modify-friend/,0.500000,0.000000,400,400,440,440,530,530,530,530,530,530,530,16,0,390,395.0625,171,697,1713.0
1637174192,1,GET,/public/,0.500000,0.000000,380,450,450,470,470,470,470,470,470,470,470,16,0,450,479.25,225,882,10196.4375
1637174192,1,,Aggregated,2.300000,0.000000,340,380,420,440,470,530,620,620,620,620,620,95,0,400,462.2421052631579,132,1460,4029.1052631578946
1637174193,1,GET,/,0.100000,0.000000,620,620,620,620,620,620,620,620,620,620,620,22,0,500,488.3636363636364,263,759,4498.863636363636
1637174193,1,POST,/,0.000000,0.000000,0,0,0,0,0,0,0,0,0,0,0,4,0,1000,1061.5,944,1151,3693.25
1637174193,1,GET,/auth/find-friends/,1.200000,0.000000,320,320,390,390,420,420,420,420,420,420,420,32,0,310,356.625,132,1145,1974.0
1637174193,1,GET,/auth/login/,0.000000,0.000000,0,0,0,0,0,0,0,0,0,0,0,1,0,597,597.0,597,597,2961.0
1637174193,1,POST,/auth/login/,0.000000,0.000000,980,980,980,980,980,980,980,980,980,980,980,2,0,985,1222.5,985,1460,4456.5
1637174193,1,GET,/auth/logout/,0.000000,0.000000,280,280,280,280,280,280,280,280,280,280,280,2,0,200,240.0,195,285,1712.0
1637174193,1,POST,/auth/modify-friend/,0.500000,0.000000,360,440,440,530,530,530,530,530,530,530,530,16,0,390,395.0625,171,697,1713.0
1637174193,1,GET,/public/,0.500000,0.000000,450,450,470,470,470,470,470,470,470,470,470,16,0,450,479.25,225,882,10196.4375
1637174193,1,,Aggregated,2.300000,0.000000,350,390,440,450,530,620,620,620,620,620,620,95,0,400,462.2421052631579,132,1460,4029.1052631578946
1637174194,1,GET,/,0.200000,0.000000,620,620,620,620,620,620,620,620,620,620,620,22,0,500,488.3636363636364,263,759,4498.863636363636
1637174194,1,POST,/,0.000000,0.000000,0,0,0,0,0,0,0,0,0,0,0,4,0,1000,1061.5,944,1151,3693.25
1637174194,1,GET,/auth/find-friends/,1.200000,0.000000,310,320,320,390,420,420,420,420,420,420,420,33,0,310,354.030303030303,132,1145,1974.0
1637174194,1,GET,/auth/login/,0.000000,0.000000,0,0,0,0,0,0,0,0,0,0,0,1,0,597,597.0,597,597,2961.0
1637174194,1,POST,/auth/login/,0.000000,0.000000,980,980,980,980,980,980,980,980,980,980,980,3,0,980,1120.6666666666667,917,1460,6473.666666666667
1637174194,1,GET,/auth/logout/,0.000000,0.000000,280,280,280,280,280,280,280,280,280,280,280,2,0,200,240.0,195,285,1712.0
1637174194,1,POST,/auth/modify-friend/,0.700000,0.000000,440,440,530,530,530,530,530,530,530,530,530,16,0,390,395.0625,171,697,1713.0
1637174194,1,GET,/public/,0.600000,0.000000,380,450,450,470,470,470,470,470,470,470,470,17,0,450,472.70588235294116,225,882,10203.529411764706
1637174194,1,,Aggregated,2.700000,0.000000,370,420,450,470,620,920,920,920,920,920,920,98,0,400,463.96938775510205,132,1460,4138.408163265306
1637174195,1,GET,/,0.200000,0.000000,620,620,620,620,620,620,620,620,620,620,620,22,0,500,488.3636363636364,263,759,4498.863636363636
1637174195,1,POST,/,0.000000,0.000000,0,0,0,0,0,0,0,0,0,0,0,4,0,1000,1061.5,944,1151,3693.25
1637174195,1,GET,/auth/find-friends/,1.200000,0.000000,320,390,420,420,440,440,440,440,440,440,440,34,0,310,356.52941176470586,132,1145,1974.0
1637174195,1,GET,/auth/login/,0.000000,0.000000,0,0,0,0,0,0,0,0,0,0,0,1,0,597,597.0,597,597,2961.0
1637174195,1,POST,/auth/login/,0.000000,0.000000,920,920,920,920,920,920,920,920,920,920,920,3,0,980,1120.6666666666667,917,1460,6473.666666666667
1637174195,1,GET,/auth/logout/,0.100000,0.000000,280,280,280,280,280,280,280,280,280,280,280,2,0,200,240.0,195,285,1712.0
1637174195,1,POST,/auth/modify-friend/,0.600000,0.000000,440,470,470,530,530,530,530,530,530,530,530,17,0,400,399.6470588235294,171,697,1713.0
1637174195,1,GET,/public/,0.600000,0.000000,450,450,470,470,470,470,470,470,470,470,470,17,0,450,472.70588235294116,225,882,10203.529411764706
1637174195,1,,Aggregated,2.700000,0.000000,370,420,450,470,530,920,920,920,920,920,920,100,0,400,463.81,132,1460,4092.51
1637174196,1,GET,/,0.200000,0.000000,620,620,620,620,620,620,620,620,620,620,620,22,0,500,488.3636363636364,263,759,4498.863636363636
1637174196,1,POST,/,0.000000,0.000000,0,0,0,0,0,0,0,0,0,0,0,4,0,1000,1061.5,944,1151,3693.25
1637174196,1,GET,/auth/find-friends/,1.000000,0.000000,320,390,410,420,440,440,440,440,440,440,440,36,0,310,355.0,132,1145,1974.0
1637174196,1,GET,/auth/login/,0.000000,0.000000,0,0,0,0,0,0,0,0,0,0,0,1,0,597,597.0,597,597,2961.0
1637174196,1,POST,/auth/login/,0.000000,0.000000,920,920,920,920,920,920,920,920,920,920,920,3,0,980,1120.6666666666667,917,1460,6473.666666666667
1637174196,1,GET,/auth/logout/,0.100000,0.000000,280,280,280,280,280,280,280,280,280,280,280,2,0,200,240.0,195,285,1712.0
1637174196,1,POST,/auth/modify-friend/,0.600000,0.000000,360,470,470,530,530,530,530,530,530,530,530,18,0,390,385.3333333333333,142,697,1713.0
1637174196,1,GET,/public/,0.500000,0.000000,460,460,470,470,470,470,470,470,470,470,470,18,0,450,471.77777777777777,225,882,10194.111111111111
1637174196,1,,Aggregated,2.400000,0.000000,370,410,440,460,470,530,920,920,920,920,920,104,0,400,458.0480769230769,132,1460,4086.019230769231
1637174197,1,GET,/,0.200000,0.000000,310,310,320,320,320,320,320,320,320,320,320,25,0,460,461.36,187,759,5217.84
1637174197,1,POST,/,0.000000,0.000000,0,0,0,0,0,0,0,0,0,0,0,4,0,1000,1061.5,944,1151,3693.25
1637174197,1,GET,/auth/find-friends/,0.900000,0.000000,390,410,420,420,440,440,440,440,440,440,440,36,0,310,355.0,132,1145,1974.0
1637174197,1,GET,/auth/login/,0.000000,0.000000,0,0,0,0,0,0,0,0,0,0,0,1,0,597,597.0,597,597,2961.0
1637174197,1,POST,/auth/login/,0.100000,0.000000,920,920,920,920,920,920,920,920,920,920,920,3,0,980,1120.6666666666667,917,1460,6473.666666666667
1637174197,1,GET,/auth/logout/,0.100000,0.000000,280,280,280,280,280,280,280,280,280,280,280,2,0,200,240.0,195,285,1712.0
1637174197,1,POST,/auth/modify-friend/,0.500000,0.000000,360,470,470,530,530,530,530,530,530,530,530,18,0,390,385.3333333333333,142,697,1713.0
1637174197,1,GET,/public/,0.500000,0.000000,460,460,470,470,470,470,470,470,470,470,470,18,0,450,471.77777777777777,225,882,10194.111111111111
1637174197,1,,Aggregated,2.300000,0.000000,350,390,420,440,470,470,920,920,920,920,920,107,0,400,452.58878504672896,132,1460,4265.579439252337
1637174198,1,GET,/,0.100000,0.000000,280,280,310,310,320,320,320,320,320,320,320,28,0,440,440.2142857142857,187,759,5788.25
1637174198,1,POST,/,0.000000,0.000000,500,500,500,500,500,500,500,500,500,500,500,5,0,1000,948.4,496,1151,5068.8
1637174198,1,GET,/auth/find-friends/,1.000000,0.000000,390,390,410,410,440,440,440,440,440,440,440,36,0,310,355.0,132,1145,1974.0
1637174198,1,GET,/auth/login/,0.000000,0.000000,0,0,0,0,0,0,0,0,0,0,0,1,0,597,597.0,597,597,2961.0
1637174198,1,POST,/auth/login/,0.100000,0.000000,920,920,920,920,920,920,920,920,920,920,920,3,0,980,1120.6666666666667,917,1460,6473.666666666667
1637174198,1,GET,/auth/logout/,0.100000,0.000000,280,280,280,280,280,280,280,280,280,280,280,2,0,200,240.0,195,285,1712.0
1637174198,1,POST,/auth/modify-friend/,0.500000,0.000000,360,360,470,470,470,470,470,470,470,470,470,18,0,390,385.3333333333333,142,697,1713.0
1637174198,1,GET,/public/,0.500000,0.000000,460,460,470,470,470,470,470,470,470,470,470,18,0,450,471.77777777777777,225,882,10194.111111111111
1637174198,1,,Aggregated,2.300000,0.000000,320,390,440,460,470,500,920,920,920,920,920,111,0,390,447.8828828828829,132,1460,4492.009009009009
1637174199,1,GET,/,0.400000,0.000000,280,280,310,310,320,320,320,320,320,320,320,29,0,440,433.7241379310345,187,759,5951.3448275862065
1637174199,1,POST,/,0.000000,0.000000,500,500,500,500,500,500,500,500,500,500,500,5,0,1000,948.4,496,1151,5068.8
1637174199,1,GET,/auth/find-friends/,0.900000,0.000000,270,320,410,410,440,440,440,440,440,440,440,38,0,300,343.89473684210526,114,1145,1974.0
1637174199,1,GET,/auth/login/,0.000000,0.000000,0,0,0,0,0,0,0,0,0,0,0,1,0,597,597.0,597,597,2961.0
1637174199,1,POST,/auth/login/,0.100000,0.000000,920,920,920,920,920,920,920,920,920,920,920,3,0,980,1120.6666666666667,917,1460,6473.666666666667
1637174199,1,GET,/auth/logout/,0.100000,0.000000,280,280,280,280,280,280,280,280,280,280,280,2,0,200,240.0,195,285,1712.0
1637174199,1,POST,/auth/modify-friend/,0.500000,0.000000,360,360,470,470,470,470,470,470,470,470,470,19,0,390,377.4736842105263,142,697,1713.0
1637174199,1,GET,/public/,0.400000,0.000000,460,460,470,470,470,470,470,470,470,470,470,19,0,450,456.57894736842104,183,882,10196.947368421053
1637174199,1,,Aggregated,2.400000,0.000000,280,320,370,440,470,500,920,920,920,920,920,116,0,380,436.8448275862069,114,1460,4526.206896551724
1637174200,1,GET,/,0.400000,0.000000,280,280,310,310,320,320,320,320,320,320,320,29,0,440,433.7241379310345,187,759,5951.3448275862065
1637174200,1,POST,/,0.000000,0.000000,500,500,500,500,500,500,500,500,500,500,500,5,0,1000,948.4,496,1151,5068.8
1637174200,1,GET,/auth/find-friends/,0.900000,0.000000,270,320,410,410,440,440,440,440,440,440,440,38,0,300,343.89473684210526,114,1145,1974.0
1637174200,1,GET,/auth/login/,0.000000,0.000000,0,0,0,0,0,0,0,0,0,0,0,1,0,597,597.0,597,597,2961.0
1637174200,1,POST,/auth/login/,0.100000,0.000000,920,920,920,920,920,920,920,920,920,920,920,3,0,980,1120.6666666666667,917,1460,6473.666666666667
1637174200,1,GET,/auth/logout/,0.100000,0.000000,280,280,280,280,280,280,280,280,280,280,280,3,0,200,188.0,84,285,1712.0
1637174200,1,POST,/auth/modify-friend/,0.500000,0.000000,360,360,470,470,470,470,470,470,470,470,470,19,0,390,377.4736842105263,142,697,1713.0
1637174200,1,GET,/public/,0.400000,0.000000,460,460,470,470,470,470,470,470,470,470,470,19,0,450,456.57894736842104,183,882,10196.947368421053
1637174200,1,,Aggregated,2.400000,0.000000,270,320,410,440,470,500,920,920,920,920,920,117,0,380,433.8290598290598,84,1460,4502.153846153846
1637174201,1,GET,/,0.600000,0.000000,280,280,310,310,320,320,320,320,320,320,320,29,0,440,433.7241379310345,187,759,5951.3448275862065
1637174201,1,POST,/,0.100000,0.000000,500,500,500,500,500,500,500,500,500,500,500,5,0,1000,948.4,496,1151,5068.8
1637174201,1,GET,/auth/find-friends/,0.800000,0.000000,270,270,410,410,440,440,440,440,440,440,440,38,0,300,343.89473684210526,114,1145,1974.0
1637174201,1,GET,/auth/login/,0.000000,0.000000,0,0,0,0,0,0,0,0,0,0,0,1,0,597,597.0,597,597,2961.0
1637174201,1,POST,/auth/login/,0.100000,0.000000,920,920,920,920,920,920,920,920,920,920,920,4,0,920,1044.0,814,1460,7475.75
1637174201,1,GET,/auth/logout/,0.100000,0.000000,280,280,280,280,280,280,280,280,280,280,280,3,0,200,188.0,84,285,1712.0
1637174201,1,POST,/auth/modify-friend/,0.400000,0.000000,360,360,470,470,470,470,470,470,470,470,470,19,0,390,377.4736842105263,142,697,1713.0
1637174201,1,GET,/public/,0.300000,0.000000,370,370,460,460,460,460,460,460,460,460,460,19,0,450,456.57894736842104,183,882,10196.947368421053
1637174201,1,,Aggregated,2.400000,0.000000,280,320,440,460,500,810,920,920,920,920,920,118,0,380,437.0508474576271,84,1460,4552.830508474576
1637174202,1,GET,/,0.800000,0.000000,260,280,280,310,320,320,320,320,320,320,320,30,0,400,425.26666666666665,180,759,6097.366666666667
1637174202,1,POST,/,0.100000,0.000000,500,500,500,500,500,500,500,500,500,500,500,5,0,1000,948.4,496,1151,5068.8
1637174202,1,GET,/auth/find-friends/,0.800000,0.000000,250,270,410,410,440,440,440,440,440,440,440,40,0,300,334.475,114,1145,1974.0
1637174202,1,GET,/auth/login/,0.000000,0.000000,0,0,0,0,0,0,0,0,0,0,0,1,0,597,597.0,597,597,2961.0
1637174202,1,POST,/auth/login/,0.100000,0.000000,920,920,920,920,920,920,920,920,920,920,920,4,0,920,1044.0,814,1460,7475.75
1637174202,1,GET,/auth/logout/,0.100000,0.000000,280,280,280,280,280,280,280,280,280,280,280,3,0,200,188.0,84,285,1712.0
1637174202,1,POST,/auth/modify-friend/,0.400000,0.000000,240,240,470,470,470,470,470,470,470,470,470,20,0,360,365.7,142,697,1713.0
1637174202,1,GET,/public/,0.400000,0.000000,370,370,460,460,460,460,460,460,460,460,460,20,0,420,449.95,183,882,10192.6
1637174202,1,,Aggregated,2.700000,0.000000,260,320,410,440,500,810,920,920,920,920,920,123,0,370,427.0650406504065,84,1460,4579.975609756098
1637174203,1,GET,/,0.800000,0.000000,260,280,280,280,320,320,320,320,320,320,320,30,0,400,425.26666666666665,180,759,6097.366666666667
1637174203,1,POST,/,0.100000,0.000000,500,500,500,500,500,500,500,500,500,500,500,5,0,1000,948.4,496,1151,5068.8
1637174203,1,GET,/auth/find-friends/,0.700000,0.000000,200,250,410,440,540,540,540,540,540,540,540,42,0,300,335.95238095238096,114,1145,1974.0
1637174203,1,GET,/auth/login/,0.000000,0.000000,0,0,0,0,0,0,0,0,0,0,0,1,0,597,597.0,597,597,2961.0
1637174203,1,POST,/auth/login/,0.100000,0.000000,920,920,920,920,920,920,920,920,920,920,920,4,0,920,1044.0,814,1460,7475.75
1637174203,1,GET,/auth/logout/,0.200000,0.000000,280,280,280,280,280,280,280,280,280,280,280,3,0,200,188.0,84,285,1712.0
1637174203,1,POST,/auth/modify-friend/,0.400000,0.000000,240,240,470,470,470,470,470,470,470,470,470,20,0,360,365.7,142,697,1713.0
1637174203,1,GET,/public/,0.300000,0.000000,320,370,370,460,460,460,460,460,460,460,460,21,0,420,438.9047619047619,183,882,10196.0
1637174203,1,,Aggregated,2.600000,0.000000,250,280,410,440,500,540,810,810,810,810,810,126,0,370,424.42857142857144,84,1460,4583.722222222223
1637174204,1,GET,/,0.700000,0.000000,260,280,280,320,490,490,490,490,490,490,490,31,0,440,427.258064516129,180,759,6236.645161290323
1637174204,1,POST,/,0.100000,0.000000,500,500,500,500,500,500,500,500,500,500,500,5,0,1000,948.4,496,1151,5068.8
1637174204,1,GET,/auth/find-friends/,0.600000,0.000000,200,250,410,410,540,540,540,540,540,540,540,42,0,300,335.95238095238096,114,1145,1974.0
1637174204,1,GET,/auth/login/,0.000000,0.000000,0,0,0,0,0,0,0,0,0,0,0,1,0,597,597.0,597,597,2961.0
1637174204,1,POST,/auth/login/,0.200000,0.000000,920,920,920,920,920,920,920,920,920,920,920,4,0,920,1044.0,814,1460,7475.75
1637174204,1,GET,/auth/logout/,0.200000,0.000000,280,280,280,280,280,280,280,280,280,280,280,3,0,200,188.0,84,285,1712.0
1637174204,1,POST,/auth/modify-friend/,0.300000,0.000000,240,240,370,370,370,370,370,370,370,370,370,21,0,370,365.85714285714283,142,697,1713.0
1637174204,1,GET,/public/,0.300000,0.000000,320,320,460,460,460,460,460,460,460,460,460,21,0,420,438.9047619047619,183,882,10196.0
1637174204,1,,Aggregated,2.400000,0.000000,250,280,370,410,500,540,810,810,810,810,810,128,0,370,424.484375,84,1460,4606.8515625
1637174205,1,GET,/,0.800000,0.000000,280,280,290,320,490,490,490,490,490,490,490,32,0,400,422.90625,180,759,6368.3125
1637174205,1,POST,/,0.100000,0.000000,910,910,910,910,910,910,910,910,910,910,910,6,0,940,942.1666666666666,496,1151,5965.666666666667
1637174205,1,GET,/auth/find-friends/,1.000000,0.000000,200,250,410,410,540,540,540,540,540,540,540,42,0,300,335.95238095238096,114,1145,1974.0
1637174205,1,GET,/auth/login/,0.000000,0.000000,0,0,0,0,0,0,0,0,0,0,0,1,0,597,597.0,597,597,2961.0
1637174205,1,POST,/auth/login/,0.200000,0.000000,920,920,920,920,920,920,920,920,920,920,920,4,0,920,1044.0,814,1460,7475.75
1637174205,1,GET,/auth/logout/,0.100000,0.000000,84,84,84,84,84,84,84,84,84,84,84,3,0,200,188.0,84,285,1712.0
1637174205,1,POST,/auth/modify-friend/,0.400000,0.000000,240,240,370,370,370,370,370,370,370,370,370,21,0,370,365.85714285714283,142,697,1713.0
1637174205,1,GET,/public/,0.500000,0.000000,220,320,320,460,460,460,460,460,460,460,460,22,0,410,427.0,177,882,10200.636363636364
1637174205,1,,Aggregated,3.100000,0.000000,250,280,320,370,540,810,910,910,910,910,910,131,0,370,425.2671755725191,84,1460,4739.503816793893
1637174206,1,GET,/,0.800000,0.000000,260,280,290,290,490,490,490,490,490,490,490,32,0,400,422.90625,180,759,6368.3125
1637174206,1,POST,/,0.100000,0.000000,910,910,910,910,910,910,910,910,910,910,910,6,0,940,942.1666666666666,496,1151,5965.666666666667
1637174206,1,GET,/auth/find-friends/,1.000000,0.000000,180,200,240,240,540,540,540,540,540,540,540,44,0,300,328.6136363636364,114,1145,1974.0
1637174206,1,GET,/auth/login/,0.000000,0.000000,0,0,0,0,0,0,0,0,0,0,0,1,0,597,597.0,597,597,2961.0
1637174206,1,POST,/auth/login/,0.200000,0.000000,810,810,810,810,810,810,810,810,810,810,810,4,0,920,1044.0,814,1460,7475.75
1637174206,1,GET,/auth/logout/,0.100000,0.000000,84,84,84,84,84,84,84,84,84,84,84,3,0,200,188.0,84,285,1712.0
1637174206,1,POST,/auth/modify-friend/,0.400000,0.000000,240,320,320,370,370,370,370,370,370,370,370,22,0,360,363.8636363636364,142,697,1713.0
1637174206,1,GET,/public/,0.500000,0.000000,210,220,220,320,320,320,320,320,320,320,320,23,0,410,417.4347826086956,177,882,10205.608695652174
1637174206,1,,Aggregated,3.100000,0.000000,240,280,320,370,540,810,910,910,910,910,910,135,0,360,419.1703703703704,84,1460,4717.414814814815
1637174207,1,GET,/,0.900000,0.000000,250,290,290,490,490,490,490,490,490,490,490,32,0,400,422.90625,180,759,6368.3125
1637174207,1,POST,/,0.100000,0.000000,910,910,910,910,910,910,910,910,910,910,910,6,0,940,942.1666666666666,496,1151,5965.666666666667
1637174207,1,GET,/auth/find-friends/,0.900000,0.000000,190,190,200,240,540,540,540,540,540,540,540,46,0,300,322.5869565217391,114,1145,1974.0
1637174207,1,GET,/auth/login/,0.000000,0.000000,0,0,0,0,0,0,0,0,0,0,0,1,0,597,597.0,597,597,2961.0
1637174207,1,POST,/auth/login/,0.100000,0.000000,810,810,810,810,810,810,810,810,810,810,810,4,0,920,1044.0,814,1460,7475.75
1637174207,1,GET,/auth/logout/,0.100000,0.000000,84,84,84,84,84,84,84,84,84,84,84,4,0,84,159.0,72,285,1712.0
1637174207,1,POST,/auth/modify-friend/,0.500000,0.000000,240,320,320,370,370,370,370,370,370,370,370,23,0,360,357.0869565217391,142,697,1713.0
1637174207,1,GET,/public/,0.400000,0.000000,210,220,220,320,320,320,320,320,320,320,320,23,0,410,417.4347826086956,177,882,10205.608695652174
1637174207,1,,Aggregated,3.000000,0.000000,210,250,290,320,540,810,910,910,910,910,910,139,0,350,411.8561151079137,72,1460,4634.705035971223
1637174208,1,GET,/,0.900000,0.000000,250,290,290,490,490,490,490,490,490,490,490,32,0,400,422.90625,180,759,6368.3125
1637174208,1,POST,/,0.100000,0.000000,910,910,910,910,910,910,910,910,910,910,910,6,0,940,942.1666666666666,496,1151,5965.666666666667
1637174208,1,GET,/auth/find-friends/,0.900000,0.000000,190,190,200,240,540,540,540,540,540,540,540,46,0,300,322.5869565217391,114,1145,1974.0
1637174208,1,GET,/auth/login/,0.000000,0.000000,0,0,0,0,0,0,0,0,0,0,0,1,0,597,597.0,597,597,2961.0
1637174208,1,POST,/auth/login/,0.100000,0.000000,810,810,810,810,810,810,810,810,810,810,810,4,0,920,1044.0,814,1460,7475.75
1637174208,1,GET,/auth/logout/,0.100000,0.000000,84,84,84,84,84,84,84,84,84,84,84,4,0,84,159.0,72,285,1712.0
1637174208,1,POST,/auth/modify-friend/,0.500000,0.000000,240,320,320,370,370,370,370,370,370,370,370,23,0,360,357.0869565217391,142,697,1713.0
1637174208,1,GET,/public/,0.400000,0.000000,210,220,220,320,320,320,320,320,320,320,320,23,0,410,417.4347826086956,177,882,10205.608695652174
1637174208,1,,Aggregated,3.000000,0.000000,210,240,320,370,540,810,910,910,910,910,910,139,0,350,411.8561151079137,72,1460,4634.705035971223
1637174209,1,GET,/,0.700000,0.000000,290,290,490,490,490,490,490,490,490,490,490,33,0,400,418.2121212121212,180,759,6494.757575757576
1637174209,1,POST,/,0.200000,0.000000,910,910,910,910,910,910,910,910,910,910,910,6,0,940,942.1666666666666,496,1151,5965.666666666667
1637174209,1,GET,/auth/find-friends/,1.000000,0.000000,190,200,200,240,540,540,540,540,540,540,540,48,0,290,315.6041666666667,111,1145,1974.0
1637174209,1,GET,/auth/login/,0.000000,0.000000,0,0,0,0,0,0,0,0,0,0,0,1,0,597,597.0,597,597,2961.0
1637174209,1,POST,/auth/login/,0.100000,0.000000,810,810,810,810,810,810,810,810,810,810,810,5,0,920,929.2,470,1460,8098.4
1637174209,1,GET,/auth/logout/,0.200000,0.000000,84,84,84,84,84,84,84,84,84,84,84,4,0,84,159.0,72,285,1712.0
1637174209,1,POST,/auth/modify-friend/,0.500000,0.000000,240,240,320,320,370,370,370,370,370,370,370,24,0,350,348.3333333333333,142,697,1713.0
1637174209,1,GET,/public/,0.500000,0.000000,220,220,220,320,320,320,320,320,320,320,320,24,0,390,409.0416666666667,177,882,10204.041666666666
1637174209,1,,Aggregated,3.200000,0.000000,210,270,320,370,540,810,910,910,910,910,910,145,0,350,404.5448275862069,72,1460,4697.813793103448
1637174210,1,GET,/,0.700000,0.000000,270,290,290,490,490,490,490,490,490,490,490,34,0,350,413.6764705882353,180,759,6610.235294117647
1637174210,1,POST,/,0.200000,0.000000,910,910,910,910,910,910,910,910,910,910,910,7,0,940,890.4285714285714,496,1151,6602.142857142857
1637174210,1,GET,/auth/find-friends/,1.000000,0.000000,190,200,200,240,540,540,540,540,540,540,540,48,0,290,315.6041666666667,111,1145,1974.0
1637174210,1,GET,/auth/login/,0.000000,0.000000,0,0,0,0,0,0,0,0,0,0,0,1,0,597,597.0,597,597,2961.0
1637174210,1,POST,/auth/login/,0.100000,0.000000,810,810,810,810,810,810,810,810,810,810,810,5,0,920,929.2,470,1460,8098.4
1637174210,1,GET,/auth/logout/,0.200000,0.000000,84,84,84,84,84,84,84,84,84,84,84,4,0,84,159.0,72,285,1712.0
1637174210,1,POST,/auth/modify-friend/,0.500000,0.000000,210,320,320,370,370,370,370,370,370,370,370,24,0,350,348.3333333333333,142,697,1713.0
1637174210,1,GET,/public/,0.500000,0.000000,220,220,220,320,320,320,320,320,320,320,320,24,0,390,409.0416666666667,177,882,10204.041666666666
1637174210,1,,Aggregated,3.200000,0.000000,210,270,320,370,540,580,910,910,910,910,910,147,0,350,404.78231292517006,72,1460,4775.680272108843
1637174211,1,GET,/,0.300000,0.000000,270,290,290,490,490,490,490,490,490,490,490,34,0,350,413.6764705882353,180,759,6610.235294117647
1637174211,1,POST,/,0.100000,0.000000,580,580,910,910,910,910,910,910,910,910,910,8,0,910,843.375,496,1151,7075.25
1637174211,1,GET,/auth/find-friends/,1.000000,0.000000,190,200,200,240,540,540,540,540,540,540,540,50,0,280,307.56,110,1145,1974.0
1637174211,1,GET,/auth/login/,0.000000,0.000000,0,0,0,0,0,0,0,0,0,0,0,1,0,597,597.0,597,597,2961.0
1637174211,1,POST,/auth/login/,0.200000,0.000000,810,810,810,810,810,810,810,810,810,810,810,5,0,920,929.2,470,1460,8098.4
1637174211,1,GET,/auth/logout/,0.200000,0.000000,84,84,84,84,84,84,84,84,84,84,84,4,0,84,159.0,72,285,1712.0
1637174211,1,POST,/auth/modify-friend/,0.600000,0.000000,210,210,320,320,370,370,370,370,370,370,370,25,0,350,341.24,142,697,1713.0
1637174211,1,GET,/public/,0.500000,0.000000,210,220,220,220,220,220,220,220,220,220,220,25,0,390,400.32,177,882,10216.36
1637174211,1,,Aggregated,2.900000,0.000000,210,270,320,470,540,580,910,910,910,910,910,152,0,340,398.7368421052632,72,1460,4793.3223684210525
1637174212,1,GET,/,0.300000,0.000000,280,280,290,290,490,490,490,490,490,490,490,36,0,320,404.3611111111111,180,759,6818.444444444444
1637174212,1,POST,/,0.100000,0.000000,580,580,910,910,910,910,910,910,910,910,910,8,0,910,843.375,496,1151,7075.25
1637174212,1,GET,/auth/find-friends/,1.000000,0.000000,190,200,200,240,540,540,540,540,540,540,540,50,0,280,307.56,110,1145,1974.0
1637174212,1,GET,/auth/login/,0.000000,0.000000,0,0,0,0,0,0,0,0,0,0,0,1,0,597,597.0,597,597,2961.0
1637174212,1,POST,/auth/login/,0.200000,0.000000,810,810,810,810,810,810,810,810,810,810,810,5,0,920,929.2,470,1460,8098.4
1637174212,1,GET,/auth/logout/,0.200000,0.000000,130,130,130,130,130,130,130,130,130,130,130,5,0,130,153.0,72,285,1712.0
1637174212,1,POST,/auth/modify-friend/,0.600000,0.000000,210,320,320,370,370,370,370,370,370,370,370,25,0,350,341.24,142,697,1713.0
1637174212,1,GET,/public/,0.500000,0.000000,210,220,220,220,220,220,220,220,220,220,220,25,0,390,400.32,177,882,10216.36
1637174212,1,,Aggregated,2.900000,0.000000,210,270,290,370,510,580,910,910,910,910,910,155,0,320,395.0258064516129,72,1460,4845.245161290322
1637174213,1,GET,/,0.300000,0.000000,270,280,280,290,290,290,290,290,290,290,290,36,0,320,404.3611111111111,180,759,6818.444444444444
1637174213,1,POST,/,0.100000,0.000000,580,580,910,910,910,910,910,910,910,910,910,8,0,910,843.375,496,1151,7075.25
1637174213,1,GET,/auth/find-friends/,1.000000,0.000000,190,190,200,200,240,240,240,240,240,240,240,50,0,280,307.56,110,1145,1974.0
1637174213,1,GET,/auth/login/,0.000000,0.000000,0,0,0,0,0,0,0,0,0,0,0,1,0,597,597.0,597,597,2961.0
1637174213,1,POST,/auth/login/,0.200000,0.000000,810,810,810,810,810,810,810,810,810,810,810,5,0,920,929.2,470,1460,8098.4
1637174213,1,GET,/auth/logout/,0.200000,0.000000,130,130,130,130,130,130,130,130,130,130,130,5,0,130,153.0,72,285,1712.0
1637174213,1,POST,/auth/modify-friend/,0.600000,0.000000,210,320,320,370,370,370,370,370,370,370,370,25,0,350,341.24,142,697,1713.0
1637174213,1,GET,/public/,0.500000,0.000000,210,210,220,220,220,220,220,220,220,220,220,25,0,390,400.32,177,882,10216.36
1637174213,1,,Aggregated,2.900000,0.000000,210,240,280,290,510,580,910,910,910,910,910,155,0,320,395.0258064516129,72,1460,4845.245161290322
1637174214,1,GET,/,0.500000,0.000000,270,280,280,290,290,290,290,290,290,290,290,36,0,320,404.3611111111111,180,759,6818.444444444444
1637174214,1,POST,/,0.300000,0.000000,580,580,910,910,910,910,910,910,910,910,910,8,0,910,843.375,496,1151,7075.25
1637174214,1,GET,/auth/find-friends/,1.200000,0.000000,190,190,200,200,240,240,240,240,240,240,240,50,0,280,307.56,110,1145,1974.0
1637174214,1,GET,/auth/login/,0.000000,0.000000,0,0,0,0,0,0,0,0,0,0,0,1,0,597,597.0,597,597,2961.0
1637174214,1,POST,/auth/login/,0.100000,0.000000,960,960,960,960,960,960,960,960,960,960,960,6,0,920,934.8333333333334,470,1460,8493.666666666666
1637174214,1,GET,/auth/logout/,0.100000,0.000000,130,130,130,130,130,130,130,130,130,130,130,5,0,130,153.0,72,285,1712.0
1637174214,1,POST,/auth/modify-friend/,0.500000,0.000000,210,210,320,320,320,320,320,320,320,320,320,25,0,350,341.24,142,697,1713.0
1637174214,1,GET,/public/,0.600000,0.000000,210,210,220,220,220,220,220,220,220,220,220,25,0,390,400.32,177,882,10216.36
1637174214,1,,Aggregated,3.300000,0.000000,210,240,270,280,510,580,960,960,960,960,960,156,0,320,398.6666666666667,72,1460,4881.301282051282
1637174215,1,GET,/,0.600000,0.000000,270,280,280,290,290,290,290,290,290,290,290,36,0,320,404.3611111111111,180,759,6818.444444444444
1637174215,1,POST,/,0.300000,0.000000,580,580,910,910,910,910,910,910,910,910,910,8,0,910,843.375,496,1151,7075.25
1637174215,1,GET,/auth/find-friends/,0.800000,0.000000,190,190,200,200,520,520,520,520,520,520,520,52,0,280,309.21153846153845,110,1145,1974.0
1637174215,1,GET,/auth/login/,0.000000,0.000000,0,0,0,0,0,0,0,0,0,0,0,1,0,597,597.0,597,597,2961.0
1637174215,1,POST,/auth/login/,0.100000,0.000000,960,960,960,960,960,960,960,960,960,960,960,6,0,920,934.8333333333334,470,1460,8493.666666666666
1637174215,1,GET,/auth/logout/,0.200000,0.000000,130,130,130,130,130,130,130,130,130,130,130,5,0,130,153.0,72,285,1712.0
1637174215,1,POST,/auth/modify-friend/,0.500000,0.000000,170,170,210,210,210,210,210,210,210,210,210,26,0,320,333.53846153846155,141,697,1713.0
1637174215,1,GET,/public/,0.400000,0.000000,210,220,220,570,570,570,570,570,570,570,570,26,0,390,406.7307692307692,177,882,10217.846153846154
1637174215,1,,Aggregated,2.900000,0.000000,200,260,280,510,570,580,960,960,960,960,960,160,0,320,397.50625,72,1460,4858.74375
1637174216,1,GET,/,0.600000,0.000000,260,270,270,280,280,280,280,280,280,280,280,37,0,320,398.64864864864865,180,759,6917.108108108108
1637174216,1,POST,/,0.300000,0.000000,580,580,580,580,580,580,580,580,580,580,580,8,0,910,843.375,496,1151,7075.25
1637174216,1,GET,/auth/find-friends/,0.800000,0.000000,180,190,190,200,520,520,520,520,520,520,520,54,0,270,303.6296296296296,110,1145,1974.0
1637174216,1,GET,/auth/login/,0.000000,0.000000,0,0,0,0,0,0,0,0,0,0,0,1,0,597,597.0,597,597,2961.0
1637174216,1,POST,/auth/login/,0.100000,0.000000,960,960,960,960,960,960,960,960,960,960,960,6,0,920,934.8333333333334,470,1460,8493.666666666666
1637174216,1,GET,/auth/logout/,0.200000,0.000000,130,130,130,130,130,130,130,130,130,130,130,5,0,130,153.0,72,285,1712.0
1637174216,1,POST,/auth/modify-friend/,0.500000,0.000000,160,170,170,210,210,210,210,210,210,210,210,27,0,320,326.9259259259259,141,697,1713.0
1637174216,1,GET,/public/,0.400000,0.000000,220,220,570,570,570,570,570,570,570,570,570,27,0,390,398.22222222222223,177,882,10208.37037037037
1637174216,1,,Aggregated,2.900000,0.000000,190,210,270,470,570,580,960,960,960,960,960,165,0,320,390.56363636363636,72,1460,4869.642424242425
1637174217,1,GET,/,0.500000,0.000000,260,270,270,280,280,280,280,280,280,280,280,37,0,320,398.64864864864865,180,759,6917.108108108108
1637174217,1,POST,/,0.300000,0.000000,580,580,1100,1100,1100,1100,1100,1100,1100,1100,1100,9,0,940,866.4444444444445,496,1151,7429.444444444444
1637174217,1,GET,/auth/find-friends/,0.800000,0.000000,180,180,200,200,520,520,520,520,520,520,520,54,0,270,303.6296296296296,110,1145,1974.0
1637174217,1,GET,/auth/login/,0.000000,0.000000,0,0,0,0,0,0,0,0,0,0,0,1,0,597,597.0,597,597,2961.0
1637174217,1,POST,/auth/login/,0.200000,0.000000,960,960,960,960,960,960,960,960,960,960,960,6,0,920,934.8333333333334,470,1460,8493.666666666666
1637174217,1,GET,/auth/logout/,0.200000,0.000000,130,130,130,130,130,130,130,130,130,130,130,5,0,130,153.0,72,285,1712.0
1637174217,1,POST,/auth/modify-friend/,0.400000,0.000000,160,160,170,170,170,170,170,170,170,170,170,27,0,320,326.9259259259259,141,697,1713.0
1637174217,1,GET,/public/,0.400000,0.000000,220,220,570,570,570,570,570,570,570,570,570,27,0,390,398.22222222222223,177,882,10208.37037037037
1637174217,1,,Aggregated,2.800000,0.000000,190,260,470,510,580,960,1100,1100,1100,1100,1100,166,0,320,394.5421686746988,72,1460,4902.1325301204815
1637174218,1,GET,/,0.400000,0.000000,260,270,270,280,280,280,280,280,280,280,280,37,0,320,398.64864864864865,180,759,6917.108108108108
1637174218,1,POST,/,0.200000,0.000000,580,580,1100,1100,1100,1100,1100,1100,1100,1100,1100,9,0,940,866.4444444444445,496,1151,7429.444444444444
1637174218,1,GET,/auth/find-friends/,1.000000,0.000000,180,180,200,220,520,520,520,520,520,520,520,55,0,270,302.1636363636364,110,1145,1974.0
1637174218,1,GET,/auth/login/,0.000000,0.000000,0,0,0,0,0,0,0,0,0,0,0,1,0,597,597.0,597,597,2961.0
1637174218,1,POST,/auth/login/,0.200000,0.000000,960,960,960,960,960,960,960,960,960,960,960,6,0,920,934.8333333333334,470,1460,8493.666666666666
1637174218,1,GET,/auth/logout/,0.200000,0.000000,130,130,130,130,130,130,130,130,130,130,130,5,0,130,153.0,72,285,1712.0
1637174218,1,POST,/auth/modify-friend/,0.400000,0.000000,160,160,170,170,170,170,170,170,170,170,170,27,0,320,326.9259259259259,141,697,1713.0
1637174218,1,GET,/public/,0.500000,0.000000,220,570,570,710,710,710,710,710,710,710,710,28,0,390,409.32142857142856,177,882,10205.607142857143
1637174218,1,,Aggregated,2.900000,0.000000,210,270,520,570,710,960,1100,1100,1100,1100,1100,168,0,320,395.39285714285717,72,1460,4915.827380952381
1637174219,1,GET,/,0.500000,0.000000,260,270,270,280,280,280,280,280,280,280,280,37,0,320,398.64864864864865,180,759,6917.108108108108
1637174219,1,POST,/,0.300000,0.000000,1100,1100,1100,1100,1100,1100,1100,1100,1100,1100,1100,9,0,940,866.4444444444445,496,1151,7429.444444444444
1637174219,1,GET,/auth/find-friends/,0.800000,0.000000,180,220,340,340,520,520,520,520,520,520,520,56,0,270,302.76785714285717,110,1145,1974.0
1637174219,1,GET,/auth/login/,0.000000,0.000000,0,0,0,0,0,0,0,0,0,0,0,1,0,597,597.0,597,597,2961.0
1637174219,1,POST,/auth/login/,0.200000,0.000000,960,960,960,960,960,960,960,960,960,960,960,6,0,920,934.8333333333334,470,1460,8493.666666666666
1637174219,1,GET,/auth/logout/,0.100000,0.000000,130,130,130,130,130,130,130,130,130,130,130,5,0,130,153.0,72,285,1712.0
1637174219,1,POST,/auth/modify-friend/,0.400000,0.000000,170,170,280,280,280,280,280,280,280,280,280,28,0,320,325.35714285714283,141,697,1713.0
1637174219,1,GET,/public/,0.400000,0.000000,480,570,570,710,710,710,710,710,710,710,710,29,0,410,411.62068965517244,177,882,10202.793103448275
1637174219,1,,Aggregated,2.700000,0.000000,210,280,510,520,710,960,1100,1100,1100,1100,1100,171,0,320,394.859649122807,72,1460,4910.350877192983
1637174220,1,GET,/,0.500000,0.000000,210,210,280,280,280,280,280,280,280,280,280,37,0,320,398.64864864864865,180,759,6917.108108108108
1637174220,1,POST,/,0.300000,0.000000,1100,1100,1100,1100,1100,1100,1100,1100,1100,1100,1100,9,0,940,866.4444444444445,496,1151,7429.444444444444
1637174220,1,GET,/auth/find-friends/,0.800000,0.000000,220,290,340,470,520,520,520,520,520,520,520,58,0,280,305.5,110,1145,1974.0
1637174220,1,GET,/auth/login/,0.000000,0.000000,0,0,0,0,0,0,0,0,0,0,0,1,0,597,597.0,597,597,2961.0
1637174220,1,POST,/auth/login/,0.200000,0.000000,960,960,960,960,960,960,960,960,960,960,960,6,0,920,934.8333333333334,470,1460,8493.666666666666
1637174220,1,GET,/auth/logout/,0.100000,0.000000,130,130,130,130,130,130,130,130,130,130,130,5,0,130,153.0,72,285,1712.0
1637174220,1,POST,/auth/modify-friend/,0.400000,0.000000,170,190,190,280,280,280,280,280,280,280,280,29,0,320,320.58620689655174,141,697,1713.0
1637174220,1,GET,/public/,0.400000,0.000000,480,570,570,710,710,710,710,710,710,710,710,29,0,410,411.62068965517244,177,882,10202.793103448275
1637174220,1,,Aggregated,2.700000,0.000000,220,340,480,520,710,960,1100,1100,1100,1100,1100,174,0,320,393.51724137931035,72,1460,4858.224137931034
1637174221,1,GET,/,0.500000,0.000000,210,210,280,280,280,280,280,280,280,280,280,37,0,320,398.64864864864865,180,759,6917.108108108108
1637174221,1,POST,/,0.300000,0.000000,1100,1100,1100,1100,1100,1100,1100,1100,1100,1100,1100,9,0,940,866.4444444444445,496,1151,7429.444444444444
1637174221,1,GET,/auth/find-friends/,0.800000,0.000000,220,290,340,340,470,520,520,520,520,520,520,60,0,280,304.28333333333336,110,1145,1974.0
1637174221,1,GET,/auth/login/,0.000000,0.000000,0,0,0,0,0,0,0,0,0,0,0,1,0,597,597.0,597,597,2961.0
1637174221,1,POST,/auth/login/,0.100000,0.000000,960,960,960,960,960,960,960,960,960,960,960,6,0,920,934.8333333333334,470,1460,8493.666666666666
1637174221,1,GET,/auth/logout/,0.100000,0.000000,130,130,130,130,130,130,130,130,130,130,130,5,0,130,153.0,72,285,1712.0
1637174221,1,POST,/auth/modify-friend/,0.400000,0.000000,190,190,280,280,300,300,300,300,300,300,300,30,0,310,319.76666666666665,141,697,1713.0
1637174221,1,GET,/public/,0.400000,0.000000,480,480,570,570,710,710,710,710,710,710,710,30,0,390,406.0,177,882,10201.6
1637174221,1,,Aggregated,2.600000,0.000000,240,300,470,480,710,960,1100,1100,1100,1100,1100,178,0,320,390.7247191011236,72,1460,4837.971910112359
1637174222,1,GET,/,0.300000,0.000000,230,230,280,280,280,280,280,280,280,280,280,38,0,310,394.2631578947368,180,759,7013.684210526316
1637174222,1,POST,/,0.200000,0.000000,1100,1100,1100,1100,1100,1100,1100,1100,1100,1100,1100,9,0,940,866.4444444444445,496,1151,7429.444444444444
1637174222,1,GET,/auth/find-friends/,1.000000,0.000000,230,290,340,340,470,520,520,520,520,520,520,62,0,270,300.83870967741933,110,1145,1974.0
1637174222,1,GET,/auth/login/,0.000000,0.000000,0,0,0,0,0,0,0,0,0,0,0,1,0,597,597.0,597,597,2961.0
1637174222,1,POST,/auth/login/,0.100000,0.000000,960,960,960,960,960,960,960,960,960,960,960,6,0,920,934.8333333333334,470,1460,8493.666666666666
1637174222,1,GET,/auth/logout/,0.100000,0.000000,130,130,130,130,130,130,130,130,130,130,130,5,0,130,153.0,72,285,1712.0
1637174222,1,POST,/auth/modify-friend/,0.500000,0.000000,190,190,280,280,300,300,300,300,300,300,300,30,0,310,319.76666666666665,141,697,1713.0
1637174222,1,GET,/public/,0.500000,0.000000,480,480,570,570,710,710,710,710,710,710,710,31,0,390,403.83870967741933,177,882,10203.645161290322
1637174222,1,,Aggregated,2.700000,0.000000,240,320,470,480,710,960,1100,1100,1100,1100,1100,182,0,320,387.44505494505495,72,1460,4867.906593406594
1637174223,1,GET,/,0.300000,0.000000,270,270,480,480,480,480,480,480,480,480,480,40,0,310,393.2,180,759,7199.05
1637174223,1,POST,/,0.100000,0.000000,1100,1100,1100,1100,1100,1100,1100,1100,1100,1100,1100,9,0,940,866.4444444444445,496,1151,7429.444444444444
1637174223,1,GET,/auth/find-friends/,1.000000,0.000000,230,290,340,340,470,520,520,520,520,520,520,62,0,270,300.83870967741933,110,1145,1974.0
1637174223,1,GET,/auth/login/,0.000000,0.000000,0,0,0,0,0,0,0,0,0,0,0,1,0,597,597.0,597,597,2961.0
1637174223,1,POST,/auth/login/,0.100000,0.000000,960,960,960,960,960,960,960,960,960,960,960,6,0,920,934.8333333333334,470,1460,8493.666666666666
1637174223,1,GET,/auth/logout/,0.100000,0.000000,130,130,130,130,130,130,130,130,130,130,130,5,0,130,153.0,72,285,1712.0
1637174223,1,POST,/auth/modify-friend/,0.500000,0.000000,280,280,300,300,320,320,320,320,320,320,320,31,0,320,319.93548387096774,141,697,1713.0
1637174223,1,GET,/public/,0.500000,0.000000,480,480,570,570,710,710,710,710,710,710,710,31,0,390,403.83870967741933,177,882,10203.645161290322
1637174223,1,,Aggregated,2.600000,0.000000,270,320,340,480,570,710,1100,1100,1100,1100,1100,185,0,320,386.9513513513514,72,1460,4914.12972972973
1637174224,1,GET,/,0.200000,0.000000,270,280,360,360,480,480,480,480,480,480,480,43,0,310,386.8139534883721,180,759,7442.674418604651
1637174224,1,POST,/,0.100000,0.000000,1100,1100,1100,1100,1100,1100,1100,1100,1100,1100,1100,9,0,940,866.4444444444445,496,1151,7429.444444444444
1637174224,1,GET,/auth/find-friends/,1.100000,0.000000,230,290,320,340,470,470,470,470,470,470,470,62,0,270,300.83870967741933,110,1145,1974.0
1637174224,1,GET,/auth/login/,0.000000,0.000000,0,0,0,0,0,0,0,0,0,0,0,1,0,597,597.0,597,597,2961.0
1637174224,1,POST,/auth/login/,0.100000,0.000000,960,960,960,960,960,960,960,960,960,960,960,6,0,920,934.8333333333334,470,1460,8493.666666666666
1637174224,1,GET,/auth/logout/,0.000000,0.000000,130,130,130,130,130,130,130,130,130,130,130,5,0,130,153.0,72,285,1712.0
1637174224,1,POST,/auth/modify-friend/,0.500000,0.000000,280,280,300,300,320,320,320,320,320,320,320,31,0,320,319.93548387096774,141,697,1713.0
1637174224,1,GET,/public/,0.600000,0.000000,340,480,480,710,710,710,710,710,710,710,710,31,0,390,403.83870967741933,177,882,10203.645161290322
1637174224,1,,Aggregated,2.600000,0.000000,270,320,340,360,480,710,1100,1100,1100,1100,1100,188,0,320,385.5904255319149,72,1460,5006.313829787234
1637174225,1,GET,/,0.300000,0.000000,270,280,360,360,480,480,480,480,480,480,480,43,0,310,386.8139534883721,180,759,7442.674418604651
1637174225,1,POST,/,0.100000,0.000000,1100,1100,1100,1100,1100,1100,1100,1100,1100,1100,1100,9,0,940,866.4444444444445,496,1151,7429.444444444444
1637174225,1,GET,/auth/find-friends/,1.200000,0.000000,230,290,340,340,340,470,470,470,470,470,470,64,0,270,299.328125,110,1145,1974.0
1637174225,1,GET,/auth/login/,0.000000,0.000000,0,0,0,0,0,0,0,0,0,0,0,1,0,597,597.0,597,597,2961.0
1637174225,1,POST,/auth/login/,0.100000,0.000000,960,960,960,960,960,960,960,960,960,960,960,6,0,920,934.8333333333334,470,1460,8493.666666666666
1637174225,1,GET,/auth/logout/,0.000000,0.000000,130,130,130,130,130,130,130,130,130,130,130,5,0,130,153.0,72,285,1712.0
1637174225,1,POST,/auth/modify-friend/,0.600000,0.000000,240,280,300,300,320,320,320,320,320,320,320,32,0,310,317.3125,141,697,1713.0
1637174225,1,GET,/public/,0.600000,0.000000,340,340,480,480,710,710,710,710,710,710,710,32,0,380,400.4375,177,882,10204.53125
1637174225,1,,Aggregated,2.900000,0.000000,290,320,340,360,480,710,1100,1100,1100,1100,1100,192,0,320,382.953125,72,1460,4984.791666666667
1637174226,1,GET,/,0.300000,0.000000,270,280,350,360,480,480,480,480,480,480,480,45,0,310,383.4,180,759,7591.044444444445
1637174226,1,POST,/,0.100000,0.000000,1100,1100,1100,1100,1100,1100,1100,1100,1100,1100,1100,9,0,940,866.4444444444445,496,1151,7429.444444444444
1637174226,1,GET,/auth/find-friends/,1.200000,0.000000,290,320,340,340,470,470,470,470,470,470,470,64,0,270,299.328125,110,1145,1974.0
1637174226,1,GET,/auth/login/,0.000000,0.000000,0,0,0,0,0,0,0,0,0,0,0,1,0,597,597.0,597,597,2961.0
1637174226,1,POST,/auth/login/,0.100000,0.000000,960,960,960,960,960,960,960,960,960,960,960,6,0,920,934.8333333333334,470,1460,8493.666666666666
1637174226,1,GET,/auth/logout/,0.000000,0.000000,130,130,130,130,130,130,130,130,130,130,130,5,0,130,153.0,72,285,1712.0
1637174226,1,POST,/auth/modify-friend/,0.600000,0.000000,280,300,300,320,320,320,320,320,320,320,320,32,0,310,317.3125,141,697,1713.0
1637174226,1,GET,/public/,0.600000,0.000000,340,480,480,710,710,710,710,710,710,710,710,32,0,380,400.4375,177,882,10204.53125
1637174226,1,,Aggregated,2.900000,0.000000,290,320,340,350,480,480,710,710,710,710,710,194,0,320,382.20103092783506,72,1460,5044.546391752578
1637174227,1,GET,/,0.700000,0.000000,280,350,360,480,540,540,540,540,540,540,540,46,0,310,386.7173913043478,180,759,7659.717391304348
1637174227,1,POST,/,0.100000,0.000000,1100,1100,1100,1100,1100,1100,1100,1100,1100,1100,1100,9,0,940,866.4444444444445,496,1151,7429.444444444444
1637174227,1,GET,/auth/find-friends/,1.200000,0.000000,290,320,340,340,470,470,470,470,470,470,470,64,0,270,299.328125,110,1145,1974.0
1637174227,1,GET,/auth/login/,0.000000,0.000000,0,0,0,0,0,0,0,0,0,0,0,1,0,597,597.0,597,597,2961.0
1637174227,1,POST,/auth/login/,0.000000,0.000000,960,960,960,960,960,960,960,960,960,960,960,6,0,920,934.8333333333334,470,1460,8493.666666666666
1637174227,1,GET,/auth/logout/,0.000000,0.000000,130,130,130,130,130,130,130,130,130,130,130,5,0,130,153.0,72,285,1712.0
1637174227,1,POST,/auth/modify-friend/,0.600000,0.000000,280,300,300,320,320,320,320,320,320,320,320,32,0,310,317.3125,141,697,1713.0
1637174227,1,GET,/public/,0.600000,0.000000,480,480,710,710,710,710,710,710,710,710,710,33,0,390,409.72727272727275,177,882,10205.060606060606
1637174227,1,,Aggregated,3.200000,0.000000,300,340,350,360,480,540,710,710,710,710,710,196,0,320,384.64285714285717,72,1460,5100.071428571428
1637174228,1,GET,/,0.700000,0.000000,280,350,360,480,540,540,540,540,540,540,540,46,0,310,386.7173913043478,180,759,7659.717391304348
1637174228,1,POST,/,0.100000,0.000000,1100,1100,1100,1100,1100,1100,1100,1100,1100,1100,1100,9,0,940,866.4444444444445,496,1151,7429.444444444444
1637174228,1,GET,/auth/find-friends/,1.200000,0.000000,320,340,400,430,470,470,470,470,470,470,470,66,0,280,302.8030303030303,110,1145,1974.0
1637174228,1,GET,/auth/login/,0.000000,0.000000,0,0,0,0,0,0,0,0,0,0,0,1,0,597,597.0,597,597,2961.0
1637174228,1,POST,/auth/login/,0.000000,0.000000,960,960,960,960,960,960,960,960,960,960,960,6,0,920,934.8333333333334,470,1460,8493.666666666666
1637174228,1,GET,/auth/logout/,0.000000,0.000000,130,130,130,130,130,130,130,130,130,130,130,5,0,130,153.0,72,285,1712.0
1637174228,1,POST,/auth/modify-friend/,0.600000,0.000000,300,300,320,320,320,320,320,320,320,320,320,32,0,310,317.3125,141,697,1713.0
1637174228,1,GET,/public/,0.600000,0.000000,340,480,480,710,710,710,710,710,710,710,710,33,0,390,409.72727272727275,177,882,10205.060606060606
1637174228,1,,Aggregated,3.200000,0.000000,300,340,400,430,480,540,710,710,710,710,710,198,0,320,384.93939393939394,72,1460,5068.49494949495
1637174229,1,GET,/,0.800000,0.000000,280,350,360,480,540,540,540,540,540,540,540,46,0,310,386.7173913043478,180,759,7659.717391304348
1637174229,1,POST,/,0.100000,0.000000,1100,1100,1100,1100,1100,1100,1100,1100,1100,1100,1100,9,0,940,866.4444444444445,496,1151,7429.444444444444
1637174229,1,GET,/auth/find-friends/,1.000000,0.000000,320,340,400,400,430,430,430,430,430,430,430,66,0,280,302.8030303030303,110,1145,1974.0
1637174229,1,GET,/auth/login/,0.000000,0.000000,0,0,0,0,0,0,0,0,0,0,0,1,0,597,597.0,597,597,2961.0
1637174229,1,POST,/auth/login/,0.000000,0.000000,960,960,960,960,960,960,960,960,960,960,960,6,0,920,934.8333333333334,470,1460,8493.666666666666
1637174229,1,GET,/auth/logout/,0.000000,0.000000,0,0,0,0,0,0,0,0,0,0,0,5,0,130,153.0,72,285,1712.0
1637174229,1,POST,/auth/modify-friend/,0.500000,0.000000,300,320,320,500,500,500,500,500,500,500,500,33,0,320,322.7878787878788,141,697,1713.0
1637174229,1,GET,/public/,0.500000,0.000000,340,580,580,710,710,710,710,710,710,710,710,34,0,390,414.79411764705884,177,882,10202.588235294117
1637174229,1,,Aggregated,2.900000,0.000000,320,350,400,430,540,580,710,710,710,710,710,200,0,320,386.49,72,1460,5076.98
1637174230,1,GET,/,0.900000,0.000000,280,350,360,480,540,540,540,540,540,540,540,46,0,310,386.7173913043478,180,759,7659.717391304348
1637174230,1,POST,/,0.000000,0.000000,1100,1100,1100,1100,1100,1100,1100,1100,1100,1100,1100,9,0,940,866.4444444444445,496,1151,7429.444444444444
1637174230,1,GET,/auth/find-friends/,1.100000,0.000000,400,430,450,450,660,660,660,660,660,660,660,68,0,290,310.1617647058824,110,1145,1974.0
1637174230,1,GET,/auth/login/,0.000000,0.000000,0,0,0,0,0,0,0,0,0,0,0,1,0,597,597.0,597,597,2961.0
1637174230,1,POST,/auth/login/,0.000000,0.000000,960,960,960,960,960,960,960,960,960,960,960,6,0,920,934.8333333333334,470,1460,8493.666666666666
1637174230,1,GET,/auth/logout/,0.000000,0.000000,0,0,0,0,0,0,0,0,0,0,0,5,0,130,153.0,72,285,1712.0
1637174230,1,POST,/auth/modify-friend/,0.500000,0.000000,320,320,500,500,500,500,500,500,500,500,500,33,0,320,322.7878787878788,141,697,1713.0
1637174230,1,GET,/public/,0.500000,0.000000,580,580,710,710,710,710,710,710,710,710,710,34,0,390,414.79411764705884,177,882,10202.588235294117
1637174230,1,,Aggregated,3.000000,0.000000,340,400,450,500,580,660,710,710,710,710,710,202,0,320,388.13861386138615,72,1460,5046.257425742574
1637174231,1,GET,/,0.900000,0.000000,350,360,480,480,540,540,540,540,540,540,540,46,0,310,386.7173913043478,180,759,7659.717391304348
1637174231,1,POST,/,0.000000,0.000000,1100,1100,1100,1100,1100,1100,1100,1100,1100,1100,1100,9,0,940,866.4444444444445,496,1151,7429.444444444444
1637174231,1,GET,/auth/find-friends/,1.100000,0.000000,400,430,450,450,660,660,660,660,660,660,660,68,0,290,310.1617647058824,110,1145,1974.0
1637174231,1,GET,/auth/login/,0.000000,0.000000,0,0,0,0,0,0,0,0,0,0,0,1,0,597,597.0,597,597,2961.0
1637174231,1,POST,/auth/login/,0.000000,0.000000,0,0,0,0,0,0,0,0,0,0,0,6,0,920,934.8333333333334,470,1460,8493.666666666666
1637174231,1,GET,/auth/logout/,0.000000,0.000000,180,180,180,180,180,180,180,180,180,180,180,6,0,130,157.16666666666666,72,285,1712.0
1637174231,1,POST,/auth/modify-friend/,0.500000,0.000000,320,320,500,500,500,500,500,500,500,500,500,34,0,310,321.2647058823529,141,697,1713.0
1637174231,1,GET,/public/,0.500000,0.000000,580,580,710,710,710,710,710,710,710,710,710,34,0,390,414.79411764705884,177,882,10202.588235294117
1637174231,1,,Aggregated,3.000000,0.000000,340,430,480,500,580,660,710,710,710,710,710,204,0,320,386.5343137254902,72,1460,5013.573529411765
1637174232,1,GET,/,0.900000,0.000000,280,350,360,360,540,540,540,540,540,540,540,46,0,310,386.7173913043478,180,759,7659.717391304348
1637174232,1,POST,/,0.000000,0.000000,1100,1100,1100,1100,1100,1100,1100,1100,1100,1100,1100,9,0,940,866.4444444444445,496,1151,7429.444444444444
1637174232,1,GET,/auth/find-friends/,1.100000,0.000000,400,430,450,450,660,660,660,660,660,660,660,68,0,290,310.1617647058824,110,1145,1974.0
1637174232,1,GET,/auth/login/,0.000000,0.000000,0,0,0,0,0,0,0,0,0,0,0,1,0,597,597.0,597,597,2961.0
1637174232,1,POST,/auth/login/,0.000000,0.000000,0,0,0,0,0,0,0,0,0,0,0,6,0,920,934.8333333333334,470,1460,8493.666666666666
1637174232,1,GET,/auth/logout/,0.000000,0.000000,180,180,180,180,180,180,180,180,180,180,180,6,0,130,157.16666666666666,72,285,1712.0
1637174232,1,POST,/auth/modify-friend/,0.500000,0.000000,320,320,500,500,500,500,500,500,500,500,500,34,0,310,321.2647058823529,141,697,1713.0
1637174232,1,GET,/public/,0.500000,0.000000,580,580,710,710,710,710,710,710,710,710,710,34,0,390,414.79411764705884,177,882,10202.588235294117
1637174232,1,,Aggregated,3.000000,0.000000,350,430,500,540,660,710,710,710,710,710,710,204,0,320,386.5343137254902,72,1460,5013.573529411765
1637174233,1,GET,/,0.900000,0.000000,360,360,540,540,540,540,540,540,540,540,540,46,0,310,386.7173913043478,180,759,7659.717391304348
1637174233,1,POST,/,0.000000,0.000000,1100,1100,1100,1100,1100,1100,1100,1100,1100,1100,1100,9,0,940,866.4444444444445,496,1151,7429.444444444444
1637174233,1,GET,/auth/find-friends/,1.100000,0.000000,430,430,450,450,660,660,660,660,660,660,660,68,0,290,310.1617647058824,110,1145,1974.0
1637174233,1,GET,/auth/login/,0.000000,0.000000,0,0,0,0,0,0,0,0,0,0,0,1,0,597,597.0,597,597,2961.0
1637174233,1,POST,/auth/login/,0.000000,0.000000,0,0,0,0,0,0,0,0,0,0,0,6,0,920,934.8333333333334,470,1460,8493.666666666666
1637174233,1,GET,/auth/logout/,0.000000,0.000000,180,180,180,180,180,180,180,180,180,180,180,6,0,130,157.16666666666666,72,285,1712.0
1637174233,1,POST,/auth/modify-friend/,0.500000,0.000000,270,270,500,500,500,500,500,500,500,500,500,34,0,310,321.2647058823529,141,697,1713.0
1637174233,1,GET,/public/,0.500000,0.000000,580,580,710,710,710,710,710,710,710,710,710,34,0,390,414.79411764705884,177,882,10202.588235294117
1637174233,1,,Aggregated,3.000000,0.000000,360,450,500,540,660,710,710,710,710,710,710,204,0,320,386.5343137254902,72,1460,5013.573529411765
1637174234,1,GET,/,0.800000,0.000000,220,270,350,350,540,540,540,540,540,540,540,50,0,310,372.44,180,759,7895.74
1637174234,1,POST,/,0.000000,0.000000,0,0,0,0,0,0,0,0,0,0,0,9,0,940,866.4444444444445,496,1151,7429.444444444444
1637174234,1,GET,/auth/find-friends/,0.700000,0.000000,430,430,450,450,660,660,660,660,660,660,660,68,0,290,310.1617647058824,110,1145,1974.0
1637174234,1,GET,/auth/login/,0.000000,0.000000,0,0,0,0,0,0,0,0,0,0,0,1,0,597,597.0,597,597,2961.0
1637174234,1,POST,/auth/login/,0.000000,0.000000,1800,1800,1800,1800,1800,1800,1800,1800,1800,1800,1800,7,0,960,1060.142857142857,470,1812,8798.57142857143
1637174234,1,GET,/auth/logout/,0.100000,0.000000,180,180,180,180,180,180,180,180,180,180,180,6,0,130,157.16666666666666,72,285,1712.0
1637174234,1,POST,/auth/modify-friend/,0.400000,0.000000,270,270,500,500,500,500,500,500,500,500,500,34,0,310,321.2647058823529,141,697,1713.0
1637174234,1,GET,/public/,0.300000,0.000000,580,580,710,710,710,710,710,710,710,710,710,34,0,390,414.79411764705884,177,882,10202.588235294117
1637174234,1,,Aggregated,2.300000,0.000000,400,450,540,580,710,1800,1800,1800,1800,1800,1800,209,0,320,389.9425837320574,72,1812,5147.545454545455
1637174235,1,GET,/,0.700000,0.000000,220,220,240,240,540,540,540,540,540,540,540,51,0,310,369.80392156862746,180,759,7949.058823529412
1637174235,1,POST,/,0.000000,0.000000,0,0,0,0,0,0,0,0,0,0,0,9,0,940,866.4444444444445,496,1151,7429.444444444444
1637174235,1,GET,/auth/find-friends/,0.600000,0.000000,430,430,450,450,660,660,660,660,660,660,660,70,0,280,305.07142857142856,104,1145,1974.0
1637174235,1,GET,/auth/login/,0.000000,0.000000,0,0,0,0,0,0,0,0,0,0,0,1,0,597,597.0,597,597,2961.0
1637174235,1,POST,/auth/login/,0.000000,0.000000,1800,1800,1800,1800,1800,1800,1800,1800,1800,1800,1800,7,0,960,1060.142857142857,470,1812,8798.57142857143
1637174235,1,GET,/auth/logout/,0.100000,0.000000,180,180,180,180,180,180,180,180,180,180,180,6,0,130,157.16666666666666,72,285,1712.0
1637174235,1,POST,/auth/modify-friend/,0.300000,0.000000,270,270,500,500,500,500,500,500,500,500,500,35,0,310,318.54285714285714,141,697,1713.0
1637174235,1,GET,/public/,0.300000,0.000000,580,580,710,710,710,710,710,710,710,710,710,35,0,390,409.0285714285714,177,882,10203.2
1637174235,1,,Aggregated,2.000000,0.000000,270,450,540,580,710,1800,1800,1800,1800,1800,1800,214,0,310,385.2289719626168,72,1812,5151.107476635514
1637174236,1,GET,/,0.700000,0.000000,210,220,220,240,540,540,540,540,540,540,540,55,0,290,358.1818181818182,180,759,8144.218181818182
1637174236,1,POST,/,0.000000,0.000000,0,0,0,0,0,0,0,0,0,0,0,9,0,940,866.4444444444445,496,1151,7429.444444444444
1637174236,1,GET,/auth/find-friends/,0.600000,0.000000,430,430,450,450,660,660,660,660,660,660,660,70,0,280,305.07142857142856,104,1145,1974.0
1637174236,1,GET,/auth/login/,0.000000,0.000000,0,0,0,0,0,0,0,0,0,0,0,1,0,597,597.0,597,597,2961.0
1637174236,1,POST,/auth/login/,0.100000,0.000000,1800,1800,1800,1800,1800,1800,1800,1800,1800,1800,1800,7,0,960,1060.142857142857,470,1812,8798.57142857143
1637174236,1,GET,/auth/logout/,0.100000,0.000000,180,180,180,180,180,180,180,180,180,180,180,6,0,130,157.16666666666666,72,285,1712.0
1637174236,1,POST,/auth/modify-friend/,0.300000,0.000000,270,270,500,500,500,500,500,500,500,500,500,35,0,310,318.54285714285714,141,697,1713.0
1637174236,1,GET,/public/,0.300000,0.000000,580,580,710,710,710,710,710,710,710,710,710,35,0,390,409.0285714285714,177,882,10203.2
1637174236,1,,Aggregated,2.100000,0.000000,220,400,450,500,660,710,1800,1800,1800,1800,1800,218,0,310,382.01376146788994,72,1812,5251.683486238532
1637174237,1,GET,/,0.800000,0.000000,210,220,220,240,540,540,540,540,540,540,540,55,0,290,358.1818181818182,180,759,8144.218181818182
1637174237,1,POST,/,0.000000,0.000000,0,0,0,0,0,0,0,0,0,0,0,9,0,940,866.4444444444445,496,1151,7429.444444444444
1637174237,1,GET,/auth/find-friends/,0.600000,0.000000,160,400,430,450,660,660,660,660,660,660,660,74,0,260,293.9189189189189,96,1145,1974.0
1637174237,1,GET,/auth/login/,0.000000,0.000000,0,0,0,0,0,0,0,0,0,0,0,1,0,597,597.0,597,597,2961.0
1637174237,1,POST,/auth/login/,0.100000,0.000000,1800,1800,1800,1800,1800,1800,1800,1800,1800,1800,1800,7,0,960,1060.142857142857,470,1812,8798.57142857143
1637174237,1,GET,/auth/logout/,0.100000,0.000000,180,180,180,180,180,180,180,180,180,180,180,7,0,130,136.42857142857142,12,285,1712.0
1637174237,1,POST,/auth/modify-friend/,0.300000,0.000000,230,270,270,500,500,500,500,500,500,500,500,37,0,300,308.81081081081084,138,697,1713.0
1637174237,1,GET,/public/,0.300000,0.000000,220,220,580,580,580,580,580,580,580,580,580,37,0,380,398.5405405405405,177,882,10203.432432432432
1637174237,1,,Aggregated,2.200000,0.000000,210,220,230,270,580,660,1800,1800,1800,1800,1800,227,0,310,371.7753303964758,12,1812,5190.819383259912
1637174238,1,GET,/,0.800000,0.000000,210,220,220,240,540,540,540,540,540,540,540,55,0,290,358.1818181818182,180,759,8144.218181818182
1637174238,1,POST,/,0.000000,0.000000,0,0,0,0,0,0,0,0,0,0,0,9,0,940,866.4444444444445,496,1151,7429.444444444444
1637174238,1,GET,/auth/find-friends/,0.600000,0.000000,100,160,450,450,660,660,660,660,660,660,660,74,0,260,293.9189189189189,96,1145,1974.0
1637174238,1,GET,/auth/login/,0.000000,0.000000,0,0,0,0,0,0,0,0,0,0,0,1,0,597,597.0,597,597,2961.0
1637174238,1,POST,/auth/login/,0.100000,0.000000,1800,1800,1800,1800,1800,1800,1800,1800,1800,1800,1800,7,0,960,1060.142857142857,470,1812,8798.57142857143
1637174238,1,GET,/auth/logout/,0.100000,0.000000,180,180,180,180,180,180,180,180,180,180,180,7,0,130,136.42857142857142,12,285,1712.0
1637174238,1,POST,/auth/modify-friend/,0.300000,0.000000,230,270,270,500,500,500,500,500,500,500,500,37,0,300,308.81081081081084,138,697,1713.0
1637174238,1,GET,/public/,0.300000,0.000000,220,220,580,580,580,580,580,580,580,580,580,37,0,380,398.5405405405405,177,882,10203.432432432432
1637174238,1,,Aggregated,2.200000,0.000000,210,210,220,230,450,660,1800,1800,1800,1800,1800,227,0,310,371.7753303964758,12,1812,5190.819383259912
1637174239,1,GET,/,0.900000,0.000000,210,210,220,220,240,240,240,240,240,240,240,55,0,290,358.1818181818182,180,759,8144.218181818182
1637174239,1,POST,/,0.000000,0.000000,0,0,0,0,0,0,0,0,0,0,0,9,0,940,866.4444444444445,496,1151,7429.444444444444
1637174239,1,GET,/auth/find-friends/,0.900000,0.000000,100,100,100,160,450,450,450,450,450,450,450,76,0,260,288.7894736842105,96,1145,1974.0
1637174239,1,GET,/auth/login/,0.000000,0.000000,0,0,0,0,0,0,0,0,0,0,0,1,0,597,597.0,597,597,2961.0
1637174239,1,POST,/auth/login/,0.100000,0.000000,1800,1800,1800,1800,1800,1800,1800,1800,1800,1800,1800,8,0,920,960.375,262,1812,9062.5
1637174239,1,GET,/auth/logout/,0.100000,0.000000,180,180,180,180,180,180,180,180,180,180,180,7,0,130,136.42857142857142,12,285,1712.0
1637174239,1,POST,/auth/modify-friend/,0.400000,0.000000,230,270,270,280,280,280,280,280,280,280,280,38,0,300,308.13157894736844,138,697,1713.0
1637174239,1,GET,/public/,0.500000,0.000000,210,220,220,580,580,580,580,580,580,580,580,38,0,370,393.13157894736844,177,882,10207.736842105263
1637174239,1,,Aggregated,2.900000,0.000000,200,210,220,230,270,450,1800,1800,1800,1800,1800,232,0,300,367.79741379310343,12,1812,5195.060344827586
1637174240,1,GET,/,0.900000,0.000000,210,220,240,240,240,290,290,290,290,290,290,57,0,290,354.8421052631579,180,759,8239.350877192983
1637174240,1,POST,/,0.000000,0.000000,0,0,0,0,0,0,0,0,0,0,0,9,0,940,866.4444444444445,496,1151,7429.444444444444
1637174240,1,GET,/auth/find-friends/,0.900000,0.000000,100,100,100,160,450,450,450,450,450,450,450,76,0,260,288.7894736842105,96,1145,1974.0
1637174240,1,GET,/auth/login/,0.000000,0.000000,0,0,0,0,0,0,0,0,0,0,0,1,0,597,597.0,597,597,2961.0
1637174240,1,POST,/auth/login/,0.100000,0.000000,1800,1800,1800,1800,1800,1800,1800,1800,1800,1800,1800,8,0,920,960.375,262,1812,9062.5
1637174240,1,GET,/auth/logout/,0.100000,0.000000,12,12,180,180,180,180,180,180,180,180,180,8,0,84,120.875,12,285,1712.0
1637174240,1,POST,/auth/modify-friend/,0.400000,0.000000,230,270,270,280,280,280,280,280,280,280,280,38,0,300,308.13157894736844,138,697,1713.0
1637174240,1,GET,/public/,0.500000,0.000000,210,220,220,580,580,580,580,580,580,580,580,38,0,370,393.13157894736844,177,882,10207.736842105263
1637174240,1,,Aggregated,2.900000,0.000000,210,220,230,240,280,450,1800,1800,1800,1800,1800,235,0,300,365.3914893617021,12,1812,5228.412765957447
1637174241,1,GET,/,0.900000,0.000000,210,220,240,240,240,290,290,290,290,290,290,57,0,290,354.8421052631579,180,759,8239.350877192983
1637174241,1,POST,/,0.000000,0.000000,0,0,0,0,0,0,0,0,0,0,0,9,0,940,866.4444444444445,496,1151,7429.444444444444
1637174241,1,GET,/auth/find-friends/,1.000000,0.000000,100,100,100,160,450,450,450,450,450,450,450,76,0,260,288.7894736842105,96,1145,1974.0
1637174241,1,GET,/auth/login/,0.000000,0.000000,0,0,0,0,0,0,0,0,0,0,0,1,0,597,597.0,597,597,2961.0
1637174241,1,POST,/auth/login/,0.200000,0.000000,260,260,1800,1800,1800,1800,1800,1800,1800,1800,1800,9,0,920,881.8888888888889,254,1812,9250.555555555555
1637174241,1,GET,/auth/logout/,0.200000,0.000000,12,12,180,180,180,180,180,180,180,180,180,8,0,84,120.875,12,285,1712.0
1637174241,1,POST,/auth/modify-friend/,0.400000,0.000000,230,270,270,280,280,280,280,280,280,280,280,38,0,300,308.13157894736844,138,697,1713.0
1637174241,1,GET,/public/,0.400000,0.000000,210,220,220,220,220,220,220,220,220,220,220,39,0,370,388.56410256410254,177,882,10207.820512820514
1637174241,1,,Aggregated,3.100000,0.000000,210,220,220,240,260,290,1800,1800,1800,1800,1800,237,0,300,364.28691983122366,12,1812,5272.7552742616035
1637174242,1,GET,/,1.100000,0.000000,210,220,220,240,240,290,290,290,290,290,290,59,0,280,349.6779661016949,180,759,8321.186440677966
1637174242,1,POST,/,0.000000,0.000000,0,0,0,0,0,0,0,0,0,0,0,9,0,940,866.4444444444445,496,1151,7429.444444444444
1637174242,1,GET,/auth/find-friends/,0.900000,0.000000,100,100,100,100,160,160,160,160,160,160,160,78,0,260,283.93589743589746,96,1145,1974.0
1637174242,1,GET,/auth/login/,0.000000,0.000000,0,0,0,0,0,0,0,0,0,0,0,1,0,597,597.0,597,597,2961.0
1637174242,1,POST,/auth/login/,0.200000,0.000000,260,260,1800,1800,1800,1800,1800,1800,1800,1800,1800,9,0,920,881.8888888888889,254,1812,9250.555555555555
1637174242,1,GET,/auth/logout/,0.300000,0.000000,12,12,180,180,180,180,180,180,180,180,180,8,0,84,120.875,12,285,1712.0
1637174242,1,POST,/auth/modify-friend/,0.500000,0.000000,140,230,230,280,280,280,280,280,280,280,280,39,0,300,303.7692307692308,138,697,1713.0
1637174242,1,GET,/public/,0.400000,0.000000,210,210,220,220,220,220,220,220,220,220,220,40,0,340,383.9,177,882,10208.925
1637174242,1,,Aggregated,3.400000,0.000000,200,210,220,230,260,290,1800,1800,1800,1800,1800,243,0,300,359.1769547325103,12,1812,5295.732510288066
1637174243,1,GET,/,1.100000,0.000000,210,220,240,240,290,290,290,290,290,290,290,59,0,280,349.6779661016949,180,759,8321.186440677966
1637174243,1,POST,/,0.000000,0.000000,0,0,0,0,0,0,0,0,0,0,0,9,0,940,866.4444444444445,496,1151,7429.444444444444
1637174243,1,GET,/auth/find-friends/,0.800000,0.000000,99,100,100,100,110,160,160,160,160,160,160,82,0,250,274.9268292682927,95,1145,1974.0
1637174243,1,GET,/auth/login/,0.000000,0.000000,0,0,0,0,0,0,0,0,0,0,0,1,0,597,597.0,597,597,2961.0
1637174243,1,POST,/auth/login/,0.300000,0.000000,260,260,1800,1800,1800,1800,1800,1800,1800,1800,1800,9,0,920,881.8888888888889,254,1812,9250.555555555555
1637174243,1,GET,/auth/logout/,0.200000,0.000000,12,12,12,12,12,12,12,12,12,12,12,8,0,84,120.875,12,285,1712.0
1637174243,1,POST,/auth/modify-friend/,0.400000,0.000000,140,140,230,230,280,280,280,280,280,280,280,41,0,300,295.6341463414634,137,697,1713.0
1637174243,1,GET,/public/,0.400000,0.000000,210,220,220,220,250,250,250,250,250,250,250,41,0,340,380.609756097561,177,882,10209.414634146342
1637174243,1,,Aggregated,3.200000,0.000000,190,210,220,220,250,260,290,290,290,290,290,250,0,290,352.8,12,1812,5233.656
1637174244,1,GET,/,1.300000,0.000000,210,210,220,240,290,290,290,290,290,290,290,60,0,280,347.25,180,759,8360.566666666668
1637174244,1,POST,/,0.000000,0.000000,0,0,0,0,0,0,0,0,0,0,0,9,0,940,866.4444444444445,496,1151,7429.444444444444
1637174244,1,GET,/auth/find-friends/,1.000000,0.000000,99,100,100,100,110,160,160,160,160,160,160,85,0,240,268.8,95,1145,1974.0
1637174244,1,GET,/auth/login/,0.000000,0.000000,0,0,0,0,0,0,0,0,0,0,0,1,0,597,597.0,597,597,2961.0
1637174244,1,POST,/auth/login/,0.300000,0.000000,260,260,1800,1800,1800,1800,1800,1800,1800,1800,1800,9,0,920,881.8888888888889,254,1812,9250.555555555555
1637174244,1,GET,/auth/logout/,0.200000,0.000000,12,12,12,12,12,12,12,12,12,12,12,8,0,84,120.875,12,285,1712.0
1637174244,1,POST,/auth/modify-friend/,0.500000,0.000000,140,170,230,230,280,280,280,280,280,280,280,42,0,280,292.6904761904762,137,697,1713.0
1637174244,1,GET,/public/,0.500000,0.000000,210,220,220,220,250,250,250,250,250,250,250,43,0,340,372.5813953488372,177,882,10211.720930232557
1637174244,1,,Aggregated,3.800000,0.000000,170,200,220,220,250,260,290,290,290,290,290,257,0,280,347.45525291828795,12,1812,5242.221789883269
1637174245,1,GET,/,1.300000,0.000000,200,220,240,240,290,290,290,290,290,290,290,62,0,280,342.51612903225805,180,759,8433.09677419355
1637174245,1,POST,/,0.000000,0.000000,0,0,0,0,0,0,0,0,0,0,0,9,0,940,866.4444444444445,496,1151,7429.444444444444
1637174245,1,GET,/auth/find-friends/,1.400000,0.000000,97,99,100,100,110,110,110,110,110,110,110,86,0,230,266.77906976744185,95,1145,1974.0
1637174245,1,GET,/auth/login/,0.000000,0.000000,0,0,0,0,0,0,0,0,0,0,0,1,0,597,597.0,597,597,2961.0
1637174245,1,POST,/auth/login/,0.300000,0.000000,260,260,260,260,260,260,260,260,260,260,260,9,0,920,881.8888888888889,254,1812,9250.555555555555
1637174245,1,GET,/auth/logout/,0.200000,0.000000,12,12,12,12,12,12,12,12,12,12,12,8,0,84,120.875,12,285,1712.0
1637174245,1,POST,/auth/modify-friend/,0.600000,0.000000,140,140,170,170,280,280,280,280,280,280,280,43,0,280,289.06976744186045,137,697,1713.0
1637174245,1,GET,/public/,0.700000,0.000000,220,220,220,250,310,310,310,310,310,310,310,44,0,320,371.1363636363636,177,882,10209.84090909091
1637174245,1,,Aggregated,4.500000,0.000000,140,200,210,220,250,280,310,310,310,310,310,262,0,280,344.41984732824426,12,1812,5275.896946564885
1637174246,1,GET,/,1.100000,0.000000,200,200,220,240,290,290,290,290,290,290,290,64,0,280,338.1875,180,759,8497.390625
1637174246,1,POST,/,0.000000,0.000000,0,0,0,0,0,0,0,0,0,0,0,9,0,940,866.4444444444445,496,1151,7429.444444444444
1637174246,1,GET,/auth/find-friends/,1.600000,0.000000,97,98,100,100,110,110,110,110,110,110,110,89,0,220,261.0112359550562,94,1145,1974.0
1637174246,1,GET,/auth/login/,0.000000,0.000000,0,0,0,0,0,0,0,0,0,0,0,1,0,597,597.0,597,597,2961.0
1637174246,1,POST,/auth/login/,0.200000,0.000000,260,260,260,260,260,260,260,260,260,260,260,9,0,920,881.8888888888889,254,1812,9250.555555555555
1637174246,1,GET,/auth/logout/,0.200000,0.000000,12,12,12,12,12,12,12,12,12,12,12,8,0,84,120.875,12,285,1712.0
1637174246,1,POST,/auth/modify-friend/,0.800000,0.000000,140,140,170,170,280,280,280,280,280,280,280,44,0,280,285.6136363636364,137,697,1713.0
1637174246,1,GET,/public/,0.800000,0.000000,220,220,220,250,310,310,310,310,310,310,310,45,0,320,367.15555555555557,177,882,10207.155555555555
1637174246,1,,Aggregated,4.700000,0.000000,140,200,200,220,250,280,310,310,310,310,310,269,0,280,339.2639405204461,12,1812,5282.490706319702
1637174247,1,GET,/,1.100000,0.000000,200,200,220,220,240,290,290,290,290,290,290,67,0,270,332.43283582089555,180,759,8591.716417910447
1637174247,1,POST,/,0.000000,0.000000,0,0,0,0,0,0,0,0,0,0,0,9,0,940,866.4444444444445,496,1151,7429.444444444444
1637174247,1,GET,/auth/find-friends/,1.600000,0.000000,97,98,100,100,110,110,110,110,110,110,110,90,0,220,259.1777777777778,94,1145,1974.0
1637174247,1,GET,/auth/login/,0.000000,0.000000,0,0,0,0,0,0,0,0,0,0,0,1,0,597,597.0,597,597,2961.0
1637174247,1,POST,/auth/login/,0.200000,0.000000,260,260,260,260,260,260,260,260,260,260,260,9,0,920,881.8888888888889,254,1812,9250.555555555555
1637174247,1,GET,/auth/logout/,0.200000,0.000000,12,12,12,12,12,12,12,12,12,12,12,8,0,84,120.875,12,285,1712.0
1637174247,1,POST,/auth/modify-friend/,0.900000,0.000000,140,140,140,170,280,280,280,280,280,280,280,45,0,280,282.44444444444446,137,697,1713.0
1637174247,1,GET,/public/,0.800000,0.000000,220,220,250,250,310,310,310,310,310,310,310,45,0,320,367.15555555555557,177,882,10207.155555555555
1637174247,1,,Aggregated,4.800000,0.000000,170,200,200,220,250,280,310,310,310,310,310,274,0,270,336.24087591240874,12,1812,5315.653284671533
1637174248,1,GET,/,1.000000,0.000000,200,200,210,220,240,290,290,290,290,290,290,70,0,270,326.62857142857143,180,759,8677.957142857143
1637174248,1,POST,/,0.000000,0.000000,0,0,0,0,0,0,0,0,0,0,0,9,0,940,866.4444444444445,496,1151,7429.444444444444
1637174248,1,GET,/auth/find-friends/,1.800000,0.000000,97,98,99,100,110,110,110,110,110,110,110,92,0,210,255.65217391304347,94,1145,1974.0
1637174248,1,GET,/auth/login/,0.000000,0.000000,0,0,0,0,0,0,0,0,0,0,0,1,0,597,597.0,597,597,2961.0
1637174248,1,POST,/auth/login/,0.200000,0.000000,260,260,260,260,260,260,260,260,260,260,260,9,0,920,881.8888888888889,254,1812,9250.555555555555
1637174248,1,GET,/auth/logout/,0.200000,0.000000,12,12,12,12,12,12,12,12,12,12,12,8,0,84,120.875,12,285,1712.0
1637174248,1,POST,/auth/modify-friend/,0.900000,0.000000,140,140,140,170,280,280,280,280,280,280,280,46,0,270,279.2826086956522,137,697,1713.0
1637174248,1,GET,/public/,0.900000,0.000000,210,220,220,250,310,310,310,310,310,310,310,46,0,310,363.67391304347825,177,882,10208.869565217392
1637174248,1,,Aggregated,5.000000,0.000000,190,200,200,210,250,280,310,310,310,310,310,281,0,270,331.88256227758006,12,1812,5353.195729537367
1637174249,1,GET,/,1.100000,0.000000,200,200,220,220,240,290,290,290,290,290,290,71,0,270,325.3380281690141,180,759,8705.267605633802
1637174249,1,POST,/,0.000000,0.000000,0,0,0,0,0,0,0,0,0,0,0,9,0,940,866.4444444444445,496,1151,7429.444444444444
1637174249,1,GET,/auth/find-friends/,1.700000,0.000000,97,98,99,100,110,110,110,110,110,110,110,94,0,210,252.2872340425532,94,1145,1974.0
1637174249,1,GET,/auth/login/,0.000000,0.000000,0,0,0,0,0,0,0,0,0,0,0,1,0,597,597.0,597,597,2961.0
1637174249,1,POST,/auth/login/,0.200000,0.000000,250,250,250,250,250,250,250,250,250,250,250,9,0,920,881.8888888888889,254,1812,9250.555555555555
1637174249,1,GET,/auth/logout/,0.200000,0.000000,12,12,12,12,12,12,12,12,12,12,12,8,0,84,120.875,12,285,1712.0
1637174249,1,POST,/auth/modify-friend/,0.900000,0.000000,140,140,140,170,280,280,280,280,280,280,280,47,0,270,276.2340425531915,136,697,1713.0
1637174249,1,GET,/public/,0.800000,0.000000,210,220,220,250,310,310,310,310,310,310,310,48,0,310,356.7708333333333,177,882,10219.791666666666
1637174249,1,,Aggregated,4.900000,0.000000,170,200,200,200,220,250,250,310,310,310,310,287,0,260,328.29616724738673,12,1812,5370.968641114982
1637174250,1,GET,/,1.300000,0.000000,200,200,220,220,240,290,290,290,290,290,290,73,0,270,323.63013698630135,180,759,8758.589041095891
1637174250,1,POST,/,0.000000,0.000000,0,0,0,0,0,0,0,0,0,0,0,9,0,940,866.4444444444445,496,1151,7429.444444444444
1637174250,1,GET,/auth/find-friends/,1.800000,0.000000,97,99,100,100,110,110,110,110,110,110,110,96,0,200,249.14583333333334,94,1145,1974.0
1637174250,1,GET,/auth/login/,0.000000,0.000000,0,0,0,0,0,0,0,0,0,0,0,1,0,597,597.0,597,597,2961.0
1637174250,1,POST,/auth/login/,0.200000,0.000000,250,250,250,250,250,250,250,250,250,250,250,9,0,920,881.8888888888889,254,1812,9250.555555555555
1637174250,1,GET,/auth/logout/,0.100000,0.000000,12,12,12,12,12,12,12,12,12,12,12,9,0,84,108.77777777777777,12,285,1712.0
1637174250,1,POST,/auth/modify-friend/,0.900000,0.000000,140,140,140,140,170,170,170,170,170,170,170,48,0,240,273.3125,136,697,1713.0
1637174250,1,GET,/public/,0.900000,0.000000,210,220,220,250,310,310,310,310,310,310,310,48,0,310,356.7708333333333,177,882,10219.791666666666
1637174250,1,,Aggregated,5.200000,0.000000,140,200,200,200,220,250,290,310,310,310,310,293,0,260,324.5665529010239,12,1812,5358.853242320819
1637174251,1,GET,/,1.300000,0.000000,200,200,220,220,240,290,290,290,290,290,290,73,0,270,323.63013698630135,180,759,8758.589041095891
1637174251,1,POST,/,0.000000,0.000000,0,0,0,0,0,0,0,0,0,0,0,9,0,940,866.4444444444445,496,1151,7429.444444444444
1637174251,1,GET,/auth/find-friends/,1.800000,0.000000,97,98,99,100,110,110,110,110,110,110,110,96,0,200,249.14583333333334,94,1145,1974.0
1637174251,1,GET,/auth/login/,0.000000,0.000000,0,0,0,0,0,0,0,0,0,0,0,1,0,597,597.0,597,597,2961.0
1637174251,1,POST,/auth/login/,0.200000,0.000000,250,250,250,250,250,250,250,250,250,250,250,9,0,920,881.8888888888889,254,1812,9250.555555555555
1637174251,1,GET,/auth/logout/,0.100000,0.000000,12,12,12,12,12,12,12,12,12,12,12,9,0,84,108.77777777777777,12,285,1712.0
1637174251,1,POST,/auth/modify-friend/,0.900000,0.000000,140,140,140,140,170,170,170,170,170,170,170,48,0,240,273.3125,136,697,1713.0
1637174251,1,GET,/public/,0.900000,0.000000,200,210,220,250,310,310,310,310,310,310,310,48,0,310,356.7708333333333,177,882,10219.791666666666
1637174251,1,,Aggregated,5.200000,0.000000,140,200,200,200,220,250,290,310,310,310,310,293,0,260,324.5665529010239,12,1812,5358.853242320819
1637174252,1,GET,/,1.500000,0.000000,200,210,220,240,240,290,290,290,290,290,290,74,0,260,322.1756756756757,180,759,8785.918918918918
1637174252,1,POST,/,0.000000,0.000000,0,0,0,0,0,0,0,0,0,0,0,9,0,940,866.4444444444445,496,1151,7429.444444444444
1637174252,1,GET,/auth/find-friends/,2.000000,0.000000,98,98,100,100,100,110,110,110,110,110,110,98,0,200,246.1122448979592,94,1145,1974.0
1637174252,1,GET,/auth/login/,0.000000,0.000000,0,0,0,0,0,0,0,0,0,0,0,1,0,597,597.0,597,597,2961.0
1637174252,1,POST,/auth/login/,0.100000,0.000000,270,270,270,270,270,270,270,270,270,270,270,10,0,810,820.6,254,1812,9403.5
1637174252,1,GET,/auth/logout/,0.000000,0.000000,12,12,12,12,12,12,12,12,12,12,12,9,0,84,108.77777777777777,12,285,1712.0
1637174252,1,POST,/auth/modify-friend/,1.000000,0.000000,140,140,140,140,170,170,170,170,170,170,170,49,0,240,270.55102040816325,136,697,1713.0
1637174252,1,GET,/public/,1.000000,0.000000,210,210,220,220,310,310,310,310,310,310,310,49,0,310,353.85714285714283,177,882,10219.30612244898
1637174252,1,,Aggregated,5.600000,0.000000,170,200,200,210,240,270,310,310,310,310,310,299,0,260,321.52508361204013,12,1812,5376.461538461538
1637174253,1,GET,/,1.600000,0.000000,200,220,220,240,240,290,290,290,290,290,290,74,0,260,322.1756756756757,180,759,8785.918918918918
1637174253,1,POST,/,0.000000,0.000000,0,0,0,0,0,0,0,0,0,0,0,9,0,940,866.4444444444445,496,1151,7429.444444444444
1637174253,1,GET,/auth/find-friends/,2.000000,0.000000,98,99,100,100,100,110,110,110,110,110,110,102,0,190,240.3235294117647,94,1145,1974.0
1637174253,1,GET,/auth/login/,0.000000,0.000000,0,0,0,0,0,0,0,0,0,0,0,1,0,597,597.0,597,597,2961.0
1637174253,1,POST,/auth/login/,0.000000,0.000000,270,270,270,270,270,270,270,270,270,270,270,10,0,810,820.6,254,1812,9403.5
1637174253,1,GET,/auth/logout/,0.100000,0.000000,12,12,12,12,12,12,12,12,12,12,12,9,0,84,108.77777777777777,12,285,1712.0
1637174253,1,POST,/auth/modify-friend/,1.000000,0.000000,140,140,140,140,150,150,150,150,150,150,150,50,0,240,268.14,136,697,1713.0
1637174253,1,GET,/public/,1.000000,0.000000,200,210,210,220,310,310,310,310,310,310,310,51,0,300,348.29411764705884,177,882,10220.43137254902
1637174253,1,,Aggregated,5.700000,0.000000,140,200,200,210,220,270,290,310,310,310,310,306,0,250,317.3333333333333,12,1812,5351.85294117647
1637174254,1,GET,/,1.500000,0.000000,200,220,220,240,240,290,290,290,290,290,290,76,0,260,318.94736842105266,180,759,8829.552631578947
1637174254,1,POST,/,0.000000,0.000000,0,0,0,0,0,0,0,0,0,0,0,9,0,940,866.4444444444445,496,1151,7429.444444444444
1637174254,1,GET,/auth/find-friends/,1.900000,0.000000,98,98,99,100,100,100,100,100,100,100,100,104,0,180,237.54807692307693,94,1145,1974.0
1637174254,1,GET,/auth/login/,0.000000,0.000000,0,0,0,0,0,0,0,0,0,0,0,1,0,597,597.0,597,597,2961.0
1637174254,1,POST,/auth/login/,0.100000,0.000000,270,270,270,270,270,270,270,270,270,270,270,10,0,810,820.6,254,1812,9403.5
1637174254,1,GET,/auth/logout/,0.100000,0.000000,13,13,13,13,13,13,13,13,13,13,13,10,0,72,99.2,12,285,1712.0
1637174254,1,POST,/auth/modify-friend/,0.900000,0.000000,140,140,140,150,150,150,150,150,150,150,150,52,0,230,263.34615384615387,136,697,1713.0
1637174254,1,GET,/public/,1.000000,0.000000,200,210,210,220,310,310,310,310,310,310,310,52,0,250,345.34615384615387,177,882,10217.538461538461
1637174254,1,,Aggregated,5.500000,0.000000,140,200,200,210,220,270,290,310,310,310,310,314,0,240,312.7070063694268,12,1812,5343.028662420382
1637174255,1,GET,/,1.500000,0.000000,210,220,240,240,240,290,290,290,290,290,290,76,0,260,318.94736842105266,180,759,8829.552631578947
1637174255,1,POST,/,0.000000,0.000000,0,0,0,0,0,0,0,0,0,0,0,9,0,940,866.4444444444445,496,1151,7429.444444444444
1637174255,1,GET,/auth/find-friends/,1.900000,0.000000,98,99,100,100,100,100,100,100,100,100,100,104,0,180,237.54807692307693,94,1145,1974.0
1637174255,1,GET,/auth/login/,0.000000,0.000000,0,0,0,0,0,0,0,0,0,0,0,1,0,597,597.0,597,597,2961.0
1637174255,1,POST,/auth/login/,0.100000,0.000000,270,270,270,270,270,270,270,270,270,270,270,10,0,810,820.6,254,1812,9403.5
1637174255,1,GET,/auth/logout/,0.100000,0.000000,13,13,13,13,13,13,13,13,13,13,13,10,0,72,99.2,12,285,1712.0
1637174255,1,POST,/auth/modify-friend/,0.900000,0.000000,140,140,150,150,150,150,150,150,150,150,150,52,0,230,263.34615384615387,136,697,1713.0
1637174255,1,GET,/public/,1.000000,0.000000,200,210,210,210,220,220,220,220,220,220,220,52,0,250,345.34615384615387,177,882,10217.538461538461
1637174255,1,,Aggregated,5.500000,0.000000,140,200,200,210,220,240,290,290,290,290,290,314,0,240,312.7070063694268,12,1812,5343.028662420382
1637174256,1,GET,/,1.600000,0.000000,210,220,240,240,290,290,290,290,290,290,290,76,0,260,318.94736842105266,180,759,8829.552631578947
1637174256,1,POST,/,0.000000,0.000000,0,0,0,0,0,0,0,0,0,0,0,9,0,940,866.4444444444445,496,1151,7429.444444444444
1637174256,1,GET,/auth/find-friends/,1.800000,0.000000,98,99,100,100,100,100,100,100,100,100,100,106,0,180,234.88679245283018,94,1145,1974.0
1637174256,1,GET,/auth/login/,0.000000,0.000000,0,0,0,0,0,0,0,0,0,0,0,1,0,597,597.0,597,597,2961.0
1637174256,1,POST,/auth/login/,0.100000,0.000000,270,270,270,270,270,270,270,270,270,270,270,11,0,810,770.4545454545455,254,1812,9490.818181818182
1637174256,1,GET,/auth/logout/,0.100000,0.000000,13,13,13,13,13,13,13,13,13,13,13,10,0,72,99.2,12,285,1712.0
1637174256,1,POST,/auth/modify-friend/,0.900000,0.000000,140,140,150,150,150,150,150,150,150,150,150,53,0,230,261.0377358490566,136,697,1713.0
1637174256,1,GET,/public/,1.000000,0.000000,200,200,210,210,220,220,220,220,220,220,220,54,0,240,339.85185185185185,177,882,10210.314814814816
1637174256,1,,Aggregated,5.500000,0.000000,140,200,200,210,240,270,290,290,290,290,290,320,0,240,309.959375,12,1812,5355.565625
1637174257,1,GET,/,1.400000,0.000000,220,240,240,290,340,340,340,340,340,340,340,78,0,260,317.88461538461536,180,759,8865.461538461539
1637174257,1,POST,/,0.000000,0.000000,0,0,0,0,0,0,0,0,0,0,0,9,0,940,866.4444444444445,496,1151,7429.444444444444
1637174257,1,GET,/auth/find-friends/,1.800000,0.000000,98,98,100,100,100,100,100,100,100,100,100,108,0,180,232.32407407407408,94,1145,1974.0
1637174257,1,GET,/auth/login/,0.000000,0.000000,0,0,0,0,0,0,0,0,0,0,0,1,0,597,597.0,597,597,2961.0
1637174257,1,POST,/auth/login/,0.100000,0.000000,270,270,270,270,270,270,270,270,270,270,270,11,0,810,770.4545454545455,254,1812,9490.818181818182
1637174257,1,GET,/auth/logout/,0.200000,0.000000,13,13,13,13,13,13,13,13,13,13,13,10,0,72,99.2,12,285,1712.0
1637174257,1,POST,/auth/modify-friend/,0.900000,0.000000,140,140,140,150,150,150,150,150,150,150,150,54,0,210,258.72222222222223,136,697,1713.0
1637174257,1,GET,/public/,0.900000,0.000000,200,200,210,210,220,220,220,220,220,220,220,54,0,240,339.85185185185185,177,882,10210.314814814816
1637174257,1,,Aggregated,5.300000,0.000000,140,200,200,210,240,270,340,340,340,340,340,325,0,240,307.91076923076923,12,1812,5353.544615384615
1637174258,1,GET,/,1.200000,0.000000,220,240,290,290,340,340,340,340,340,340,340,79,0,260,316.3164556962025,180,759,8881.443037974683
1637174258,1,POST,/,0.000000,0.000000,0,0,0,0,0,0,0,0,0,0,0,9,0,940,866.4444444444445,496,1151,7429.444444444444
1637174258,1,GET,/auth/find-friends/,1.800000,0.000000,98,98,99,99,100,100,100,100,100,100,100,110,0,180,229.87272727272727,94,1145,1974.0
1637174258,1,GET,/auth/login/,0.000000,0.000000,0,0,0,0,0,0,0,0,0,0,0,1,0,597,597.0,597,597,2961.0
1637174258,1,POST,/auth/login/,0.200000,0.000000,270,270,270,270,270,270,270,270,270,270,270,11,0,810,770.4545454545455,254,1812,9490.818181818182
1637174258,1,GET,/auth/logout/,0.200000,0.000000,13,13,13,13,13,13,13,13,13,13,13,10,0,72,99.2,12,285,1712.0
1637174258,1,POST,/auth/modify-friend/,0.800000,0.000000,140,140,150,150,350,350,350,350,350,350,350,55,0,230,260.4,136,697,1713.0
1637174258,1,GET,/public/,0.900000,0.000000,200,200,210,210,220,220,220,220,220,220,220,55,0,240,337.3454545454546,177,882,10207.818181818182
1637174258,1,,Aggregated,5.100000,0.000000,140,200,200,220,270,290,350,350,350,350,350,330,0,240,306.1,12,1812,5350.8
1637174259,1,GET,/,1.100000,0.000000,210,220,220,240,340,340,340,340,340,340,340,81,0,260,313.5432098765432,180,759,8914.753086419752
1637174259,1,POST,/,0.000000,0.000000,0,0,0,0,0,0,0,0,0,0,0,9,0,940,866.4444444444445,496,1151,7429.444444444444
1637174259,1,GET,/auth/find-friends/,1.800000,0.000000,98,98,98,99,100,100,100,100,100,100,100,112,0,180,227.49107142857142,94,1145,1974.0
1637174259,1,GET,/auth/login/,0.000000,0.000000,0,0,0,0,0,0,0,0,0,0,0,1,0,597,597.0,597,597,2961.0
1637174259,1,POST,/auth/login/,0.200000,0.000000,270,270,270,270,270,270,270,270,270,270,270,11,0,810,770.4545454545455,254,1812,9490.818181818182
1637174259,1,GET,/auth/logout/,0.200000,0.000000,13,13,13,13,13,13,13,13,13,13,13,10,0,72,99.2,12,285,1712.0
1637174259,1,POST,/auth/modify-friend/,0.900000,0.000000,140,140,150,150,350,350,350,350,350,350,350,56,0,210,258.2142857142857,136,697,1713.0
1637174259,1,GET,/public/,0.900000,0.000000,200,200,200,210,220,220,220,220,220,220,220,57,0,220,332.5438596491228,177,882,10200.719298245614
1637174259,1,,Aggregated,5.100000,0.000000,150,200,200,210,240,270,350,350,350,350,350,337,0,230,303.12462908011867,12,1812,5376.548961424332
1637174260,1,GET,/,1.000000,0.000000,210,220,220,220,340,340,340,340,340,340,340,81,0,260,313.5432098765432,180,759,8914.753086419752
1637174260,1,POST,/,0.000000,0.000000,0,0,0,0,0,0,0,0,0,0,0,9,0,940,866.4444444444445,496,1151,7429.444444444444
1637174260,1,GET,/auth/find-friends/,1.800000,0.000000,97,98,98,99,100,180,180,180,180,180,180,116,0,170,223.67241379310346,94,1145,1974.0
1637174260,1,GET,/auth/login/,0.000000,0.000000,0,0,0,0,0,0,0,0,0,0,0,1,0,597,597.0,597,597,2961.0
1637174260,1,POST,/auth/login/,0.200000,0.000000,270,270,270,270,270,270,270,270,270,270,270,11,0,810,770.4545454545455,254,1812,9490.818181818182
1637174260,1,GET,/auth/logout/,0.200000,0.000000,13,13,13,13,13,13,13,13,13,13,13,10,0,72,99.2,12,285,1712.0
1637174260,1,POST,/auth/modify-friend/,0.900000,0.000000,140,150,150,170,350,350,350,350,350,350,350,58,0,190,254.63793103448276,136,697,1713.0
1637174260,1,GET,/public/,0.900000,0.000000,200,200,200,210,220,220,220,220,220,220,220,58,0,220,330.3448275862069,177,882,10200.810344827587
1637174260,1,,Aggregated,5.000000,0.000000,140,200,200,200,220,270,340,350,350,350,350,344,0,220,299.8081395348837,12,1812,5329.7238372093025
1637174261,1,GET,/,0.900000,0.000000,200,210,220,220,340,340,340,340,340,340,340,82,0,260,312.1585365853659,180,759,8930.682926829268
1637174261,1,POST,/,0.000000,0.000000,0,0,0,0,0,0,0,0,0,0,0,9,0,940,866.4444444444445,496,1151,7429.444444444444
1637174261,1,GET,/auth/find-friends/,1.800000,0.000000,97,98,98,98,100,100,180,180,180,180,180,118,0,170,221.54237288135593,94,1145,1974.0
1637174261,1,GET,/auth/login/,0.000000,0.000000,0,0,0,0,0,0,0,0,0,0,0,1,0,597,597.0,597,597,2961.0
1637174261,1,POST,/auth/login/,0.200000,0.000000,270,270,270,270,270,270,270,270,270,270,270,11,0,810,770.4545454545455,254,1812,9490.818181818182
1637174261,1,GET,/auth/logout/,0.200000,0.000000,13,13,13,13,13,13,13,13,13,13,13,10,0,72,99.2,12,285,1712.0
1637174261,1,POST,/auth/modify-friend/,1.000000,0.000000,140,150,150,150,170,350,350,350,350,350,350,59,0,190,252.64406779661016,136,697,1713.0
1637174261,1,GET,/public/,0.900000,0.000000,200,200,200,210,220,220,220,220,220,220,220,59,0,220,328.3728813559322,177,882,10201.847457627118
1637174261,1,,Aggregated,5.000000,0.000000,140,200,200,200,210,270,340,350,350,350,350,349,0,220,297.6532951289398,12,1812,5328.277936962751
1637174262,1,GET,/,0.900000,0.000000,200,200,210,220,340,340,340,340,340,340,340,83,0,260,310.8313253012048,180,759,8946.301204819278
1637174262,1,POST,/,0.000000,0.000000,730,730,730,730,730,730,730,730,730,730,730,10,0,910,853.1,496,1151,7700.6
1637174262,1,GET,/auth/find-friends/,1.900000,0.000000,97,98,98,98,100,180,180,180,180,180,180,118,0,170,221.54237288135593,94,1145,1974.0
1637174262,1,GET,/auth/login/,0.000000,0.000000,0,0,0,0,0,0,0,0,0,0,0,1,0,597,597.0,597,597,2961.0
1637174262,1,POST,/auth/login/,0.200000,0.000000,270,270,270,270,270,270,270,270,270,270,270,11,0,810,770.4545454545455,254,1812,9490.818181818182
1637174262,1,GET,/auth/logout/,0.200000,0.000000,13,13,13,13,13,13,13,13,13,13,13,10,0,72,99.2,12,285,1712.0
1637174262,1,POST,/auth/modify-friend/,0.900000,0.000000,140,140,150,170,350,350,350,350,350,350,350,59,0,190,252.64406779661016,136,697,1713.0
1637174262,1,GET,/public/,1.000000,0.000000,200,200,200,210,230,230,230,230,230,230,230,60,0,220,326.6666666666667,177,882,10199.4
1637174262,1,,Aggregated,5.100000,0.000000,150,200,200,200,230,340,730,730,730,730,730,352,0,220,298.41477272727275,12,1812,5369.295454545455
1637174263,1,GET,/,0.800000,0.000000,200,200,210,220,340,340,340,340,340,340,340,83,0,260,310.8313253012048,180,759,8946.301204819278
1637174263,1,POST,/,0.000000,0.000000,730,730,730,730,730,730,730,730,730,730,730,10,0,910,853.1,496,1151,7700.6
1637174263,1,GET,/auth/find-friends/,2.200000,0.000000,97,98,98,98,110,180,180,180,180,180,180,122,0,160,217.5983606557377,94,1145,1974.0
1637174263,1,GET,/auth/login/,0.000000,0.000000,0,0,0,0,0,0,0,0,0,0,0,1,0,597,597.0,597,597,2961.0
1637174263,1,POST,/auth/login/,0.200000,0.000000,270,270,270,270,270,270,270,270,270,270,270,11,0,810,770.4545454545455,254,1812,9490.818181818182
1637174263,1,GET,/auth/logout/,0.100000,0.000000,13,13,13,13,13,13,13,13,13,13,13,10,0,72,99.2,12,285,1712.0
1637174263,1,POST,/auth/modify-friend/,1.100000,0.000000,140,140,150,170,350,350,350,350,350,350,350,61,0,170,248.91803278688525,136,697,1713.0
1637174263,1,GET,/public/,1.100000,0.000000,200,200,200,210,230,230,230,230,230,230,230,61,0,220,324.59016393442624,177,882,10198.393442622952
1637174263,1,,Aggregated,5.500000,0.000000,140,200,200,200,230,340,730,730,730,730,730,359,0,220,295.0557103064067,12,1812,5324.378830083566
1637174264,1,GET,/,0.800000,0.000000,200,200,210,210,220,340,340,340,340,340,340,87,0,250,305.8045977011494,180,759,9015.448275862069
1637174264,1,POST,/,0.000000,0.000000,730,730,730,730,730,730,730,730,730,730,730,10,0,910,853.1,496,1151,7700.6
1637174264,1,GET,/auth/find-friends/,2.200000,0.000000,98,98,98,98,110,180,180,180,180,180,180,122,0,160,217.5983606557377,94,1145,1974.0
1637174264,1,GET,/auth/login/,0.000000,0.000000,0,0,0,0,0,0,0,0,0,0,0,1,0,597,597.0,597,597,2961.0
1637174264,1,POST,/auth/login/,0.200000,0.000000,270,270,270,270,270,270,270,270,270,270,270,11,0,810,770.4545454545455,254,1812,9490.818181818182
1637174264,1,GET,/auth/logout/,0.100000,0.000000,13,13,13,13,13,13,13,13,13,13,13,11,0,72,91.36363636363636,12,285,1712.0
1637174264,1,POST,/auth/modify-friend/,1.100000,0.000000,140,140,150,170,350,350,350,350,350,350,350,61,0,170,248.91803278688525,136,697,1713.0
1637174264,1,GET,/public/,1.100000,0.000000,200,200,200,210,230,230,230,230,230,230,230,61,0,220,324.59016393442624,177,882,10198.393442622952
1637174264,1,,Aggregated,5.500000,0.000000,170,200,200,200,230,340,730,730,730,730,730,364,0,220,293.25274725274727,12,1812,5370.7829670329675
1637174265,1,GET,/,0.900000,0.000000,200,200,210,210,220,340,340,340,340,340,340,87,0,250,305.8045977011494,180,759,9015.448275862069
1637174265,1,POST,/,0.100000,0.000000,730,730,730,730,730,730,730,730,730,730,730,10,0,910,853.1,496,1151,7700.6
1637174265,1,GET,/auth/find-friends/,2.100000,0.000000,98,98,98,98,110,180,180,180,180,180,180,122,0,160,217.5983606557377,94,1145,1974.0
1637174265,1,GET,/auth/login/,0.000000,0.000000,0,0,0,0,0,0,0,0,0,0,0,1,0,597,597.0,597,597,2961.0
1637174265,1,POST,/auth/login/,0.100000,0.000000,270,270,270,270,270,270,270,270,270,270,270,12,0,470,728.0,254,1812,9566.916666666666
1637174265,1,GET,/auth/logout/,0.100000,0.000000,13,13,13,13,13,13,13,13,13,13,13,11,0,72,91.36363636363636,12,285,1712.0
1637174265,1,POST,/auth/modify-friend/,1.000000,0.000000,140,140,140,170,350,350,350,350,350,350,350,61,0,170,248.91803278688525,136,697,1713.0
1637174265,1,GET,/public/,1.000000,0.000000,200,200,210,210,230,230,230,230,230,230,230,61,0,220,324.59016393442624,177,882,10198.393442622952
1637174265,1,,Aggregated,5.300000,0.000000,170,200,200,200,230,340,730,730,730,730,730,365,0,220,293.16438356164383,12,1812,5384.572602739726
1637174266,1,GET,/,1.100000,0.000000,200,200,220,220,220,340,340,340,340,340,340,89,0,240,303.86516853932585,180,759,9045.730337078652
1637174266,1,POST,/,0.100000,0.000000,730,730,730,730,730,730,730,730,730,730,730,11,0,910,827.9090909090909,496,1151,7938.545454545455
1637174266,1,GET,/auth/find-friends/,2.000000,0.000000,98,98,98,100,110,180,180,180,180,180,180,122,0,160,217.5983606557377,94,1145,1974.0
1637174266,1,GET,/auth/login/,0.000000,0.000000,0,0,0,0,0,0,0,0,0,0,0,1,0,597,597.0,597,597,2961.0
1637174266,1,POST,/auth/login/,0.100000,0.000000,270,270,270,270,270,270,270,270,270,270,270,12,0,470,728.0,254,1812,9566.916666666666
1637174266,1,GET,/auth/logout/,0.200000,0.000000,13,13,13,13,13,13,13,13,13,13,13,11,0,72,91.36363636363636,12,285,1712.0
1637174266,1,POST,/auth/modify-friend/,1.000000,0.000000,140,140,170,170,350,350,350,350,350,350,350,61,0,170,248.91803278688525,136,697,1713.0
1637174266,1,GET,/public/,0.900000,0.000000,200,200,210,210,230,230,230,230,230,230,230,61,0,220,324.59016393442624,177,882,10198.393442622952
1637174266,1,,Aggregated,5.400000,0.000000,200,200,200,210,260,350,730,730,730,730,730,368,0,220,293.5326086956522,12,1812,5425.035326086957
1637174267,1,GET,/,1.100000,0.000000,200,200,210,210,220,220,220,220,220,220,220,89,0,240,303.86516853932585,180,759,9045.730337078652
1637174267,1,POST,/,0.100000,0.000000,730,730,730,730,730,730,730,730,730,730,730,11,0,910,827.9090909090909,496,1151,7938.545454545455
1637174267,1,GET,/auth/find-friends/,1.800000,0.000000,98,100,100,110,110,180,180,180,180,180,180,125,0,140,214.872,94,1145,1974.0
1637174267,1,GET,/auth/login/,0.000000,0.000000,0,0,0,0,0,0,0,0,0,0,0,1,0,597,597.0,597,597,2961.0
1637174267,1,POST,/auth/login/,0.100000,0.000000,270,270,270,270,270,270,270,270,270,270,270,12,0,470,728.0,254,1812,9566.916666666666
1637174267,1,GET,/auth/logout/,0.100000,0.000000,13,13,13,13,13,13,13,13,13,13,13,11,0,72,91.36363636363636,12,285,1712.0
1637174267,1,POST,/auth/modify-friend/,0.900000,0.000000,140,140,170,170,220,220,220,220,220,220,220,62,0,170,248.46774193548387,136,697,1713.0
1637174267,1,GET,/public/,0.900000,0.000000,210,220,230,230,230,230,230,230,230,230,230,63,0,220,321.4761904761905,177,882,10189.269841269841
1637174267,1,,Aggregated,5.000000,0.000000,190,200,200,220,230,260,730,730,730,730,730,374,0,220,291.4598930481283,12,1812,5411.417112299465
1637174268,1,GET,/,1.300000,0.000000,200,210,220,220,230,230,230,230,230,230,230,90,0,240,303.02222222222224,180,759,9060.177777777777
1637174268,1,POST,/,0.100000,0.000000,730,730,730,730,730,730,730,730,730,730,730,11,0,910,827.9090909090909,496,1151,7938.545454545455
1637174268,1,GET,/auth/find-friends/,1.600000,0.000000,99,100,100,100,110,180,180,180,180,180,180,128,0,130,212.15625,94,1145,1974.0
1637174268,1,GET,/auth/login/,0.000000,0.000000,0,0,0,0,0,0,0,0,0,0,0,1,0,597,597.0,597,597,2961.0
1637174268,1,POST,/auth/login/,0.100000,0.000000,270,270,270,270,270,270,270,270,270,270,270,12,0,470,728.0,254,1812,9566.916666666666
1637174268,1,GET,/auth/logout/,0.100000,0.000000,13,13,13,13,13,13,13,13,13,13,13,12,0,13,84.66666666666667,11,285,1712.0
1637174268,1,POST,/auth/modify-friend/,0.900000,0.000000,140,140,170,170,220,220,220,220,220,220,220,64,0,170,245.03125,136,697,1713.0
1637174268,1,GET,/public/,0.800000,0.000000,210,220,230,230,230,230,230,230,230,230,230,64,0,220,319.625,177,882,10182.75
1637174268,1,,Aggregated,4.900000,0.000000,170,200,210,220,230,260,730,730,730,730,730,382,0,220,288.0157068062827,11,1812,5379.706806282723
1637174269,1,GET,/,1.300000,0.000000,200,210,220,220,230,230,230,230,230,230,230,90,0,240,303.02222222222224,180,759,9060.177777777777
1637174269,1,POST,/,0.100000,0.000000,730,730,730,730,730,730,730,730,730,730,730,11,0,910,827.9090909090909,496,1151,7938.545454545455
1637174269,1,GET,/auth/find-friends/,1.600000,0.000000,100,100,100,110,110,180,180,180,180,180,180,128,0,130,212.15625,94,1145,1974.0
1637174269,1,GET,/auth/login/,0.000000,0.000000,0,0,0,0,0,0,0,0,0,0,0,1,0,597,597.0,597,597,2961.0
1637174269,1,POST,/auth/login/,0.100000,0.000000,270,270,270,270,270,270,270,270,270,270,270,12,0,470,728.0,254,1812,9566.916666666666
1637174269,1,GET,/auth/logout/,0.100000,0.000000,13,13,13,13,13,13,13,13,13,13,13,12,0,13,84.66666666666667,11,285,1712.0
1637174269,1,POST,/auth/modify-friend/,0.900000,0.000000,140,140,170,170,220,220,220,220,220,220,220,64,0,170,245.03125,136,697,1713.0
1637174269,1,GET,/public/,0.800000,0.000000,220,220,230,230,230,230,230,230,230,230,230,64,0,220,319.625,177,882,10182.75
1637174269,1,,Aggregated,4.900000,0.000000,180,200,220,220,230,580,730,730,730,730,730,382,0,220,288.0157068062827,11,1812,5379.706806282723
1637174270,1,GET,/,1.100000,0.000000,200,220,220,220,230,350,350,350,350,350,350,92,0,240,302.64130434782606,180,759,9090.108695652174
1637174270,1,POST,/,0.200000,0.000000,730,730,730,730,730,730,730,730,730,730,730,11,0,910,827.9090909090909,496,1151,7938.545454545455
1637174270,1,GET,/auth/find-friends/,1.800000,0.000000,100,100,100,110,110,180,180,180,180,180,180,128,0,130,212.15625,94,1145,1974.0
1637174270,1,GET,/auth/login/,0.000000,0.000000,0,0,0,0,0,0,0,0,0,0,0,1,0,597,597.0,597,597,2961.0
1637174270,1,POST,/auth/login/,0.100000,0.000000,300,300,300,300,300,300,300,300,300,300,300,13,0,470,695.3076923076923,254,1812,9637.0
1637174270,1,GET,/auth/logout/,0.100000,0.000000,13,13,13,13,13,13,13,13,13,13,13,12,0,13,84.66666666666667,11,285,1712.0
1637174270,1,POST,/auth/modify-friend/,0.800000,0.000000,140,140,170,170,220,220,220,220,220,220,220,64,0,170,245.03125,136,697,1713.0
1637174270,1,GET,/public/,0.900000,0.000000,220,220,230,230,230,230,230,230,230,230,230,64,0,220,319.625,177,882,10182.75
1637174270,1,,Aggregated,5.000000,0.000000,200,220,220,230,300,580,730,730,730,730,730,385,0,220,288.04155844155844,11,1812,5419.220779220779
1637174271,1,GET,/,1.000000,0.000000,220,220,220,220,230,350,350,350,350,350,350,93,0,240,301.76344086021504,180,759,9105.10752688172
1637174271,1,POST,/,0.200000,0.000000,730,730,730,730,730,730,730,730,730,730,730,11,0,910,827.9090909090909,496,1151,7938.545454545455
1637174271,1,GET,/auth/find-friends/,1.600000,0.000000,100,100,110,110,110,110,110,110,110,110,110,130,0,120,210.56153846153848,94,1145,1974.0
1637174271,1,GET,/auth/login/,0.000000,0.000000,0,0,0,0,0,0,0,0,0,0,0,1,0,597,597.0,597,597,2961.0
1637174271,1,POST,/auth/login/,0.100000,0.000000,300,300,300,300,300,300,300,300,300,300,300,13,0,470,695.3076923076923,254,1812,9637.0
1637174271,1,GET,/auth/logout/,0.200000,0.000000,13,13,13,13,13,13,13,13,13,13,13,12,0,13,84.66666666666667,11,285,1712.0
1637174271,1,POST,/auth/modify-friend/,0.800000,0.000000,140,140,140,140,220,220,220,220,220,220,220,65,0,170,243.44615384615383,136,697,1713.0
1637174271,1,GET,/public/,0.800000,0.000000,230,230,230,230,350,350,350,350,350,350,350,65,0,220,320.0615384615385,177,882,10185.16923076923
1637174271,1,,Aggregated,4.700000,0.000000,200,220,220,230,300,350,580,580,580,580,580,390,0,220,286.7282051282051,11,1812,5417.656410256411
1637174272,1,GET,/,1.000000,0.000000,220,220,220,230,350,350,350,350,350,350,350,93,0,240,301.76344086021504,180,759,9105.10752688172
1637174272,1,POST,/,0.200000,0.000000,720,720,730,730,730,730,730,730,730,730,730,12,0,730,818.9166666666666,496,1151,8160.333333333333
1637174272,1,GET,/auth/find-friends/,1.300000,0.000000,100,100,110,110,110,110,110,110,110,110,110,132,0,110,208.87121212121212,94,1145,1974.0
1637174272,1,GET,/auth/login/,0.000000,0.000000,0,0,0,0,0,0,0,0,0,0,0,1,0,597,597.0,597,597,2961.0
1637174272,1,POST,/auth/login/,0.200000,0.000000,300,300,300,300,300,300,300,300,300,300,300,13,0,470,695.3076923076923,254,1812,9637.0
1637174272,1,GET,/auth/logout/,0.200000,0.000000,13,13,13,13,13,13,13,13,13,13,13,12,0,13,84.66666666666667,11,285,1712.0
1637174272,1,POST,/auth/modify-friend/,0.700000,0.000000,140,140,140,220,220,220,220,220,220,220,220,65,0,170,243.44615384615383,136,697,1713.0
1637174272,1,GET,/public/,0.600000,0.000000,220,230,230,230,350,350,350,350,350,350,350,66,0,220,318.5,177,882,10185.151515151516
1637174272,1,,Aggregated,4.200000,0.000000,200,220,220,230,350,580,720,720,720,720,720,394,0,220,286.6979695431472,11,1812,5425.426395939086
1637174273,1,GET,/,1.100000,0.000000,220,220,230,230,240,350,350,350,350,350,350,96,0,240,299.3541666666667,180,759,9153.5625
1637174273,1,POST,/,0.200000,0.000000,720,720,720,720,720,720,720,720,720,720,720,12,0,730,818.9166666666666,496,1151,8160.333333333333
1637174273,1,GET,/auth/find-friends/,1.200000,0.000000,100,100,110,110,110,110,110,110,110,110,110,132,0,110,208.87121212121212,94,1145,1974.0
1637174273,1,GET,/auth/login/,0.000000,0.000000,0,0,0,0,0,0,0,0,0,0,0,1,0,597,597.0,597,597,2961.0
1637174273,1,POST,/auth/login/,0.200000,0.000000,300,300,300,300,300,300,300,300,300,300,300,13,0,470,695.3076923076923,254,1812,9637.0
1637174273,1,GET,/auth/logout/,0.200000,0.000000,13,13,13,13,13,13,13,13,13,13,13,12,0,13,84.66666666666667,11,285,1712.0
1637174273,1,POST,/auth/modify-friend/,0.600000,0.000000,140,140,150,150,220,220,220,220,220,220,220,66,0,170,242.0151515151515,136,697,1713.0
1637174273,1,GET,/public/,0.600000,0.000000,220,230,230,230,350,350,350,350,350,350,350,66,0,220,318.5,177,882,10185.151515151516
1637174273,1,,Aggregated,4.100000,0.000000,200,220,220,230,300,350,720,720,720,720,720,398,0,220,285.88442211055275,11,1812,5455.522613065326
1637174274,1,GET,/,1.100000,0.000000,220,230,230,230,240,350,350,350,350,350,350,98,0,240,297.59183673469386,180,759,9180.081632653062
1637174274,1,POST,/,0.200000,0.000000,580,580,720,720,720,720,720,720,720,720,720,13,0,730,796.9230769230769,496,1151,8336.692307692309
1637174274,1,GET,/auth/find-friends/,1.200000,0.000000,100,100,110,110,110,110,110,110,110,110,110,132,0,110,208.87121212121212,94,1145,1974.0
1637174274,1,GET,/auth/login/,0.000000,0.000000,0,0,0,0,0,0,0,0,0,0,0,1,0,597,597.0,597,597,2961.0
1637174274,1,POST,/auth/login/,0.200000,0.000000,300,300,300,300,300,300,300,300,300,300,300,13,0,470,695.3076923076923,254,1812,9637.0
1637174274,1,GET,/auth/logout/,0.200000,0.000000,13,13,13,13,13,13,13,13,13,13,13,12,0,13,84.66666666666667,11,285,1712.0
1637174274,1,POST,/auth/modify-friend/,0.600000,0.000000,140,150,150,220,220,220,220,220,220,220,220,66,0,170,242.0151515151515,136,697,1713.0
1637174274,1,GET,/public/,0.600000,0.000000,220,220,230,230,350,350,350,350,350,350,350,67,0,220,316.7761194029851,177,882,10184.701492537313
1637174274,1,,Aggregated,4.100000,0.000000,220,220,230,240,350,580,720,720,720,720,720,402,0,220,285.9303482587065,11,1812,5504.507462686567
1637174275,1,GET,/,1.200000,0.000000,220,220,230,230,240,350,350,350,350,350,350,99,0,240,296.6969696969697,180,759,9192.242424242424
1637174275,1,POST,/,0.200000,0.000000,580,580,720,720,720,720,720,720,720,720,720,13,0,730,796.9230769230769,496,1151,8336.692307692309
1637174275,1,GET,/auth/find-friends/,1.100000,0.000000,100,100,100,110,110,110,110,110,110,110,110,136,0,110,205.61029411764707,94,1145,1974.0
1637174275,1,GET,/auth/login/,0.000000,0.000000,0,0,0,0,0,0,0,0,0,0,0,1,0,597,597.0,597,597,2961.0
1637174275,1,POST,/auth/login/,0.200000,0.000000,300,300,300,300,300,300,300,300,300,300,300,13,0,470,695.3076923076923,254,1812,9637.0
1637174275,1,GET,/auth/logout/,0.200000,0.000000,11,11,11,11,11,11,11,11,11,11,11,12,0,13,84.66666666666667,11,285,1712.0
1637174275,1,POST,/auth/modify-friend/,0.600000,0.000000,140,140,150,150,220,220,220,220,220,220,220,67,0,170,240.44776119402985,136,697,1713.0
1637174275,1,GET,/public/,0.500000,0.000000,220,220,230,230,350,350,350,350,350,350,350,68,0,220,315.04411764705884,177,882,10183.0
1637174275,1,,Aggregated,4.000000,0.000000,200,220,220,230,350,530,720,720,720,720,720,409,0,220,283.3276283618582,11,1812,5483.799511002445
1637174276,1,GET,/,1.200000,0.000000,220,230,230,230,240,350,350,350,350,350,350,100,0,230,295.87,180,759,9204.09
1637174276,1,POST,/,0.200000,0.000000,580,580,720,720,720,720,720,720,720,720,720,13,0,730,796.9230769230769,496,1151,8336.692307692309
1637174276,1,GET,/auth/find-friends/,1.100000,0.000000,100,100,110,110,110,110,110,110,110,110,110,136,0,110,205.61029411764707,94,1145,1974.0
1637174276,1,GET,/auth/login/,0.000000,0.000000,0,0,0,0,0,0,0,0,0,0,0,1,0,597,597.0,597,597,2961.0
1637174276,1,POST,/auth/login/,0.200000,0.000000,300,300,300,300,300,300,300,300,300,300,300,13,0,470,695.3076923076923,254,1812,9637.0
1637174276,1,GET,/auth/logout/,0.200000,0.000000,11,11,11,11,11,11,11,11,11,11,11,13,0,13,79.0,11,285,1712.0
1637174276,1,POST,/auth/modify-friend/,0.600000,0.000000,140,140,140,140,150,150,150,150,150,150,150,68,0,170,239.02941176470588,136,697,1713.0
1637174276,1,GET,/public/,0.500000,0.000000,220,220,230,230,350,350,350,350,350,350,350,68,0,220,315.04411764705884,177,882,10183.0
1637174276,1,,Aggregated,4.000000,0.000000,200,210,220,230,350,530,720,720,720,720,720,412,0,210,282.1601941747573,11,1812,5477.368932038835
1637174277,1,GET,/,1.200000,0.000000,220,230,230,230,240,350,350,350,350,350,350,100,0,230,295.87,180,759,9204.09
1637174277,1,POST,/,0.300000,0.000000,580,580,720,720,720,720,720,720,720,720,720,13,0,730,796.9230769230769,496,1151,8336.692307692309
1637174277,1,GET,/auth/find-friends/,1.200000,0.000000,100,100,100,110,110,110,110,110,110,110,110,138,0,110,204.05072463768116,94,1145,1974.0
1637174277,1,GET,/auth/login/,0.000000,0.000000,0,0,0,0,0,0,0,0,0,0,0,1,0,597,597.0,597,597,2961.0
1637174277,1,POST,/auth/login/,0.200000,0.000000,300,300,300,300,300,300,300,300,300,300,300,14,0,300,663.3571428571429,248,1812,9691.42857142857
1637174277,1,GET,/auth/logout/,0.100000,0.000000,11,11,11,11,11,11,11,11,11,11,11,13,0,13,79.0,11,285,1712.0
1637174277,1,POST,/auth/modify-friend/,0.600000,0.000000,140,140,140,150,150,150,150,150,150,150,150,68,0,170,239.02941176470588,136,697,1713.0
1637174277,1,GET,/public/,0.600000,0.000000,200,220,230,230,350,350,350,350,350,350,350,69,0,220,313.2608695652174,177,882,10184.826086956522
1637174277,1,,Aggregated,4.200000,0.000000,200,220,220,230,350,530,720,720,720,720,720,416,0,210,280.97596153846155,11,1812,5483.971153846154
1637174278,1,GET,/,1.100000,0.000000,220,220,230,230,240,350,350,350,350,350,350,101,0,230,294.94059405940595,180,759,9215.89108910891
1637174278,1,POST,/,0.300000,0.000000,720,720,720,720,720,720,720,720,720,720,720,13,0,730,796.9230769230769,496,1151,8336.692307692309
1637174278,1,GET,/auth/find-friends/,1.400000,0.000000,100,100,100,100,110,110,110,110,110,110,110,140,0,110,202.62142857142857,94,1145,1974.0
1637174278,1,GET,/auth/login/,0.000000,0.000000,0,0,0,0,0,0,0,0,0,0,0,1,0,597,597.0,597,597,2961.0
1637174278,1,POST,/auth/login/,0.100000,0.000000,300,300,300,300,300,300,300,300,300,300,300,14,0,300,663.3571428571429,248,1812,9691.42857142857
1637174278,1,GET,/auth/logout/,0.200000,0.000000,11,11,11,11,11,11,11,11,11,11,11,13,0,13,79.0,11,285,1712.0
1637174278,1,POST,/auth/modify-friend/,0.700000,0.000000,140,140,150,150,160,160,160,160,160,160,160,70,0,160,236.4857142857143,136,697,1713.0
1637174278,1,GET,/public/,0.700000,0.000000,200,200,220,220,350,350,350,350,350,350,350,70,0,220,311.64285714285717,177,882,10185.942857142858
1637174278,1,,Aggregated,4.500000,0.000000,200,210,220,230,350,530,720,720,720,720,720,422,0,210,279.13744075829385,11,1812,5472.428909952607
1637174279,1,GET,/,1.100000,0.000000,220,220,220,220,230,240,240,240,240,240,240,102,0,230,294.1666666666667,180,759,9228.137254901962
1637174279,1,POST,/,0.300000,0.000000,720,720,720,720,720,720,720,720,720,720,720,13,0,730,796.9230769230769,496,1151,8336.692307692309
1637174279,1,GET,/auth/find-friends/,1.400000,0.000000,100,100,100,100,110,110,110,110,110,110,110,142,0,110,201.14084507042253,94,1145,1974.0
1637174279,1,GET,/auth/login/,0.000000,0.000000,0,0,0,0,0,0,0,0,0,0,0,1,0,597,597.0,597,597,2961.0
1637174279,1,POST,/auth/login/,0.100000,0.000000,300,300,300,300,300,300,300,300,300,300,300,14,0,300,663.3571428571429,248,1812,9691.42857142857
1637174279,1,GET,/auth/logout/,0.200000,0.000000,11,11,11,11,11,11,11,11,11,11,11,13,0,13,79.0,11,285,1712.0
1637174279,1,POST,/auth/modify-friend/,0.700000,0.000000,140,150,160,160,160,160,160,160,160,160,160,71,0,160,235.45070422535213,136,697,1713.0
1637174279,1,GET,/public/,0.700000,0.000000,200,210,220,220,350,350,350,350,350,350,350,71,0,220,310.2112676056338,177,882,10184.718309859154
1637174279,1,,Aggregated,4.500000,0.000000,160,210,220,220,240,350,720,720,720,720,720,427,0,210,277.7049180327869,11,1812,5469.765807962529
1637174280,1,GET,/,1.100000,0.000000,220,220,220,230,240,240,240,240,240,240,240,102,0,230,294.1666666666667,180,759,9228.137254901962
1637174280,1,POST,/,0.200000,0.000000,530,530,720,720,720,720,720,720,720,720,720,14,0,720,777.5714285714286,496,1151,8487.785714285714
1637174280,1,GET,/auth/find-friends/,1.200000,0.000000,100,100,100,100,110,110,110,110,110,110,110,142,0,110,201.14084507042253,94,1145,1974.0
1637174280,1,GET,/auth/login/,0.000000,0.000000,0,0,0,0,0,0,0,0,0,0,0,1,0,597,597.0,597,597,2961.0
1637174280,1,POST,/auth/login/,0.200000,0.000000,300,300,300,300,300,300,300,300,300,300,300,14,0,300,663.3571428571429,248,1812,9691.42857142857
1637174280,1,GET,/auth/logout/,0.200000,0.000000,11,11,11,11,11,11,11,11,11,11,11,14,0,13,74.0,9,285,1712.0
1637174280,1,POST,/auth/modify-friend/,0.600000,0.000000,140,150,160,160,160,160,160,160,160,160,160,71,0,160,235.45070422535213,136,697,1713.0
1637174280,1,GET,/public/,0.600000,0.000000,200,210,220,220,350,350,350,350,350,350,350,71,0,220,310.2112676056338,177,882,10184.718309859154
1637174280,1,,Aggregated,4.100000,0.000000,190,210,220,220,250,530,720,720,720,720,720,429,0,210,277.65734265734267,9,1812,5472.620046620046
1637174281,1,GET,/,1.200000,0.000000,210,220,220,230,240,240,240,240,240,240,240,102,0,230,294.1666666666667,180,759,9228.137254901962
1637174281,1,POST,/,0.200000,0.000000,530,530,720,720,720,720,720,720,720,720,720,14,0,720,777.5714285714286,496,1151,8487.785714285714
1637174281,1,GET,/auth/find-friends/,1.400000,0.000000,100,100,100,100,110,220,220,220,220,220,220,144,0,110,200.68055555555554,94,1145,1974.0
1637174281,1,GET,/auth/login/,0.000000,0.000000,0,0,0,0,0,0,0,0,0,0,0,1,0,597,597.0,597,597,2961.0
1637174281,1,POST,/auth/login/,0.200000,0.000000,260,260,300,300,300,300,300,300,300,300,300,15,0,300,636.2,248,1812,9742.666666666666
1637174281,1,GET,/auth/logout/,0.100000,0.000000,11,11,11,11,11,11,11,11,11,11,11,14,0,13,74.0,9,285,1712.0
1637174281,1,POST,/auth/modify-friend/,0.700000,0.000000,150,150,160,160,160,160,160,160,160,160,160,71,0,160,235.45070422535213,136,697,1713.0
1637174281,1,GET,/public/,0.700000,0.000000,200,200,210,210,220,220,220,220,220,220,220,72,0,220,308.68055555555554,177,882,10182.291666666666
1637174281,1,,Aggregated,4.500000,0.000000,190,210,210,220,240,260,530,530,530,530,530,433,0,210,276.9214780600462,9,1812,5478.45727482679
1637174282,1,GET,/,1.200000,0.000000,210,220,220,220,220,220,220,220,220,220,220,104,0,230,292.65384615384613,180,759,9254.615384615385
1637174282,1,POST,/,0.200000,0.000000,530,530,530,530,530,530,530,530,530,530,530,14,0,720,777.5714285714286,496,1151,8487.785714285714
1637174282,1,GET,/auth/find-friends/,1.400000,0.000000,100,100,100,100,110,220,220,220,220,220,220,144,0,110,200.68055555555554,94,1145,1974.0
1637174282,1,GET,/auth/login/,0.000000,0.000000,0,0,0,0,0,0,0,0,0,0,0,1,0,597,597.0,597,597,2961.0
1637174282,1,POST,/auth/login/,0.200000,0.000000,260,260,260,260,260,260,260,260,260,260,260,15,0,300,636.2,248,1812,9742.666666666666
1637174282,1,GET,/auth/logout/,0.100000,0.000000,11,11,11,11,11,11,11,11,11,11,11,14,0,13,74.0,9,285,1712.0
1637174282,1,POST,/auth/modify-friend/,0.700000,0.000000,150,150,160,160,160,160,160,160,160,160,160,72,0,160,234.29166666666666,136,697,1713.0
1637174282,1,GET,/public/,0.700000,0.000000,200,200,210,210,220,220,220,220,220,220,220,72,0,220,308.68055555555554,177,882,10182.291666666666
1637174282,1,,Aggregated,4.500000,0.000000,190,210,210,220,250,530,530,530,530,530,530,436,0,210,276.3532110091743,9,1812,5493.337155963302
1637174283,1,GET,/,1.000000,0.000000,220,220,220,220,450,450,450,450,450,450,450,105,0,230,294.18095238095236,180,759,9267.228571428572
1637174283,1,POST,/,0.300000,0.000000,530,530,530,530,530,530,530,530,530,530,530,15,0,720,759.8,496,1151,8628.0
1637174283,1,GET,/auth/find-friends/,1.200000,0.000000,100,100,100,110,220,220,220,220,220,220,220,145,0,110,200.7793103448276,94,1145,1974.0
1637174283,1,GET,/auth/login/,0.000000,0.000000,0,0,0,0,0,0,0,0,0,0,0,1,0,597,597.0,597,597,2961.0
1637174283,1,POST,/auth/login/,0.200000,0.000000,260,260,260,260,260,260,260,260,260,260,260,15,0,300,636.2,248,1812,9742.666666666666
1637174283,1,GET,/auth/logout/,0.200000,0.000000,11,11,11,11,11,11,11,11,11,11,11,14,0,13,74.0,9,285,1712.0
1637174283,1,POST,/auth/modify-friend/,0.600000,0.000000,150,150,160,160,160,160,160,160,160,160,160,72,0,160,234.29166666666666,136,697,1713.0
1637174283,1,GET,/public/,0.700000,0.000000,200,200,210,210,280,280,280,280,280,280,280,73,0,220,308.28767123287673,177,882,10179.945205479453
1637174283,1,,Aggregated,4.200000,0.000000,200,210,220,220,280,510,530,530,530,530,530,440,0,210,277.1568181818182,9,1812,5518.75
1637174284,1,GET,/,1.100000,0.000000,220,220,280,280,450,450,450,450,450,450,450,106,0,230,294.0566037735849,180,759,9279.641509433963
1637174284,1,POST,/,0.200000,0.000000,530,530,530,530,530,530,530,530,530,530,530,15,0,720,759.8,496,1151,8628.0
1637174284,1,GET,/auth/find-friends/,1.400000,0.000000,100,100,220,220,220,290,290,290,290,290,290,146,0,110,201.41095890410958,94,1145,1974.0
1637174284,1,GET,/auth/login/,0.000000,0.000000,0,0,0,0,0,0,0,0,0,0,0,1,0,597,597.0,597,597,2961.0
1637174284,1,POST,/auth/login/,0.200000,0.000000,260,260,260,260,260,260,260,260,260,260,260,15,0,300,636.2,248,1812,9742.666666666666
1637174284,1,GET,/auth/logout/,0.200000,0.000000,11,11,11,11,11,11,11,11,11,11,11,14,0,13,74.0,9,285,1712.0
1637174284,1,POST,/auth/modify-friend/,0.700000,0.000000,160,160,160,160,230,230,230,230,230,230,230,73,0,160,234.2054794520548,136,697,1713.0
1637174284,1,GET,/public/,0.700000,0.000000,200,200,210,210,280,280,280,280,280,280,280,73,0,220,308.28767123287673,177,882,10179.945205479453
1637174284,1,,Aggregated,4.500000,0.000000,200,220,220,250,290,510,530,530,530,530,530,443,0,210,277.0902934537246,9,1812,5513.589164785553
1637174285,1,GET,/,1.000000,0.000000,220,220,280,280,450,450,450,450,450,450,450,106,0,230,294.0566037735849,180,759,9279.641509433963
1637174285,1,POST,/,0.300000,0.000000,530,530,530,530,530,530,530,530,530,530,530,15,0,720,759.8,496,1151,8628.0
1637174285,1,GET,/auth/find-friends/,1.200000,0.000000,100,180,220,220,290,300,300,300,300,300,300,148,0,110,201.9189189189189,94,1145,1974.0
1637174285,1,GET,/auth/login/,0.000000,0.000000,0,0,0,0,0,0,0,0,0,0,0,1,0,597,597.0,597,597,2961.0
1637174285,1,POST,/auth/login/,0.200000,0.000000,260,260,260,260,260,260,260,260,260,260,260,15,0,300,636.2,248,1812,9742.666666666666
1637174285,1,GET,/auth/logout/,0.200000,0.000000,11,11,11,11,11,11,11,11,11,11,11,14,0,13,74.0,9,285,1712.0
1637174285,1,POST,/auth/modify-friend/,0.600000,0.000000,160,160,220,220,230,230,230,230,230,230,230,74,0,160,234.01351351351352,136,697,1713.0
1637174285,1,GET,/public/,0.600000,0.000000,200,210,280,280,320,320,320,320,320,320,320,74,0,220,308.43243243243245,177,882,10182.756756756757
1637174285,1,,Aggregated,4.100000,0.000000,210,220,260,280,320,510,530,530,530,530,530,447,0,210,276.8859060402685,9,1812,5500.154362416108
1637174286,1,GET,/,0.800000,0.000000,220,220,280,280,450,450,450,450,450,450,450,106,0,230,294.0566037735849,180,759,9279.641509433963
1637174286,1,POST,/,0.200000,0.000000,530,530,530,530,530,530,530,530,530,530,530,15,0,720,759.8,496,1151,8628.0
1637174286,1,GET,/auth/find-friends/,1.400000,0.000000,180,220,220,290,290,300,300,300,300,300,300,150,0,110,202.35333333333332,94,1145,1974.0
1637174286,1,GET,/auth/login/,0.000000,0.000000,0,0,0,0,0,0,0,0,0,0,0,1,0,597,597.0,597,597,2961.0
1637174286,1,POST,/auth/login/,0.200000,0.000000,260,260,260,260,260,260,260,260,260,260,260,15,0,300,636.2,248,1812,9742.666666666666
1637174286,1,GET,/auth/logout/,0.200000,0.000000,11,11,11,11,11,11,11,11,11,11,11,14,0,13,74.0,9,285,1712.0
1637174286,1,POST,/auth/modify-friend/,0.700000,0.000000,160,220,230,230,270,270,270,270,270,270,270,75,0,170,234.48,136,697,1713.0
1637174286,1,GET,/public/,0.700000,0.000000,210,280,320,320,340,340,340,340,340,340,340,75,0,220,308.82666666666665,177,882,10185.666666666666
1637174286,1,,Aggregated,4.200000,0.000000,220,230,280,290,340,510,530,530,530,530,530,451,0,220,276.8159645232816,9,1812,5486.986696230599
1637174287,1,GET,/,0.700000,0.000000,220,220,280,280,450,450,450,450,450,450,450,106,0,230,294.0566037735849,180,759,9279.641509433963
1637174287,1,POST,/,0.200000,0.000000,530,530,530,530,530,530,530,530,530,530,530,15,0,720,759.8,496,1151,8628.0
1637174287,1,GET,/auth/find-friends/,1.300000,0.000000,220,220,290,290,290,300,300,300,300,300,300,152,0,110,202.73684210526315,94,1145,1974.0
1637174287,1,GET,/auth/login/,0.000000,0.000000,0,0,0,0,0,0,0,0,0,0,0,1,0,597,597.0,597,597,2961.0
1637174287,1,POST,/auth/login/,0.200000,0.000000,260,260,260,260,260,260,260,260,260,260,260,15,0,300,636.2,248,1812,9742.666666666666
1637174287,1,GET,/auth/logout/,0.200000,0.000000,9,9,9,9,9,9,9,9,9,9,9,14,0,13,74.0,9,285,1712.0
1637174287,1,POST,/auth/modify-friend/,0.600000,0.000000,220,230,230,270,270,270,270,270,270,270,270,75,0,170,234.48,136,697,1713.0
1637174287,1,GET,/public/,0.700000,0.000000,280,280,320,320,340,340,340,340,340,340,340,76,0,220,308.4736842105263,177,882,10186.21052631579
1637174287,1,,Aggregated,3.900000,0.000000,220,280,280,290,340,510,530,530,530,530,530,454,0,220,276.62775330396477,9,1812,5481.951541850221
1637174288,1,GET,/,0.600000,0.000000,280,310,420,420,450,450,450,450,450,450,450,108,0,230,295.31481481481484,180,759,9297.824074074075
1637174288,1,POST,/,0.200000,0.000000,530,530,530,530,530,530,530,530,530,530,530,15,0,720,759.8,496,1151,8628.0
1637174288,1,GET,/auth/find-friends/,1.300000,0.000000,220,220,290,290,290,300,300,300,300,300,300,152,0,110,202.73684210526315,94,1145,1974.0
1637174288,1,GET,/auth/login/,0.000000,0.000000,0,0,0,0,0,0,0,0,0,0,0,1,0,597,597.0,597,597,2961.0
1637174288,1,POST,/auth/login/,0.200000,0.000000,260,260,260,260,260,260,260,260,260,260,260,15,0,300,636.2,248,1812,9742.666666666666
1637174288,1,GET,/auth/logout/,0.100000,0.000000,9,9,9,9,9,9,9,9,9,9,9,14,0,13,74.0,9,285,1712.0
1637174288,1,POST,/auth/modify-friend/,0.600000,0.000000,230,230,270,270,370,370,370,370,370,370,370,76,0,170,236.31578947368422,136,697,1713.0
1637174288,1,GET,/public/,0.700000,0.000000,280,280,320,320,340,340,340,340,340,340,340,76,0,220,308.4736842105263,177,882,10186.21052631579
1637174288,1,,Aggregated,3.700000,0.000000,280,290,310,340,450,510,530,530,530,530,530,457,0,220,277.2144420131291,9,1812,5494.621444201313
1637174289,1,GET,/,0.600000,0.000000,280,310,420,420,450,450,450,450,450,450,450,110,0,230,294.1090909090909,180,759,9315.563636363637
1637174289,1,POST,/,0.200000,0.000000,530,530,530,530,530,530,530,530,530,530,530,15,0,720,759.8,496,1151,8628.0
1637174289,1,GET,/auth/find-friends/,1.500000,0.000000,220,220,290,290,290,300,300,300,300,300,300,154,0,110,202.25974025974025,94,1145,1974.0
1637174289,1,GET,/auth/login/,0.000000,0.000000,0,0,0,0,0,0,0,0,0,0,0,1,0,597,597.0,597,597,2961.0
1637174289,1,POST,/auth/login/,0.100000,0.000000,260,260,260,260,260,260,260,260,260,260,260,15,0,300,636.2,248,1812,9742.666666666666
1637174289,1,GET,/auth/logout/,0.100000,0.000000,9,9,9,9,9,9,9,9,9,9,9,14,0,13,74.0,9,285,1712.0
1637174289,1,POST,/auth/modify-friend/,0.700000,0.000000,230,230,270,270,370,370,370,370,370,370,370,77,0,170,235.3116883116883,136,697,1713.0
1637174289,1,GET,/public/,0.800000,0.000000,280,280,320,320,340,340,340,340,340,340,340,77,0,220,307.94805194805195,177,882,10182.974025974027
1637174289,1,,Aggregated,4.000000,0.000000,260,280,290,310,370,450,510,510,510,510,510,463,0,220,276.25053995680344,9,1812,5501.483801295896
1637174290,1,GET,/,0.700000,0.000000,260,280,310,310,420,450,450,450,450,450,450,113,0,230,292.11504424778764,180,759,9338.044247787611
1637174290,1,POST,/,0.200000,0.000000,510,510,510,510,510,510,510,510,510,510,510,15,0,720,759.8,496,1151,8628.0
1637174290,1,GET,/auth/find-friends/,1.200000,0.000000,220,220,290,290,290,300,300,300,300,300,300,154,0,110,202.25974025974025,94,1145,1974.0
1637174290,1,GET,/auth/login/,0.000000,0.000000,0,0,0,0,0,0,0,0,0,0,0,1,0,597,597.0,597,597,2961.0
1637174290,1,POST,/auth/login/,0.100000,0.000000,260,260,260,260,260,260,260,260,260,260,260,15,0,300,636.2,248,1812,9742.666666666666
1637174290,1,GET,/auth/logout/,0.100000,0.000000,9,9,9,9,9,9,9,9,9,9,9,14,0,13,74.0,9,285,1712.0
1637174290,1,POST,/auth/modify-friend/,0.600000,0.000000,230,230,270,270,370,370,370,370,370,370,370,77,0,170,235.3116883116883,136,697,1713.0
1637174290,1,GET,/public/,0.600000,0.000000,280,280,320,320,340,340,340,340,340,340,340,77,0,220,307.94805194805195,177,882,10182.974025974027
1637174290,1,,Aggregated,3.500000,0.000000,260,280,290,310,370,450,510,510,510,510,510,466,0,220,275.88197424892707,9,1812,5531.489270386266
1637174291,1,GET,/,0.600000,0.000000,270,280,310,420,450,450,450,450,450,450,450,113,0,230,292.11504424778764,180,759,9338.044247787611
1637174291,1,POST,/,0.200000,0.000000,510,510,510,510,510,510,510,510,510,510,510,15,0,720,759.8,496,1151,8628.0
1637174291,1,GET,/auth/find-friends/,1.200000,0.000000,220,280,290,290,300,300,300,300,300,300,300,156,0,110,203.28205128205127,94,1145,1974.0
1637174291,1,GET,/auth/login/,0.000000,0.000000,0,0,0,0,0,0,0,0,0,0,0,1,0,597,597.0,597,597,2961.0
1637174291,1,POST,/auth/login/,0.100000,0.000000,260,260,260,260,260,260,260,260,260,260,260,15,0,300,636.2,248,1812,9742.666666666666
1637174291,1,GET,/auth/logout/,0.100000,0.000000,9,9,9,9,9,9,9,9,9,9,9,14,0,13,74.0,9,285,1712.0
1637174291,1,POST,/auth/modify-friend/,0.600000,0.000000,230,230,270,270,370,370,370,370,370,370,370,78,0,170,235.21794871794873,136,697,1713.0
1637174291,1,GET,/public/,0.600000,0.000000,320,320,340,340,380,380,380,380,380,380,380,78,0,220,308.88461538461536,177,882,10179.01282051282
1637174291,1,,Aggregated,3.400000,0.000000,270,290,300,320,380,450,510,510,510,510,510,470,0,220,276.02978723404254,9,1812,5517.465957446809
1637174292,1,GET,/,1.000000,0.000000,280,310,340,420,450,450,450,450,450,450,450,114,0,230,292.49122807017545,180,759,9346.850877192983
1637174292,1,POST,/,0.100000,0.000000,510,510,510,510,510,510,510,510,510,510,510,15,0,720,759.8,496,1151,8628.0
1637174292,1,GET,/auth/find-friends/,1.200000,0.000000,220,280,290,290,300,300,300,300,300,300,300,158,0,120,202.99367088607596,94,1145,1974.0
1637174292,1,GET,/auth/login/,0.000000,0.000000,0,0,0,0,0,0,0,0,0,0,0,1,0,597,597.0,597,597,2961.0
1637174292,1,POST,/auth/login/,0.100000,0.000000,260,260,260,260,260,260,260,260,260,260,260,15,0,300,636.2,248,1812,9742.666666666666
1637174292,1,GET,/auth/logout/,0.000000,0.000000,9,9,9,9,9,9,9,9,9,9,9,14,0,13,74.0,9,285,1712.0
1637174292,1,POST,/auth/modify-friend/,0.600000,0.000000,230,230,270,270,370,370,370,370,370,370,370,78,0,170,235.21794871794873,136,697,1713.0
1637174292,1,GET,/public/,0.600000,0.000000,320,340,380,380,390,390,390,390,390,390,390,79,0,220,309.9493670886076,177,882,10178.632911392406
1637174292,1,,Aggregated,3.600000,0.000000,270,280,300,310,370,390,420,420,420,420,420,474,0,220,275.9978902953587,9,1812,5522.464135021097
1637174293,1,GET,/,1.100000,0.000000,280,310,340,420,580,580,580,580,580,580,580,115,0,240,294.9913043478261,180,759,9357.991304347826
1637174293,1,POST,/,0.100000,0.000000,510,510,510,510,510,510,510,510,510,510,510,15,0,720,759.8,496,1151,8628.0
1637174293,1,GET,/auth/find-friends/,1.300000,0.000000,220,260,290,290,300,300,300,300,300,300,300,158,0,120,202.99367088607596,94,1145,1974.0
1637174293,1,GET,/auth/login/,0.000000,0.000000,0,0,0,0,0,0,0,0,0,0,0,1,0,597,597.0,597,597,2961.0
1637174293,1,POST,/auth/login/,0.000000,0.000000,260,260,260,260,260,260,260,260,260,260,260,15,0,300,636.2,248,1812,9742.666666666666
1637174293,1,GET,/auth/logout/,0.000000,0.000000,9,9,9,9,9,9,9,9,9,9,9,14,0,13,74.0,9,285,1712.0
1637174293,1,POST,/auth/modify-friend/,0.600000,0.000000,230,260,270,270,370,370,370,370,370,370,370,79,0,170,235.56962025316454,136,697,1713.0
1637174293,1,GET,/public/,0.600000,0.000000,340,340,380,380,390,390,390,390,390,390,390,79,0,220,309.9493670886076,177,882,10178.632911392406
1637174293,1,,Aggregated,3.700000,0.000000,270,290,310,340,380,420,580,580,580,580,580,476,0,220,276.609243697479,9,1812,5525.186974789916
1637174294,1,GET,/,1.000000,0.000000,280,330,340,340,420,580,580,580,580,580,580,116,0,240,295.2758620689655,180,759,9370.258620689656
1637174294,1,POST,/,0.100000,0.000000,830,830,830,830,830,830,830,830,830,830,830,16,0,720,764.3125,496,1151,8755.0
1637174294,1,GET,/auth/find-friends/,1.200000,0.000000,190,260,280,280,290,300,300,300,300,300,300,158,0,120,202.99367088607596,94,1145,1974.0
1637174294,1,GET,/auth/login/,0.000000,0.000000,0,0,0,0,0,0,0,0,0,0,0,1,0,597,597.0,597,597,2961.0
1637174294,1,POST,/auth/login/,0.000000,0.000000,260,260,260,260,260,260,260,260,260,260,260,15,0,300,636.2,248,1812,9742.666666666666
1637174294,1,GET,/auth/logout/,0.000000,0.000000,9,9,9,9,9,9,9,9,9,9,9,14,0,13,74.0,9,285,1712.0
1637174294,1,POST,/auth/modify-friend/,0.600000,0.000000,260,260,270,270,370,370,370,370,370,370,370,79,0,170,235.56962025316454,136,697,1713.0
1637174294,1,GET,/public/,0.600000,0.000000,340,380,380,390,390,390,390,390,390,390,390,79,0,220,309.9493670886076,177,882,10178.632911392406
1637174294,1,,Aggregated,3.500000,0.000000,270,290,330,340,390,580,830,830,830,830,830,478,0,220,277.87866108786613,9,1812,5546.9246861924685
1637174295,1,GET,/,0.900000,0.000000,310,330,410,410,420,580,580,580,580,580,580,118,0,240,296.2457627118644,180,759,9392.966101694916
1637174295,1,POST,/,0.000000,0.000000,830,830,830,830,830,830,830,830,830,830,830,16,0,720,764.3125,496,1151,8755.0
1637174295,1,GET,/auth/find-friends/,1.400000,0.000000,190,220,260,280,300,300,300,300,300,300,300,158,0,120,202.99367088607596,94,1145,1974.0
1637174295,1,GET,/auth/login/,0.000000,0.000000,0,0,0,0,0,0,0,0,0,0,0,1,0,597,597.0,597,597,2961.0
1637174295,1,POST,/auth/login/,0.000000,0.000000,260,260,260,260,260,260,260,260,260,260,260,15,0,300,636.2,248,1812,9742.666666666666
1637174295,1,GET,/auth/logout/,0.000000,0.000000,9,9,9,9,9,9,9,9,9,9,9,14,0,13,74.0,9,285,1712.0
1637174295,1,POST,/auth/modify-friend/,0.700000,0.000000,260,270,270,370,370,370,370,370,370,370,370,79,0,170,235.56962025316454,136,697,1713.0
1637174295,1,GET,/public/,0.700000,0.000000,280,380,380,390,390,390,390,390,390,390,390,80,0,220,309.05,177,882,10179.8875
1637174295,1,,Aggregated,3.700000,0.000000,270,300,340,370,410,580,830,830,830,830,830,481,0,220,278.1060291060291,9,1812,5578.2307692307695
1637174296,1,GET,/,1.000000,0.000000,310,330,410,410,420,580,580,580,580,580,580,118,0,240,296.2457627118644,180,759,9392.966101694916
1637174296,1,POST,/,0.000000,0.000000,830,830,830,830,830,830,830,830,830,830,830,16,0,720,764.3125,496,1151,8755.0
1637174296,1,GET,/auth/find-friends/,1.200000,0.000000,220,220,260,300,330,330,330,330,330,330,330,160,0,130,203.875,94,1145,1974.0
1637174296,1,GET,/auth/login/,0.000000,0.000000,0,0,0,0,0,0,0,0,0,0,0,1,0,597,597.0,597,597,2961.0
1637174296,1,POST,/auth/login/,0.000000,0.000000,260,260,260,260,260,260,260,260,260,260,260,15,0,300,636.2,248,1812,9742.666666666666
1637174296,1,GET,/auth/logout/,0.000000,0.000000,10,10,10,10,10,10,10,10,10,10,10,15,0,13,69.73333333333333,9,285,1712.0
1637174296,1,POST,/auth/modify-friend/,0.600000,0.000000,230,260,260,370,370,370,370,370,370,370,370,80,0,170,234.4,136,697,1713.0
1637174296,1,GET,/public/,0.600000,0.000000,280,380,380,390,390,390,390,390,390,390,390,80,0,220,309.05,177,882,10179.8875
1637174296,1,,Aggregated,3.400000,0.000000,260,310,340,370,410,580,830,830,830,830,830,485,0,220,277.2536082474227,9,1812,5547.426804123711
1637174297,1,GET,/,1.000000,0.000000,300,330,340,340,410,580,580,580,580,580,580,118,0,240,296.2457627118644,180,759,9392.966101694916
1637174297,1,POST,/,0.000000,0.000000,830,830,830,830,830,830,830,830,830,830,830,16,0,720,764.3125,496,1151,8755.0
1637174297,1,GET,/auth/find-friends/,1.200000,0.000000,220,260,300,300,330,330,330,330,330,330,330,160,0,130,203.875,94,1145,1974.0
1637174297,1,GET,/auth/login/,0.000000,0.000000,0,0,0,0,0,0,0,0,0,0,0,1,0,597,597.0,597,597,2961.0
1637174297,1,POST,/auth/login/,0.000000,0.000000,260,260,260,260,260,260,260,260,260,260,260,15,0,300,636.2,248,1812,9742.666666666666
1637174297,1,GET,/auth/logout/,0.000000,0.000000,10,10,10,10,10,10,10,10,10,10,10,15,0,13,69.73333333333333,9,285,1712.0
1637174297,1,POST,/auth/modify-friend/,0.600000,0.000000,230,230,260,260,260,260,260,260,260,260,260,80,0,170,234.4,136,697,1713.0
1637174297,1,GET,/public/,0.600000,0.000000,380,380,390,390,390,390,390,390,390,390,390,80,0,220,309.05,177,882,10179.8875
1637174297,1,,Aggregated,3.400000,0.000000,260,300,330,340,410,580,830,830,830,830,830,485,0,220,277.2536082474227,9,1812,5547.426804123711
1637174298,1,GET,/,1.200000,0.000000,300,330,340,410,580,580,580,580,580,580,580,118,0,240,296.2457627118644,180,759,9392.966101694916
1637174298,1,POST,/,0.100000,0.000000,830,830,830,830,830,830,830,830,830,830,830,16,0,720,764.3125,496,1151,8755.0
1637174298,1,GET,/auth/find-friends/,1.100000,0.000000,220,220,260,300,330,330,330,330,330,330,330,162,0,120,202.61111111111111,94,1145,1974.0
1637174298,1,GET,/auth/login/,0.000000,0.000000,0,0,0,0,0,0,0,0,0,0,0,1,0,597,597.0,597,597,2961.0
1637174298,1,POST,/auth/login/,0.000000,0.000000,570,570,570,570,570,570,570,570,570,570,570,16,0,300,631.9375,248,1812,9797.375
1637174298,1,GET,/auth/logout/,0.000000,0.000000,10,10,10,10,10,10,10,10,10,10,10,15,0,13,69.73333333333333,9,285,1712.0
1637174298,1,POST,/auth/modify-friend/,0.500000,0.000000,160,230,230,260,260,260,260,260,260,260,260,81,0,170,233.20987654320987,136,697,1713.0
1637174298,1,GET,/public/,0.500000,0.000000,380,380,380,390,390,390,390,390,390,390,390,81,0,220,309.9012345679012,177,882,10180.283950617284
1637174298,1,,Aggregated,3.400000,0.000000,260,330,340,380,570,580,830,830,830,830,830,490,0,220,277.05102040816325,9,1812,5544.883673469388
1637174299,1,GET,/,1.200000,0.000000,330,340,410,410,580,580,580,580,580,580,580,119,0,240,295.39495798319325,180,759,9402.10924369748
1637174299,1,POST,/,0.100000,0.000000,830,830,830,830,830,830,830,830,830,830,830,17,0,720,750.3529411764706,496,1151,8853.0
1637174299,1,GET,/auth/find-friends/,0.900000,0.000000,220,260,300,300,330,330,330,330,330,330,330,162,0,120,202.61111111111111,94,1145,1974.0
1637174299,1,GET,/auth/login/,0.000000,0.000000,0,0,0,0,0,0,0,0,0,0,0,1,0,597,597.0,597,597,2961.0
1637174299,1,POST,/auth/login/,0.000000,0.000000,570,570,570,570,570,570,570,570,570,570,570,16,0,300,631.9375,248,1812,9797.375
1637174299,1,GET,/auth/logout/,0.100000,0.000000,10,10,10,10,10,10,10,10,10,10,10,15,0,13,69.73333333333333,9,285,1712.0
1637174299,1,POST,/auth/modify-friend/,0.500000,0.000000,230,230,260,260,260,260,260,260,260,260,260,81,0,170,233.20987654320987,136,697,1713.0
1637174299,1,GET,/public/,0.400000,0.000000,380,380,380,390,390,390,390,390,390,390,390,82,0,220,309.0365853658537,177,882,10178.585365853658
1637174299,1,,Aggregated,3.200000,0.000000,270,330,380,390,570,580,830,830,830,830,830,493,0,220,277.31440162271804,9,1812,5573.906693711968
1637174300,1,GET,/,1.100000,0.000000,330,340,410,410,580,580,580,580,580,580,580,120,0,240,295.3666666666667,180,759,9410.441666666668
1637174300,1,POST,/,0.100000,0.000000,830,830,830,830,830,830,830,830,830,830,830,17,0,720,750.3529411764706,496,1151,8853.0
1637174300,1,GET,/auth/find-friends/,0.800000,0.000000,220,270,280,300,330,330,330,330,330,330,330,164,0,130,203.5060975609756,94,1145,1974.0
1637174300,1,GET,/auth/login/,0.000000,0.000000,0,0,0,0,0,0,0,0,0,0,0,1,0,597,597.0,597,597,2961.0
1637174300,1,POST,/auth/login/,0.100000,0.000000,570,570,570,570,570,570,570,570,570,570,570,16,0,300,631.9375,248,1812,9797.375
1637174300,1,GET,/auth/logout/,0.100000,0.000000,10,10,10,10,10,10,10,10,10,10,10,15,0,13,69.73333333333333,9,285,1712.0
1637174300,1,POST,/auth/modify-friend/,0.400000,0.000000,220,230,230,260,260,260,260,260,260,260,260,82,0,170,233.08536585365854,136,697,1713.0
1637174300,1,GET,/public/,0.400000,0.000000,380,380,380,390,390,390,390,390,390,390,390,82,0,220,309.0365853658537,177,882,10178.585365853658
1637174300,1,,Aggregated,3.000000,0.000000,270,330,340,390,570,580,830,830,830,830,830,497,0,220,277.22937625754525,9,1812,5561.366197183099
1637174301,1,GET,/,1.100000,0.000000,330,340,410,410,580,580,580,580,580,580,580,120,0,240,295.3666666666667,180,759,9410.441666666668
1637174301,1,POST,/,0.100000,0.000000,830,830,830,830,830,830,830,830,830,830,830,17,0,720,750.3529411764706,496,1151,8853.0
1637174301,1,GET,/auth/find-friends/,0.800000,0.000000,220,270,280,300,330,330,330,330,330,330,330,166,0,130,204.03012048192772,94,1145,1974.0
1637174301,1,GET,/auth/login/,0.000000,0.000000,0,0,0,0,0,0,0,0,0,0,0,1,0,597,597.0,597,597,2961.0
1637174301,1,POST,/auth/login/,0.100000,0.000000,570,570,570,570,570,570,570,570,570,570,570,16,0,300,631.9375,248,1812,9797.375
1637174301,1,GET,/auth/logout/,0.100000,0.000000,10,10,10,10,10,10,10,10,10,10,10,15,0,13,69.73333333333333,9,285,1712.0
1637174301,1,POST,/auth/modify-friend/,0.400000,0.000000,220,220,260,260,260,260,260,260,260,260,260,82,0,170,233.08536585365854,136,697,1713.0
1637174301,1,GET,/public/,0.400000,0.000000,320,380,380,390,390,390,390,390,390,390,390,83,0,230,309.1686746987952,177,882,10176.530120481928
1637174301,1,,Aggregated,3.000000,0.000000,270,320,330,390,570,580,830,830,830,830,830,500,0,220,277.194,9,1812,5555.91
1637174302,1,GET,/,0.700000,0.000000,410,410,440,440,580,580,580,580,580,580,580,122,0,240,297.4672131147541,180,759,9424.377049180328
1637174302,1,POST,/,0.200000,0.000000,830,830,830,830,830,830,830,830,830,830,830,17,0,720,750.3529411764706,496,1151,8853.0
1637174302,1,GET,/auth/find-friends/,1.000000,0.000000,220,270,280,300,330,330,330,330,330,330,330,166,0,130,204.03012048192772,94,1145,1974.0
1637174302,1,GET,/auth/login/,0.000000,0.000000,0,0,0,0,0,0,0,0,0,0,0,1,0,597,597.0,597,597,2961.0
1637174302,1,POST,/auth/login/,0.100000,0.000000,570,570,570,570,570,570,570,570,570,570,570,16,0,300,631.9375,248,1812,9797.375
1637174302,1,GET,/auth/logout/,0.100000,0.000000,10,10,10,10,10,10,10,10,10,10,10,15,0,13,69.73333333333333,9,285,1712.0
1637174302,1,POST,/auth/modify-friend/,0.400000,0.000000,220,260,260,320,320,320,320,320,320,320,320,83,0,170,234.0722891566265,136,697,1713.0
1637174302,1,GET,/public/,0.500000,0.000000,320,380,380,390,390,390,390,390,390,390,390,83,0,230,309.1686746987952,177,882,10176.530120481928
1637174302,1,,Aggregated,3.000000,0.000000,300,330,410,410,570,580,830,830,830,830,830,503,0,220,277.85089463220675,9,1812,5566.976143141153
1637174303,1,GET,/,0.700000,0.000000,330,410,410,410,440,440,440,440,440,440,440,122,0,240,297.4672131147541,180,759,9424.377049180328
1637174303,1,POST,/,0.200000,0.000000,830,830,830,830,830,830,830,830,830,830,830,17,0,720,750.3529411764706,496,1151,8853.0
1637174303,1,GET,/auth/find-friends/,0.900000,0.000000,220,270,280,300,330,330,330,330,330,330,330,168,0,140,203.75595238095238,94,1145,1974.0
1637174303,1,GET,/auth/login/,0.000000,0.000000,0,0,0,0,0,0,0,0,0,0,0,1,0,597,597.0,597,597,2961.0
1637174303,1,POST,/auth/login/,0.100000,0.000000,570,570,570,570,570,570,570,570,570,570,570,16,0,300,631.9375,248,1812,9797.375
1637174303,1,GET,/auth/logout/,0.100000,0.000000,10,10,10,10,10,10,10,10,10,10,10,15,0,13,69.73333333333333,9,285,1712.0
1637174303,1,POST,/auth/modify-friend/,0.500000,0.000000,260,260,270,270,320,320,320,320,320,320,320,84,0,170,234.52380952380952,136,697,1713.0
1637174303,1,GET,/public/,0.500000,0.000000,320,380,380,420,420,420,420,420,420,420,420,84,0,230,310.4761904761905,177,882,10175.607142857143
1637174303,1,,Aggregated,3.000000,0.000000,280,320,380,410,440,570,830,830,830,830,830,507,0,220,277.73570019723866,9,1812,5554.140039447731
1637174304,1,GET,/,0.700000,0.000000,300,410,410,440,440,440,440,440,440,440,440,122,0,240,297.4672131147541,180,759,9424.377049180328
1637174304,1,POST,/,0.200000,0.000000,830,830,830,830,830,830,830,830,830,830,830,17,0,720,750.3529411764706,496,1151,8853.0
1637174304,1,GET,/auth/find-friends/,1.000000,0.000000,190,220,280,280,300,330,330,330,330,330,330,170,0,160,203.47058823529412,94,1145,1974.0
1637174304,1,GET,/auth/login/,0.000000,0.000000,0,0,0,0,0,0,0,0,0,0,0,1,0,597,597.0,597,597,2961.0
1637174304,1,POST,/auth/login/,0.100000,0.000000,570,570,570,570,570,570,570,570,570,570,570,16,0,300,631.9375,248,1812,9797.375
1637174304,1,GET,/auth/logout/,0.100000,0.000000,10,10,10,10,10,10,10,10,10,10,10,15,0,13,69.73333333333333,9,285,1712.0
1637174304,1,POST,/auth/modify-friend/,0.500000,0.000000,220,270,270,320,320,320,320,320,320,320,320,84,0,170,234.52380952380952,136,697,1713.0
1637174304,1,GET,/public/,0.500000,0.000000,380,380,420,420,540,540,540,540,540,540,540,85,0,230,313.18823529411765,177,882,10174.141176470588
1637174304,1,,Aggregated,3.100000,0.000000,270,300,330,380,440,540,570,570,570,570,570,510,0,220,277.8666666666667,9,1812,5548.917647058824
1637174305,1,GET,/,0.800000,0.000000,400,400,410,410,440,440,440,440,440,440,440,123,0,240,298.2682926829268,180,759,9430.991869918698
1637174305,1,POST,/,0.200000,0.000000,830,830,830,830,830,830,830,830,830,830,830,17,0,720,750.3529411764706,496,1151,8853.0
1637174305,1,GET,/auth/find-friends/,0.800000,0.000000,190,220,280,280,300,330,330,330,330,330,330,170,0,160,203.47058823529412,94,1145,1974.0
1637174305,1,GET,/auth/login/,0.000000,0.000000,0,0,0,0,0,0,0,0,0,0,0,1,0,597,597.0,597,597,2961.0
1637174305,1,POST,/auth/login/,0.100000,0.000000,570,570,570,570,570,570,570,570,570,570,570,16,0,300,631.9375,248,1812,9797.375
1637174305,1,GET,/auth/logout/,0.100000,0.000000,10,10,10,10,10,10,10,10,10,10,10,15,0,13,69.73333333333333,9,285,1712.0
1637174305,1,POST,/auth/modify-friend/,0.400000,0.000000,260,260,270,270,320,320,320,320,320,320,320,85,0,170,234.8235294117647,136,697,1713.0
1637174305,1,GET,/public/,0.500000,0.000000,320,380,420,420,540,540,540,540,540,540,540,86,0,230,312.86046511627904,177,882,10172.06976744186
1637174305,1,,Aggregated,2.900000,0.000000,270,300,380,410,530,540,570,570,570,570,570,513,0,220,278.07602339181284,9,1812,5559.249512670565
1637174306,1,GET,/,0.700000,0.000000,400,410,410,440,440,440,440,440,440,440,440,123,0,240,298.2682926829268,180,759,9430.991869918698
1637174306,1,POST,/,0.200000,0.000000,530,530,530,530,530,530,530,530,530,530,530,17,0,720,750.3529411764706,496,1151,8853.0
1637174306,1,GET,/auth/find-friends/,1.000000,0.000000,190,190,270,270,280,300,300,300,300,300,300,172,0,160,203.37209302325581,94,1145,1974.0
1637174306,1,GET,/auth/login/,0.000000,0.000000,0,0,0,0,0,0,0,0,0,0,0,1,0,597,597.0,597,597,2961.0
1637174306,1,POST,/auth/login/,0.100000,0.000000,570,570,570,570,570,570,570,570,570,570,570,16,0,300,631.9375,248,1812,9797.375
1637174306,1,GET,/auth/logout/,0.100000,0.000000,10,10,10,10,10,10,10,10,10,10,10,15,0,13,69.73333333333333,9,285,1712.0
1637174306,1,POST,/auth/modify-friend/,0.500000,0.000000,260,270,320,320,410,410,410,410,410,410,410,86,0,170,236.90697674418604,136,697,1713.0
1637174306,1,GET,/public/,0.500000,0.000000,380,380,420,420,540,540,540,540,540,540,540,86,0,230,312.86046511627904,177,882,10172.06976744186
1637174306,1,,Aggregated,3.100000,0.000000,270,320,400,410,440,540,570,570,570,570,570,516,0,220,278.0174418604651,9,1812,5537.899224806201
1637174307,1,GET,/,0.700000,0.000000,400,400,410,410,440,440,440,440,440,440,440,124,0,240,298.991935483871,180,759,9437.59677419355
1637174307,1,POST,/,0.200000,0.000000,530,530,530,530,530,530,530,530,530,530,530,17,0,720,750.3529411764706,496,1151,8853.0
1637174307,1,GET,/auth/find-friends/,1.000000,0.000000,190,190,270,270,280,300,300,300,300,300,300,172,0,160,203.37209302325581,94,1145,1974.0
1637174307,1,GET,/auth/login/,0.000000,0.000000,0,0,0,0,0,0,0,0,0,0,0,1,0,597,597.0,597,597,2961.0
1637174307,1,POST,/auth/login/,0.100000,0.000000,570,570,570,570,570,570,570,570,570,570,570,16,0,300,631.9375,248,1812,9797.375
1637174307,1,GET,/auth/logout/,0.100000,0.000000,83,83,83,83,83,83,83,83,83,83,83,16,0,13,70.5625,9,285,1712.0
1637174307,1,POST,/auth/modify-friend/,0.500000,0.000000,270,270,320,320,410,410,410,410,410,410,410,86,0,170,236.90697674418604,136,697,1713.0
1637174307,1,GET,/public/,0.500000,0.000000,380,380,420,420,540,540,540,540,540,540,540,86,0,230,312.86046511627904,177,882,10172.06976744186
1637174307,1,,Aggregated,3.100000,0.000000,270,320,390,400,420,530,540,540,540,540,540,518,0,220,277.8532818532818,9,1812,5539.610038610039
1637174308,1,GET,/,0.500000,0.000000,390,400,410,410,440,440,440,440,440,440,440,125,0,240,299.176,180,759,9444.0
1637174308,1,POST,/,0.100000,0.000000,530,530,530,530,530,530,530,530,530,530,530,17,0,720,750.3529411764706,496,1151,8853.0
1637174308,1,GET,/auth/find-friends/,1.200000,0.000000,190,220,270,280,300,300,300,300,300,300,300,172,0,160,203.37209302325581,94,1145,1974.0
1637174308,1,GET,/auth/login/,0.000000,0.000000,0,0,0,0,0,0,0,0,0,0,0,1,0,597,597.0,597,597,2961.0
1637174308,1,POST,/auth/login/,0.100000,0.000000,570,570,570,570,570,570,570,570,570,570,570,17,0,450,621.4705882352941,248,1812,9822.235294117647
1637174308,1,GET,/auth/logout/,0.100000,0.000000,83,83,83,83,83,83,83,83,83,83,83,16,0,13,70.5625,9,285,1712.0
1637174308,1,POST,/auth/modify-friend/,0.600000,0.000000,270,270,320,320,410,410,410,410,410,410,410,86,0,170,236.90697674418604,136,697,1713.0
1637174308,1,GET,/public/,0.600000,0.000000,320,420,420,540,540,540,540,540,540,540,540,86,0,230,312.86046511627904,177,882,10172.06976744186
1637174308,1,,Aggregated,3.200000,0.000000,280,320,400,410,450,530,540,540,540,540,540,520,0,220,278.2769230769231,9,1812,5557.6461538461535
1637174309,1,GET,/,0.600000,0.000000,400,400,410,410,440,440,440,440,440,440,440,125,0,240,299.176,180,759,9444.0
1637174309,1,POST,/,0.100000,0.000000,1000,1000,1000,1000,1000,1000,1000,1000,1000,1000,1000,18,0,720,765.4444444444445,496,1151,8935.055555555555
1637174309,1,GET,/auth/find-friends/,1.200000,0.000000,190,220,270,280,300,300,300,300,300,300,300,172,0,160,203.37209302325581,94,1145,1974.0
1637174309,1,GET,/auth/login/,0.000000,0.000000,0,0,0,0,0,0,0,0,0,0,0,1,0,597,597.0,597,597,2961.0
1637174309,1,POST,/auth/login/,0.100000,0.000000,570,570,570,570,570,570,570,570,570,570,570,17,0,450,621.4705882352941,248,1812,9822.235294117647
1637174309,1,GET,/auth/logout/,0.100000,0.000000,83,83,83,83,83,83,83,83,83,83,83,16,0,13,70.5625,9,285,1712.0
1637174309,1,POST,/auth/modify-friend/,0.600000,0.000000,270,320,320,410,410,410,410,410,410,410,410,86,0,170,236.90697674418604,136,697,1713.0
1637174309,1,GET,/public/,0.600000,0.000000,420,420,540,540,540,540,540,540,540,540,540,86,0,230,312.86046511627904,177,882,10172.06976744186
1637174309,1,,Aggregated,3.300000,0.000000,300,390,410,410,450,540,1000,1000,1000,1000,1000,521,0,220,279.70441458733205,9,1812,5566.806142034549
1637174310,1,GET,/,0.600000,0.000000,400,410,410,440,440,440,440,440,440,440,440,125,0,240,299.176,180,759,9444.0
1637174310,1,POST,/,0.100000,0.000000,1000,1000,1000,1000,1000,1000,1000,1000,1000,1000,1000,18,0,720,765.4444444444445,496,1151,8935.055555555555
1637174310,1,GET,/auth/find-friends/,1.200000,0.000000,190,190,220,270,300,300,300,300,300,300,300,174,0,170,203.63793103448276,94,1145,1974.0
1637174310,1,GET,/auth/login/,0.000000,0.000000,0,0,0,0,0,0,0,0,0,0,0,1,0,597,597.0,597,597,2961.0
1637174310,1,POST,/auth/login/,0.000000,0.000000,570,570,570,570,570,570,570,570,570,570,570,17,0,450,621.4705882352941,248,1812,9822.235294117647
1637174310,1,GET,/auth/logout/,0.100000,0.000000,83,83,83,83,83,83,83,83,83,83,83,16,0,13,70.5625,9,285,1712.0
1637174310,1,POST,/auth/modify-friend/,0.600000,0.000000,320,320,410,410,410,410,410,410,410,410,410,86,0,170,236.90697674418604,136,697,1713.0
1637174310,1,GET,/public/,0.600000,0.000000,390,420,420,540,540,540,540,540,540,540,540,87,0,240,313.7011494252874,177,882,10172.011494252874
1637174310,1,,Aggregated,3.200000,0.000000,300,390,410,410,450,540,1000,1000,1000,1000,1000,524,0,220,279.7041984732824,9,1812,5561.87213740458
1637174311,1,GET,/,0.600000,0.000000,400,400,410,410,410,410,410,410,410,410,410,125,0,240,299.176,180,759,9444.0
1637174311,1,POST,/,0.100000,0.000000,1000,1000,1000,1000,1000,1000,1000,1000,1000,1000,1000,18,0,720,765.4444444444445,496,1151,8935.055555555555
1637174311,1,GET,/auth/find-friends/,1.000000,0.000000,190,190,270,270,270,300,300,300,300,300,300,176,0,170,203.9431818181818,94,1145,1974.0
1637174311,1,GET,/auth/login/,0.000000,0.000000,0,0,0,0,0,0,0,0,0,0,0,1,0,597,597.0,597,597,2961.0
1637174311,1,POST,/auth/login/,0.100000,0.000000,570,570,570,570,570,570,570,570,570,570,570,17,0,450,621.4705882352941,248,1812,9822.235294117647
1637174311,1,GET,/auth/logout/,0.100000,0.000000,83,83,83,83,83,83,83,83,83,83,83,16,0,13,70.5625,9,285,1712.0
1637174311,1,POST,/auth/modify-friend/,0.500000,0.000000,280,320,320,410,410,410,410,410,410,410,410,87,0,170,237.3793103448276,136,697,1713.0
1637174311,1,GET,/public/,0.500000,0.000000,390,420,420,540,540,540,540,540,540,540,540,88,0,240,314.0,177,882,10171.704545454546
1637174311,1,,Aggregated,2.900000,0.000000,280,390,400,410,450,540,1000,1000,1000,1000,1000,528,0,220,279.6287878787879,9,1812,5549.672348484848
1637174312,1,GET,/,0.600000,0.000000,410,410,420,420,450,450,450,450,450,450,450,127,0,250,301.3622047244094,180,759,9459.748031496063
1637174312,1,POST,/,0.100000,0.000000,1000,1000,1000,1000,1000,1000,1000,1000,1000,1000,1000,18,0,720,765.4444444444445,496,1151,8935.055555555555
1637174312,1,GET,/auth/find-friends/,0.800000,0.000000,190,190,220,270,270,270,270,270,270,270,270,176,0,170,203.9431818181818,94,1145,1974.0
1637174312,1,GET,/auth/login/,0.000000,0.000000,0,0,0,0,0,0,0,0,0,0,0,1,0,597,597.0,597,597,2961.0
1637174312,1,POST,/auth/login/,0.100000,0.000000,450,450,450,450,450,450,450,450,450,450,450,17,0,450,621.4705882352941,248,1812,9822.235294117647
1637174312,1,GET,/auth/logout/,0.100000,0.000000,83,83,83,83,83,83,83,83,83,83,83,16,0,13,70.5625,9,285,1712.0
1637174312,1,POST,/auth/modify-friend/,0.500000,0.000000,270,280,280,410,410,410,410,410,410,410,410,88,0,170,237.61363636363637,136,697,1713.0
1637174312,1,GET,/public/,0.500000,0.000000,390,420,420,540,540,540,540,540,540,540,540,88,0,240,314.0,177,882,10171.704545454546
1637174312,1,,Aggregated,2.700000,0.000000,270,340,400,410,450,540,1000,1000,1000,1000,1000,531,0,220,280.18455743879474,9,1812,5560.881355932203
1637174313,1,GET,/,0.500000,0.000000,420,420,420,420,450,450,450,450,450,450,450,128,0,250,302.2890625,180,759,9467.09375
1637174313,1,POST,/,0.100000,0.000000,1000,1000,1000,1000,1000,1000,1000,1000,1000,1000,1000,18,0,720,765.4444444444445,496,1151,8935.055555555555
1637174313,1,GET,/auth/find-friends/,1.000000,0.000000,190,220,270,270,270,270,270,270,270,270,270,176,0,170,203.9431818181818,94,1145,1974.0
1637174313,1,GET,/auth/login/,0.000000,0.000000,0,0,0,0,0,0,0,0,0,0,0,1,0,597,597.0,597,597,2961.0
1637174313,1,POST,/auth/login/,0.100000,0.000000,450,450,450,450,450,450,450,450,450,450,450,17,0,450,621.4705882352941,248,1812,9822.235294117647
1637174313,1,GET,/auth/logout/,0.100000,0.000000,350,350,350,350,350,350,350,350,350,350,350,17,0,13,86.88235294117646,9,348,1712.0
1637174313,1,POST,/auth/modify-friend/,0.500000,0.000000,280,280,410,410,410,410,410,410,410,410,410,88,0,170,237.61363636363637,136,697,1713.0
1637174313,1,GET,/public/,0.500000,0.000000,390,390,540,540,540,540,540,540,540,540,540,88,0,240,314.0,177,882,10171.704545454546
1637174313,1,,Aggregated,2.800000,0.000000,320,390,410,420,450,540,1000,1000,1000,1000,1000,533,0,220,280.57410881801127,9,1812,5562.739212007505
1637174314,1,GET,/,0.500000,0.000000,420,420,420,420,450,450,450,450,450,450,450,128,0,250,302.2890625,180,759,9467.09375
1637174314,1,POST,/,0.100000,0.000000,1000,1000,1000,1000,1000,1000,1000,1000,1000,1000,1000,18,0,720,765.4444444444445,496,1151,8935.055555555555
1637174314,1,GET,/auth/find-friends/,1.000000,0.000000,220,220,270,270,270,270,270,270,270,270,270,176,0,170,203.9431818181818,94,1145,1974.0
1637174314,1,GET,/auth/login/,0.000000,0.000000,0,0,0,0,0,0,0,0,0,0,0,1,0,597,597.0,597,597,2961.0
1637174314,1,POST,/auth/login/,0.100000,0.000000,450,450,450,450,450,450,450,450,450,450,450,17,0,450,621.4705882352941,248,1812,9822.235294117647
1637174314,1,GET,/auth/logout/,0.100000,0.000000,350,350,350,350,350,350,350,350,350,350,350,17,0,13,86.88235294117646,9,348,1712.0
1637174314,1,POST,/auth/modify-friend/,0.500000,0.000000,280,280,410,410,410,410,410,410,410,410,410,88,0,170,237.61363636363637,136,697,1713.0
1637174314,1,GET,/public/,0.500000,0.000000,340,340,390,390,390,390,390,390,390,390,390,88,0,240,314.0,177,882,10171.704545454546
1637174314,1,,Aggregated,2.800000,0.000000,340,390,410,420,450,450,1000,1000,1000,1000,1000,533,0,220,280.57410881801127,9,1812,5562.739212007505
1637174315,1,GET,/,0.600000,0.000000,420,420,450,450,520,520,520,520,520,520,520,129,0,250,303.968992248062,180,759,9475.736434108527
1637174315,1,POST,/,0.100000,0.000000,1000,1000,1000,1000,1000,1000,1000,1000,1000,1000,1000,18,0,720,765.4444444444445,496,1151,8935.055555555555
1637174315,1,GET,/auth/find-friends/,1.000000,0.000000,220,220,270,270,270,270,270,270,270,270,270,176,0,170,203.9431818181818,94,1145,1974.0
1637174315,1,GET,/auth/login/,0.000000,0.000000,0,0,0,0,0,0,0,0,0,0,0,1,0,597,597.0,597,597,2961.0
1637174315,1,POST,/auth/login/,0.100000,0.000000,680,680,680,680,680,680,680,680,680,680,680,18,0,450,624.9444444444445,248,1812,9863.055555555555
1637174315,1,GET,/auth/logout/,0.100000,0.000000,350,350,350,350,350,350,350,350,350,350,350,17,0,13,86.88235294117646,9,348,1712.0
1637174315,1,POST,/auth/modify-friend/,0.500000,0.000000,280,280,410,410,410,410,410,410,410,410,410,88,0,170,237.61363636363637,136,697,1713.0
1637174315,1,GET,/public/,0.400000,0.000000,340,340,390,390,390,390,390,390,390,390,390,88,0,240,314.0,177,882,10171.704545454546
1637174315,1,,Aggregated,2.800000,0.000000,390,420,450,450,680,1000,1000,1000,1000,1000,1000,535,0,220,281.77383177570096,9,1812,5581.456074766355
1637174316,1,GET,/,0.600000,0.000000,420,450,520,520,690,690,690,690,690,690,690,130,0,250,306.96923076923076,180,759,9483.615384615385
1637174316,1,POST,/,0.100000,0.000000,1000,1000,1000,1000,1000,1000,1000,1000,1000,1000,1000,18,0,720,765.4444444444445,496,1151,8935.055555555555
1637174316,1,GET,/auth/find-friends/,0.800000,0.000000,220,220,270,270,270,270,270,270,270,270,270,176,0,170,203.9431818181818,94,1145,1974.0
1637174316,1,GET,/auth/login/,0.000000,0.000000,0,0,0,0,0,0,0,0,0,0,0,1,0,597,597.0,597,597,2961.0
1637174316,1,POST,/auth/login/,0.100000,0.000000,680,680,680,680,680,680,680,680,680,680,680,18,0,450,624.9444444444445,248,1812,9863.055555555555
1637174316,1,GET,/auth/logout/,0.200000,0.000000,350,350,350,350,350,350,350,350,350,350,350,17,0,13,86.88235294117646,9,348,1712.0
1637174316,1,POST,/auth/modify-friend/,0.400000,0.000000,280,280,410,410,410,410,410,410,410,410,410,88,0,170,237.61363636363637,136,697,1713.0
1637174316,1,GET,/public/,0.400000,0.000000,340,340,390,390,390,390,390,390,390,390,390,88,0,240,314.0,177,882,10171.704545454546
1637174316,1,,Aggregated,2.600000,0.000000,390,420,450,450,680,690,1000,1000,1000,1000,1000,536,0,220,282.5429104477612,9,1812,5590.632462686567
1637174317,1,GET,/,0.600000,0.000000,510,520,520,520,690,690,690,690,690,690,690,132,0,260,310.1287878787879,180,759,9499.431818181818
1637174317,1,POST,/,0.100000,0.000000,1000,1000,1000,1000,1000,1000,1000,1000,1000,1000,1000,18,0,720,765.4444444444445,496,1151,8935.055555555555
1637174317,1,GET,/auth/find-friends/,0.600000,0.000000,270,270,270,270,270,270,270,270,270,270,270,176,0,170,203.9431818181818,94,1145,1974.0
1637174317,1,GET,/auth/login/,0.000000,0.000000,0,0,0,0,0,0,0,0,0,0,0,1,0,597,597.0,597,597,2961.0
1637174317,1,POST,/auth/login/,0.200000,0.000000,680,680,680,680,680,680,680,680,680,680,680,18,0,450,624.9444444444445,248,1812,9863.055555555555
1637174317,1,GET,/auth/logout/,0.200000,0.000000,350,350,350,350,350,350,350,350,350,350,350,17,0,13,86.88235294117646,9,348,1712.0
1637174317,1,POST,/auth/modify-friend/,0.300000,0.000000,280,280,410,410,410,410,410,410,410,410,410,88,0,170,237.61363636363637,136,697,1713.0
1637174317,1,GET,/public/,0.300000,0.000000,390,390,390,390,390,390,390,390,390,390,390,88,0,240,314.0,177,882,10171.704545454546
1637174317,1,,Aggregated,2.300000,0.000000,420,450,520,520,690,1000,1000,1000,1000,1000,1000,538,0,220,283.4089219330855,9,1812,5608.985130111524
1637174318,1,GET,/,0.600000,0.000000,450,510,520,520,690,690,690,690,690,690,690,133,0,260,310.609022556391,180,759,9508.473684210527
1637174318,1,POST,/,0.100000,0.000000,1000,1000,1000,1000,1000,1000,1000,1000,1000,1000,1000,18,0,720,765.4444444444445,496,1151,8935.055555555555
1637174318,1,GET,/auth/find-friends/,0.400000,0.000000,270,270,270,280,280,280,280,280,280,280,280,177,0,170,204.34463276836158,94,1145,1974.0
1637174318,1,GET,/auth/login/,0.000000,0.000000,0,0,0,0,0,0,0,0,0,0,0,1,0,597,597.0,597,597,2961.0
1637174318,1,POST,/auth/login/,0.200000,0.000000,680,680,680,680,680,680,680,680,680,680,680,18,0,450,624.9444444444445,248,1812,9863.055555555555
1637174318,1,GET,/auth/logout/,0.200000,0.000000,350,350,350,350,350,350,350,350,350,350,350,17,0,13,86.88235294117646,9,348,1712.0
1637174318,1,POST,/auth/modify-friend/,0.300000,0.000000,280,280,280,280,280,280,280,280,280,280,280,88,0,170,237.61363636363637,136,697,1713.0
1637174318,1,GET,/public/,0.200000,0.000000,360,360,390,390,390,390,390,390,390,390,390,89,0,240,314.5168539325843,177,882,10175.067415730337
1637174318,1,,Aggregated,2.000000,0.000000,370,420,510,520,680,690,1000,1000,1000,1000,1000,541,0,220,283.70240295748613,9,1812,5620.667282809612
1637174319,1,GET,/,0.700000,0.000000,450,510,520,520,690,690,690,690,690,690,690,134,0,260,310.23880597014926,180,759,9515.89552238806
1637174319,1,POST,/,0.100000,0.000000,1000,1000,1000,1000,1000,1000,1000,1000,1000,1000,1000,18,0,720,765.4444444444445,496,1151,8935.055555555555
1637174319,1,GET,/auth/find-friends/,0.400000,0.000000,270,270,280,280,370,370,370,370,370,370,370,178,0,170,205.25842696629215,94,1145,1974.0
1637174319,1,GET,/auth/login/,0.000000,0.000000,0,0,0,0,0,0,0,0,0,0,0,1,0,597,597.0,597,597,2961.0
1637174319,1,POST,/auth/login/,0.200000,0.000000,680,680,680,680,680,680,680,680,680,680,680,18,0,450,624.9444444444445,248,1812,9863.055555555555
1637174319,1,GET,/auth/logout/,0.100000,0.000000,350,350,350,350,350,350,350,350,350,350,350,17,0,13,86.88235294117646,9,348,1712.0
1637174319,1,POST,/auth/modify-friend/,0.200000,0.000000,280,280,420,420,420,420,420,420,420,420,420,89,0,190,239.7078651685393,136,697,1713.0
1637174319,1,GET,/public/,0.200000,0.000000,360,360,360,360,360,360,360,360,360,360,360,89,0,240,314.5168539325843,177,882,10175.067415730337
1637174319,1,,Aggregated,1.900000,0.000000,370,420,450,510,520,680,690,690,690,690,690,544,0,220,284.0716911764706,9,1812,5615.755514705882
1637174320,1,GET,/,0.900000,0.000000,450,510,520,520,690,690,690,690,690,690,690,134,0,260,310.23880597014926,180,759,9515.89552238806
1637174320,1,POST,/,0.100000,0.000000,1000,1000,1000,1000,1000,1000,1000,1000,1000,1000,1000,18,0,720,765.4444444444445,496,1151,8935.055555555555
1637174320,1,GET,/auth/find-friends/,0.400000,0.000000,270,270,280,280,370,370,370,370,370,370,370,180,0,170,205.6,94,1145,1974.0
1637174320,1,GET,/auth/login/,0.000000,0.000000,0,0,0,0,0,0,0,0,0,0,0,1,0,597,597.0,597,597,2961.0
1637174320,1,POST,/auth/login/,0.200000,0.000000,680,680,680,680,680,680,680,680,680,680,680,18,0,450,624.9444444444445,248,1812,9863.055555555555
1637174320,1,GET,/auth/logout/,0.100000,0.000000,350,350,350,350,350,350,350,350,350,350,350,17,0,13,86.88235294117646,9,348,1712.0
1637174320,1,POST,/auth/modify-friend/,0.200000,0.000000,420,420,420,420,420,420,420,420,420,420,420,89,0,190,239.7078651685393,136,697,1713.0
1637174320,1,GET,/public/,0.300000,0.000000,360,360,520,520,520,520,520,520,520,520,520,90,0,240,316.85555555555555,177,882,10176.544444444444
1637174320,1,,Aggregated,2.200000,0.000000,370,420,510,520,520,680,690,690,690,690,690,547,0,220,284.3363802559415,9,1812,5611.018281535649
1637174321,1,GET,/,0.800000,0.000000,490,510,520,520,690,690,690,690,690,690,690,135,0,260,311.5925925925926,180,759,9522.237037037037
1637174321,1,POST,/,0.100000,0.000000,1000,1000,1000,1000,1000,1000,1000,1000,1000,1000,1000,18,0,720,765.4444444444445,496,1151,8935.055555555555
1637174321,1,GET,/auth/find-friends/,0.600000,0.000000,270,270,280,280,370,370,370,370,370,370,370,180,0,170,205.6,94,1145,1974.0
1637174321,1,GET,/auth/login/,0.000000,0.000000,0,0,0,0,0,0,0,0,0,0,0,1,0,597,597.0,597,597,2961.0
1637174321,1,POST,/auth/login/,0.100000,0.000000,680,680,680,680,680,680,680,680,680,680,680,18,0,450,624.9444444444445,248,1812,9863.055555555555
1637174321,1,GET,/auth/logout/,0.100000,0.000000,350,350,350,350,350,350,350,350,350,350,350,17,0,13,86.88235294117646,9,348,1712.0
1637174321,1,POST,/auth/modify-friend/,0.200000,0.000000,360,360,420,420,420,420,420,420,420,420,420,90,0,190,241.05555555555554,136,697,1713.0
1637174321,1,GET,/public/,0.300000,0.000000,360,360,520,520,520,520,520,520,520,520,520,90,0,240,316.85555555555555,177,882,10176.544444444444
1637174321,1,,Aggregated,2.200000,0.000000,420,490,520,520,680,690,690,690,690,690,690,549,0,220,284.856102003643,9,1812,5612.5901639344265
1637174322,1,GET,/,0.900000,0.000000,510,510,520,520,640,690,690,690,690,690,690,137,0,260,315.45985401459853,180,759,9535.226277372263
1637174322,1,POST,/,0.000000,0.000000,1000,1000,1000,1000,1000,1000,1000,1000,1000,1000,1000,18,0,720,765.4444444444445,496,1151,8935.055555555555
1637174322,1,GET,/auth/find-friends/,0.600000,0.000000,270,270,280,280,370,370,370,370,370,370,370,180,0,170,205.6,94,1145,1974.0
1637174322,1,GET,/auth/login/,0.000000,0.000000,0,0,0,0,0,0,0,0,0,0,0,1,0,597,597.0,597,597,2961.0
1637174322,1,POST,/auth/login/,0.100000,0.000000,680,680,680,680,680,680,680,680,680,680,680,18,0,450,624.9444444444445,248,1812,9863.055555555555
1637174322,1,GET,/auth/logout/,0.100000,0.000000,350,350,350,350,350,350,350,350,350,350,350,17,0,13,86.88235294117646,9,348,1712.0
1637174322,1,POST,/auth/modify-friend/,0.300000,0.000000,360,360,420,420,420,420,420,420,420,420,420,90,0,190,241.05555555555554,136,697,1713.0
1637174322,1,GET,/public/,0.300000,0.000000,360,360,520,520,520,520,520,520,520,520,520,90,0,240,316.85555555555555,177,882,10176.544444444444
1637174322,1,,Aggregated,2.300000,0.000000,420,510,520,520,680,690,690,690,690,690,690,551,0,220,285.9147005444646,9,1812,5630.010889292196
1637174323,1,GET,/,0.900000,0.000000,510,520,520,640,690,690,690,690,690,690,690,137,0,260,315.45985401459853,180,759,9535.226277372263
1637174323,1,POST,/,0.000000,0.000000,1000,1000,1000,1000,1000,1000,1000,1000,1000,1000,1000,18,0,720,765.4444444444445,496,1151,8935.055555555555
1637174323,1,GET,/auth/find-friends/,0.600000,0.000000,270,270,280,280,370,370,370,370,370,370,370,180,0,170,205.6,94,1145,1974.0
1637174323,1,GET,/auth/login/,0.000000,0.000000,0,0,0,0,0,0,0,0,0,0,0,1,0,597,597.0,597,597,2961.0
1637174323,1,POST,/auth/login/,0.100000,0.000000,680,680,680,680,680,680,680,680,680,680,680,18,0,450,624.9444444444445,248,1812,9863.055555555555
1637174323,1,GET,/auth/logout/,0.100000,0.000000,350,350,350,350,350,350,350,350,350,350,350,17,0,13,86.88235294117646,9,348,1712.0
1637174323,1,POST,/auth/modify-friend/,0.300000,0.000000,360,360,420,420,420,420,420,420,420,420,420,90,0,190,241.05555555555554,136,697,1713.0
1637174323,1,GET,/public/,0.300000,0.000000,520,520,520,520,520,520,520,520,520,520,520,90,0,240,316.85555555555555,177,882,10176.544444444444
1637174323,1,,Aggregated,2.300000,0.000000,490,510,520,520,680,690,690,690,690,690,690,551,0,220,285.9147005444646,9,1812,5630.010889292196
1637174324,1,GET,/,1.100000,0.000000,510,520,520,640,690,690,690,690,690,690,690,137,0,260,315.45985401459853,180,759,9535.226277372263
1637174324,1,POST,/,0.000000,0.000000,1400,1400,1400,1400,1400,1400,1400,1400,1400,1400,1400,19,0,730,801.4736842105264,496,1450,9025.21052631579
1637174324,1,GET,/auth/find-friends/,0.400000,0.000000,280,280,370,370,370,370,370,370,370,370,370,180,0,170,205.6,94,1145,1974.0
1637174324,1,GET,/auth/login/,0.000000,0.000000,0,0,0,0,0,0,0,0,0,0,0,1,0,597,597.0,597,597,2961.0
1637174324,1,POST,/auth/login/,0.100000,0.000000,680,680,680,680,680,680,680,680,680,680,680,18,0,450,624.9444444444445,248,1812,9863.055555555555
1637174324,1,GET,/auth/logout/,0.100000,0.000000,350,350,350,350,350,350,350,350,350,350,350,17,0,13,86.88235294117646,9,348,1712.0
1637174324,1,POST,/auth/modify-friend/,0.200000,0.000000,360,360,420,420,420,420,420,420,420,420,420,90,0,190,241.05555555555554,136,697,1713.0
1637174324,1,GET,/public/,0.200000,0.000000,510,510,520,520,520,520,520,520,520,520,520,91,0,240,318.9340659340659,177,882,10178.131868131868
1637174324,1,,Aggregated,2.100000,0.000000,490,510,520,520,690,1400,1400,1400,1400,1400,1400,553,0,220,288.4177215189873,9,1812,5647.5678119349
1637174325,1,GET,/,0.900000,0.000000,510,520,640,640,690,690,690,690,690,690,690,137,0,260,315.45985401459853,180,759,9535.226277372263
1637174325,1,POST,/,0.000000,0.000000,1400,1400,1400,1400,1400,1400,1400,1400,1400,1400,1400,19,0,730,801.4736842105264,496,1450,9025.21052631579
1637174325,1,GET,/auth/find-friends/,0.400000,0.000000,280,280,350,350,370,370,370,370,370,370,370,182,0,180,206.55494505494505,94,1145,1974.0
1637174325,1,GET,/auth/login/,0.000000,0.000000,0,0,0,0,0,0,0,0,0,0,0,1,0,597,597.0,597,597,2961.0
1637174325,1,POST,/auth/login/,0.100000,0.000000,680,680,680,680,680,680,680,680,680,680,680,18,0,450,624.9444444444445,248,1812,9863.055555555555
1637174325,1,GET,/auth/logout/,0.100000,0.000000,350,350,350,350,350,350,350,350,350,350,350,17,0,13,86.88235294117646,9,348,1712.0
1637174325,1,POST,/auth/modify-friend/,0.200000,0.000000,420,420,430,430,430,430,430,430,430,430,430,91,0,210,243.0989010989011,136,697,1713.0
1637174325,1,GET,/public/,0.200000,0.000000,510,510,520,520,520,520,520,520,520,520,520,91,0,240,318.9340659340659,177,882,10178.131868131868
1637174325,1,,Aggregated,1.900000,0.000000,420,510,510,520,640,690,1400,1400,1400,1400,1400,556,0,220,288.681654676259,9,1812,5627.276978417266
1637174326,1,GET,/,0.900000,0.000000,510,520,580,580,640,640,640,640,640,640,640,138,0,260,317.3768115942029,180,759,9543.760869565218
1637174326,1,POST,/,0.000000,0.000000,1400,1400,1400,1400,1400,1400,1400,1400,1400,1400,1400,19,0,730,801.4736842105264,496,1450,9025.21052631579
1637174326,1,GET,/auth/find-friends/,0.400000,0.000000,280,280,350,350,370,370,370,370,370,370,370,182,0,180,206.55494505494505,94,1145,1974.0
1637174326,1,GET,/auth/login/,0.000000,0.000000,0,0,0,0,0,0,0,0,0,0,0,1,0,597,597.0,597,597,2961.0
1637174326,1,POST,/auth/login/,0.100000,0.000000,680,680,680,680,680,680,680,680,680,680,680,18,0,450,624.9444444444445,248,1812,9863.055555555555
1637174326,1,GET,/auth/logout/,0.100000,0.000000,350,350,350,350,350,350,350,350,350,350,350,17,0,13,86.88235294117646,9,348,1712.0
1637174326,1,POST,/auth/modify-friend/,0.200000,0.000000,420,420,430,430,430,430,430,430,430,430,430,91,0,210,243.0989010989011,136,697,1713.0
1637174326,1,GET,/public/,0.200000,0.000000,510,510,520,520,520,520,520,520,520,520,520,91,0,240,318.9340659340659,177,882,10178.131868131868
1637174326,1,,Aggregated,1.900000,0.000000,420,510,520,520,640,1400,1400,1400,1400,1400,1400,557,0,220,289.20466786355473,9,1812,5636.407540394973
1637174327,1,GET,/,0.900000,0.000000,510,520,580,580,640,640,640,640,640,640,640,138,0,260,317.3768115942029,180,759,9543.760869565218
1637174327,1,POST,/,0.100000,0.000000,1400,1400,1400,1400,1400,1400,1400,1400,1400,1400,1400,20,0,730,809.75,496,1450,9100.9
1637174327,1,GET,/auth/find-friends/,0.600000,0.000000,280,280,350,350,370,370,370,370,370,370,370,182,0,180,206.55494505494505,94,1145,1974.0
1637174327,1,GET,/auth/login/,0.000000,0.000000,0,0,0,0,0,0,0,0,0,0,0,1,0,597,597.0,597,597,2961.0
1637174327,1,POST,/auth/login/,0.000000,0.000000,680,680,680,680,680,680,680,680,680,680,680,18,0,450,624.9444444444445,248,1812,9863.055555555555
1637174327,1,GET,/auth/logout/,0.000000,0.000000,350,350,350,350,350,350,350,350,350,350,350,17,0,13,86.88235294117646,9,348,1712.0
1637174327,1,POST,/auth/modify-friend/,0.200000,0.000000,420,420,430,430,430,430,430,430,430,430,430,91,0,210,243.0989010989011,136,697,1713.0
1637174327,1,GET,/public/,0.300000,0.000000,510,510,520,520,520,520,520,520,520,520,520,92,0,240,319.4347826086956,177,882,10178.434782608696
1637174327,1,,Aggregated,2.100000,0.000000,420,510,520,580,970,1400,1400,1400,1400,1400,1400,559,0,220,290.5527728085868,9,1812,5653.352415026834
1637174328,1,GET,/,0.900000,0.000000,510,580,580,640,640,640,640,640,640,640,640,138,0,260,317.3768115942029,180,759,9543.760869565218
1637174328,1,POST,/,0.100000,0.000000,1400,1400,1400,1400,1400,1400,1400,1400,1400,1400,1400,20,0,730,809.75,496,1450,9100.9
1637174328,1,GET,/auth/find-friends/,0.600000,0.000000,290,350,350,350,370,370,370,370,370,370,370,184,0,180,207.79891304347825,94,1145,1974.0
1637174328,1,GET,/auth/login/,0.000000,0.000000,0,0,0,0,0,0,0,0,0,0,0,1,0,597,597.0,597,597,2961.0
1637174328,1,POST,/auth/login/,0.000000,0.000000,680,680,680,680,680,680,680,680,680,680,680,18,0,450,624.9444444444445,248,1812,9863.055555555555
1637174328,1,GET,/auth/logout/,0.000000,0.000000,350,350,350,350,350,350,350,350,350,350,350,17,0,13,86.88235294117646,9,348,1712.0
1637174328,1,POST,/auth/modify-friend/,0.300000,0.000000,430,430,570,570,570,570,570,570,570,570,570,92,0,210,246.66304347826087,136,697,1713.0
1637174328,1,GET,/public/,0.300000,0.000000,510,510,520,520,520,520,520,520,520,520,520,92,0,240,319.4347826086956,177,882,10178.434782608696
1637174328,1,,Aggregated,2.200000,0.000000,430,510,570,580,970,1400,1400,1400,1400,1400,1400,562,0,230,291.16014234875445,9,1812,5633.247330960854
1637174329,1,GET,/,0.700000,0.000000,510,510,580,580,640,640,640,640,640,640,640,140,0,260,319.02142857142854,180,759,9558.4
1637174329,1,POST,/,0.200000,0.000000,1400,1400,1400,1400,1400,1400,1400,1400,1400,1400,1400,20,0,730,809.75,496,1450,9100.9
1637174329,1,GET,/auth/find-friends/,0.600000,0.000000,290,290,350,350,350,350,350,350,350,350,350,184,0,180,207.79891304347825,94,1145,1974.0
1637174329,1,GET,/auth/login/,0.000000,0.000000,0,0,0,0,0,0,0,0,0,0,0,1,0,597,597.0,597,597,2961.0
1637174329,1,POST,/auth/login/,0.000000,0.000000,680,680,680,680,680,680,680,680,680,680,680,18,0,450,624.9444444444445,248,1812,9863.055555555555
1637174329,1,GET,/auth/logout/,0.000000,0.000000,350,350,350,350,350,350,350,350,350,350,350,17,0,13,86.88235294117646,9,348,1712.0
1637174329,1,POST,/auth/modify-friend/,0.300000,0.000000,430,430,570,570,570,570,570,570,570,570,570,92,0,210,246.66304347826087,136,697,1713.0
1637174329,1,GET,/public/,0.300000,0.000000,510,510,520,520,520,520,520,520,520,520,520,92,0,240,319.4347826086956,177,882,10178.434782608696
1637174329,1,,Aggregated,2.100000,0.000000,430,510,570,580,970,1400,1400,1400,1400,1400,1400,564,0,230,291.6613475177305,9,1812,5650.748226950354
1637174330,1,GET,/,0.500000,0.000000,510,510,580,580,640,640,640,640,640,640,640,141,0,260,319.3333333333333,180,759,9565.063829787234
1637174330,1,POST,/,0.200000,0.000000,970,970,1400,1400,1400,1400,1400,1400,1400,1400,1400,21,0,830,812.6666666666666,496,1450,9172.42857142857
1637174330,1,GET,/auth/find-friends/,0.800000,0.000000,290,290,350,350,350,350,350,350,350,350,350,184,0,180,207.79891304347825,94,1145,1974.0
1637174330,1,GET,/auth/login/,0.000000,0.000000,0,0,0,0,0,0,0,0,0,0,0,1,0,597,597.0,597,597,2961.0
1637174330,1,POST,/auth/login/,0.000000,0.000000,680,680,680,680,680,680,680,680,680,680,680,18,0,450,624.9444444444445,248,1812,9863.055555555555
1637174330,1,GET,/auth/logout/,0.000000,0.000000,350,350,350,350,350,350,350,350,350,350,350,17,0,13,86.88235294117646,9,348,1712.0
1637174330,1,POST,/auth/modify-friend/,0.300000,0.000000,430,430,570,570,570,570,570,570,570,570,570,92,0,210,246.66304347826087,136,697,1713.0
1637174330,1,GET,/public/,0.300000,0.000000,510,510,520,520,520,520,520,520,520,520,520,92,0,240,319.4347826086956,177,882,10178.434782608696
1637174330,1,,Aggregated,2.100000,0.000000,510,510,580,640,970,1400,1400,1400,1400,1400,1400,566,0,230,292.81095406360424,9,1812,5668.061837455831
1637174331,1,GET,/,0.600000,0.000000,510,510,510,580,580,580,580,580,580,580,580,141,0,260,319.3333333333333,180,759,9565.063829787234
1637174331,1,POST,/,0.200000,0.000000,970,970,1400,1400,1400,1400,1400,1400,1400,1400,1400,21,0,830,812.6666666666666,496,1450,9172.42857142857
1637174331,1,GET,/auth/find-friends/,0.600000,0.000000,250,290,350,350,350,350,350,350,350,350,350,185,0,180,208.03783783783783,94,1145,1974.0
1637174331,1,GET,/auth/login/,0.000000,0.000000,0,0,0,0,0,0,0,0,0,0,0,1,0,597,597.0,597,597,2961.0
1637174331,1,POST,/auth/login/,0.000000,0.000000,680,680,680,680,680,680,680,680,680,680,680,18,0,450,624.9444444444445,248,1812,9863.055555555555
1637174331,1,GET,/auth/logout/,0.000000,0.000000,0,0,0,0,0,0,0,0,0,0,0,17,0,13,86.88235294117646,9,348,1712.0
1637174331,1,POST,/auth/modify-friend/,0.400000,0.000000,430,430,570,570,570,570,570,570,570,570,570,92,0,210,246.66304347826087,136,697,1713.0
1637174331,1,GET,/public/,0.300000,0.000000,440,440,510,510,510,510,510,510,510,510,510,93,0,250,320.73118279569894,177,882,10178.150537634408
1637174331,1,,Aggregated,2.100000,0.000000,440,510,570,580,970,1400,1400,1400,1400,1400,1400,568,0,230,292.9982394366197,9,1812,5669.452464788732
1637174332,1,GET,/,0.700000,0.000000,510,510,510,580,580,580,580,580,580,580,580,141,0,260,319.3333333333333,180,759,9565.063829787234
1637174332,1,POST,/,0.200000,0.000000,970,970,1400,1400,1400,1400,1400,1400,1400,1400,1400,21,0,830,812.6666666666666,496,1450,9172.42857142857
1637174332,1,GET,/auth/find-friends/,0.600000,0.000000,350,350,350,350,380,380,380,380,380,380,380,186,0,180,208.9516129032258,94,1145,1974.0
1637174332,1,GET,/auth/login/,0.000000,0.000000,0,0,0,0,0,0,0,0,0,0,0,1,0,597,597.0,597,597,2961.0
1637174332,1,POST,/auth/login/,0.000000,0.000000,0,0,0,0,0,0,0,0,0,0,0,18,0,450,624.9444444444445,248,1812,9863.055555555555
1637174332,1,GET,/auth/logout/,0.000000,0.000000,0,0,0,0,0,0,0,0,0,0,0,17,0,13,86.88235294117646,9,348,1712.0
1637174332,1,POST,/auth/modify-friend/,0.300000,0.000000,430,430,570,570,570,570,570,570,570,570,570,93,0,220,248.44086021505376,136,697,1713.0
1637174332,1,GET,/public/,0.200000,0.000000,440,440,510,510,510,510,510,510,510,510,510,93,0,250,320.73118279569894,177,882,10178.150537634408
1637174332,1,,Aggregated,2.000000,0.000000,410,510,570,580,970,1400,1400,1400,1400,1400,1400,570,0,230,293.3561403508772,9,1812,5656.028070175438
1637174333,1,GET,/,0.700000,0.000000,490,510,530,530,580,580,580,580,580,580,580,144,0,270,322.27777777777777,180,759,9581.736111111111
1637174333,1,POST,/,0.300000,0.000000,970,970,1400,1400,1400,1400,1400,1400,1400,1400,1400,21,0,830,812.6666666666666,496,1450,9172.42857142857
1637174333,1,GET,/auth/find-friends/,0.400000,0.000000,350,350,350,350,380,380,380,380,380,380,380,186,0,180,208.9516129032258,94,1145,1974.0
1637174333,1,GET,/auth/login/,0.000000,0.000000,0,0,0,0,0,0,0,0,0,0,0,1,0,597,597.0,597,597,2961.0
1637174333,1,POST,/auth/login/,0.000000,0.000000,0,0,0,0,0,0,0,0,0,0,0,18,0,450,624.9444444444445,248,1812,9863.055555555555
1637174333,1,GET,/auth/logout/,0.000000,0.000000,0,0,0,0,0,0,0,0,0,0,0,17,0,13,86.88235294117646,9,348,1712.0
1637174333,1,POST,/auth/modify-friend/,0.200000,0.000000,430,430,570,570,570,570,570,570,570,570,570,93,0,220,248.44086021505376,136,697,1713.0
1637174333,1,GET,/public/,0.200000,0.000000,440,440,510,510,510,510,510,510,510,510,510,93,0,250,320.73118279569894,177,882,10178.150537634408
1637174333,1,,Aggregated,1.800000,0.000000,410,490,510,530,580,870,970,970,970,970,970,573,0,230,294.2321116928447,9,1812,5680.684118673647
1637174334,1,GET,/,0.500000,0.000000,490,510,530,530,580,580,580,580,580,580,580,144,0,270,322.27777777777777,180,759,9581.736111111111
1637174334,1,POST,/,0.300000,0.000000,970,970,1100,1100,1100,1100,1100,1100,1100,1100,1100,22,0,830,824.7272727272727,496,1450,9228.5
1637174334,1,GET,/auth/find-friends/,0.600000,0.000000,350,350,350,350,380,380,380,380,380,380,380,186,0,180,208.9516129032258,94,1145,1974.0
1637174334,1,GET,/auth/login/,0.000000,0.000000,0,0,0,0,0,0,0,0,0,0,0,1,0,597,597.0,597,597,2961.0
1637174334,1,POST,/auth/login/,0.000000,0.000000,0,0,0,0,0,0,0,0,0,0,0,18,0,450,624.9444444444445,248,1812,9863.055555555555
1637174334,1,GET,/auth/logout/,0.000000,0.000000,0,0,0,0,0,0,0,0,0,0,0,17,0,13,86.88235294117646,9,348,1712.0
1637174334,1,POST,/auth/modify-friend/,0.200000,0.000000,430,430,570,570,570,570,570,570,570,570,570,93,0,220,248.44086021505376,136,697,1713.0
1637174334,1,GET,/public/,0.300000,0.000000,440,440,510,510,510,510,510,510,510,510,510,93,0,250,320.73118279569894,177,882,10178.150537634408
1637174334,1,,Aggregated,1.900000,0.000000,430,510,570,580,970,1100,1100,1100,1100,1100,1100,574,0,230,295.5975609756098,9,1812,5688.91637630662
1637174335,1,GET,/,0.500000,0.000000,490,510,530,530,580,580,580,580,580,580,580,144,0,270,322.27777777777777,180,759,9581.736111111111
1637174335,1,POST,/,0.300000,0.000000,970,970,1100,1100,1100,1100,1100,1100,1100,1100,1100,22,0,830,824.7272727272727,496,1450,9228.5
1637174335,1,GET,/auth/find-friends/,0.600000,0.000000,350,350,380,380,380,380,380,380,380,380,380,186,0,180,208.9516129032258,94,1145,1974.0
1637174335,1,GET,/auth/login/,0.000000,0.000000,0,0,0,0,0,0,0,0,0,0,0,1,0,597,597.0,597,597,2961.0
1637174335,1,POST,/auth/login/,0.000000,0.000000,0,0,0,0,0,0,0,0,0,0,0,18,0,450,624.9444444444445,248,1812,9863.055555555555
1637174335,1,GET,/auth/logout/,0.000000,0.000000,0,0,0,0,0,0,0,0,0,0,0,17,0,13,86.88235294117646,9,348,1712.0
1637174335,1,POST,/auth/modify-friend/,0.300000,0.000000,430,430,570,570,570,570,570,570,570,570,570,93,0,220,248.44086021505376,136,697,1713.0
1637174335,1,GET,/public/,0.300000,0.000000,440,440,530,530,530,530,530,530,530,530,530,94,0,250,322.968085106383,177,882,10176.244680851063
1637174335,1,,Aggregated,2.000000,0.000000,440,510,530,570,970,1100,1100,1100,1100,1100,1100,575,0,230,296.00695652173914,9,1812,5696.412173913043
1637174336,1,GET,/,0.700000,0.000000,490,490,510,510,530,530,530,530,530,530,530,144,0,270,322.27777777777777,180,759,9581.736111111111
1637174336,1,POST,/,0.200000,0.000000,970,970,1100,1100,1100,1100,1100,1100,1100,1100,1100,22,0,830,824.7272727272727,496,1450,9228.5
1637174336,1,GET,/auth/find-friends/,0.600000,0.000000,360,360,380,380,700,700,700,700,700,700,700,188,0,180,212.38297872340425,94,1145,1974.0
1637174336,1,GET,/auth/login/,0.000000,0.000000,0,0,0,0,0,0,0,0,0,0,0,1,0,597,597.0,597,597,2961.0
1637174336,1,POST,/auth/login/,0.000000,0.000000,0,0,0,0,0,0,0,0,0,0,0,18,0,450,624.9444444444445,248,1812,9863.055555555555
1637174336,1,GET,/auth/logout/,0.000000,0.000000,0,0,0,0,0,0,0,0,0,0,0,17,0,13,86.88235294117646,9,348,1712.0
1637174336,1,POST,/auth/modify-friend/,0.300000,0.000000,420,420,570,570,570,570,570,570,570,570,570,94,0,220,250.2659574468085,136,697,1713.0
1637174336,1,GET,/public/,0.300000,0.000000,440,440,530,530,530,530,530,530,530,530,530,94,0,250,322.968085106383,177,882,10176.244680851063
1637174336,1,,Aggregated,2.100000,0.000000,420,510,530,570,870,1100,1100,1100,1100,1100,1100,578,0,230,297.0363321799308,9,1812,5676.640138408305
1637174337,1,GET,/,0.700000,0.000000,490,490,510,510,530,530,530,530,530,530,530,144,0,270,322.27777777777777,180,759,9581.736111111111
1637174337,1,POST,/,0.300000,0.000000,970,970,1100,1100,1100,1100,1100,1100,1100,1100,1100,22,0,830,824.7272727272727,496,1450,9228.5
1637174337,1,GET,/auth/find-friends/,0.400000,0.000000,360,360,380,380,700,700,700,700,700,700,700,188,0,180,212.38297872340425,94,1145,1974.0
1637174337,1,GET,/auth/login/,0.000000,0.000000,0,0,0,0,0,0,0,0,0,0,0,1,0,597,597.0,597,597,2961.0
1637174337,1,POST,/auth/login/,0.000000,0.000000,0,0,0,0,0,0,0,0,0,0,0,18,0,450,624.9444444444445,248,1812,9863.055555555555
1637174337,1,GET,/auth/logout/,0.000000,0.000000,0,0,0,0,0,0,0,0,0,0,0,17,0,13,86.88235294117646,9,348,1712.0
1637174337,1,POST,/auth/modify-friend/,0.300000,0.000000,420,420,570,570,570,570,570,570,570,570,570,94,0,220,250.2659574468085,136,697,1713.0
1637174337,1,GET,/public/,0.200000,0.000000,500,500,530,530,530,530,530,530,530,530,530,95,0,270,324.81052631578945,177,882,10175.231578947369
1637174337,1,,Aggregated,1.900000,0.000000,490,510,530,570,870,1100,1100,1100,1100,1100,1100,579,0,230,297.3834196891192,9,1812,5684.245250431779
1637174338,1,GET,/,0.600000,0.000000,360,490,490,530,530,530,530,530,530,530,530,144,0,270,322.27777777777777,180,759,9581.736111111111
1637174338,1,POST,/,0.300000,0.000000,1100,1100,1100,1100,1100,1100,1100,1100,1100,1100,1100,22,0,830,824.7272727272727,496,1450,9228.5
1637174338,1,GET,/auth/find-friends/,0.500000,0.000000,380,420,520,520,700,700,700,700,700,700,700,190,0,180,215.11052631578949,94,1145,1974.0
1637174338,1,GET,/auth/login/,0.000000,0.000000,0,0,0,0,0,0,0,0,0,0,0,1,0,597,597.0,597,597,2961.0
1637174338,1,POST,/auth/login/,0.000000,0.000000,0,0,0,0,0,0,0,0,0,0,0,18,0,450,624.9444444444445,248,1812,9863.055555555555
1637174338,1,GET,/auth/logout/,0.000000,0.000000,0,0,0,0,0,0,0,0,0,0,0,18,0,13,89.05555555555556,9,348,1712.0
1637174338,1,POST,/auth/modify-friend/,0.200000,0.000000,430,430,570,570,570,570,570,570,570,570,570,95,0,220,252.1157894736842,136,697,1713.0
1637174338,1,GET,/public/,0.300000,0.000000,500,500,530,530,530,530,530,530,530,530,530,95,0,270,324.81052631578945,177,882,10175.231578947369
1637174338,1,,Aggregated,1.900000,0.000000,430,500,530,530,870,1100,1100,1100,1100,1100,1100,583,0,230,297.9073756432247,9,1812,5657.891938250429
1637174339,1,GET,/,0.600000,0.000000,360,490,490,530,530,530,530,530,530,530,530,144,0,270,322.27777777777777,180,759,9581.736111111111
1637174339,1,POST,/,0.300000,0.000000,1100,1100,1100,1100,1100,1100,1100,1100,1100,1100,1100,22,0,830,824.7272727272727,496,1450,9228.5
1637174339,1,GET,/auth/find-friends/,0.500000,0.000000,420,420,520,520,700,700,700,700,700,700,700,190,0,180,215.11052631578949,94,1145,1974.0
1637174339,1,GET,/auth/login/,0.000000,0.000000,0,0,0,0,0,0,0,0,0,0,0,1,0,597,597.0,597,597,2961.0
1637174339,1,POST,/auth/login/,0.000000,0.000000,0,0,0,0,0,0,0,0,0,0,0,18,0,450,624.9444444444445,248,1812,9863.055555555555
1637174339,1,GET,/auth/logout/,0.000000,0.000000,130,130,130,130,130,130,130,130,130,130,130,18,0,13,89.05555555555556,9,348,1712.0
1637174339,1,POST,/auth/modify-friend/,0.200000,0.000000,430,430,570,570,570,570,570,570,570,570,570,95,0,220,252.1157894736842,136,697,1713.0
1637174339,1,GET,/public/,0.300000,0.000000,500,500,530,530,530,530,530,530,530,530,530,95,0,270,324.81052631578945,177,882,10175.231578947369
1637174339,1,,Aggregated,1.900000,0.000000,440,500,530,530,870,1100,1100,1100,1100,1100,1100,583,0,230,297.9073756432247,9,1812,5657.891938250429
1637174340,1,GET,/,0.600000,0.000000,490,490,530,530,530,530,530,530,530,530,530,144,0,270,322.27777777777777,180,759,9581.736111111111
1637174340,1,POST,/,0.300000,0.000000,1100,1100,1100,1100,1100,1100,1100,1100,1100,1100,1100,22,0,830,824.7272727272727,496,1450,9228.5
1637174340,1,GET,/auth/find-friends/,0.500000,0.000000,420,420,520,520,700,700,700,700,700,700,700,190,0,180,215.11052631578949,94,1145,1974.0
1637174340,1,GET,/auth/login/,0.000000,0.000000,0,0,0,0,0,0,0,0,0,0,0,1,0,597,597.0,597,597,2961.0
1637174340,1,POST,/auth/login/,0.000000,0.000000,0,0,0,0,0,0,0,0,0,0,0,18,0,450,624.9444444444445,248,1812,9863.055555555555
1637174340,1,GET,/auth/logout/,0.000000,0.000000,130,130,130,130,130,130,130,130,130,130,130,18,0,13,89.05555555555556,9,348,1712.0
1637174340,1,POST,/auth/modify-friend/,0.200000,0.000000,420,420,430,430,430,430,430,430,430,430,430,95,0,220,252.1157894736842,136,697,1713.0
1637174340,1,GET,/public/,0.300000,0.000000,500,500,530,530,530,530,530,530,530,530,530,95,0,270,324.81052631578945,177,882,10175.231578947369
1637174340,1,,Aggregated,1.900000,0.000000,430,500,520,530,700,1100,1100,1100,1100,1100,1100,583,0,230,297.9073756432247,9,1812,5657.891938250429
1637174341,1,GET,/,0.600000,0.000000,490,490,530,530,530,530,530,530,530,530,530,144,0,270,322.27777777777777,180,759,9581.736111111111
1637174341,1,POST,/,0.200000,0.000000,1100,1100,1100,1100,1100,1100,1100,1100,1100,1100,1100,22,0,830,824.7272727272727,496,1450,9228.5
1637174341,1,GET,/auth/find-friends/,0.500000,0.000000,420,420,520,520,700,700,700,700,700,700,700,190,0,180,215.11052631578949,94,1145,1974.0
1637174341,1,GET,/auth/login/,0.000000,0.000000,0,0,0,0,0,0,0,0,0,0,0,1,0,597,597.0,597,597,2961.0
1637174341,1,POST,/auth/login/,0.000000,0.000000,1400,1400,1400,1400,1400,1400,1400,1400,1400,1400,1400,19,0,470,664.1052631578947,248,1812,9892.631578947368
1637174341,1,GET,/auth/logout/,0.000000,0.000000,130,130,130,130,130,130,130,130,130,130,130,18,0,13,89.05555555555556,9,348,1712.0
1637174341,1,POST,/auth/modify-friend/,0.300000,0.000000,420,420,430,430,430,430,430,430,430,430,430,95,0,220,252.1157894736842,136,697,1713.0
1637174341,1,GET,/public/,0.300000,0.000000,500,500,530,530,530,530,530,530,530,530,530,95,0,270,324.81052631578945,177,882,10175.231578947369
1637174341,1,,Aggregated,1.900000,0.000000,490,520,530,700,1100,1400,1400,1400,1400,1400,1400,584,0,230,299.7414383561644,9,1812,5666.054794520548
1637174342,1,GET,/,0.300000,0.000000,530,530,530,530,530,530,530,530,530,530,530,144,0,270,322.27777777777777,180,759,9581.736111111111
1637174342,1,POST,/,0.200000,0.000000,1100,1100,1100,1100,1100,1100,1100,1100,1100,1100,1100,22,0,830,824.7272727272727,496,1450,9228.5
1637174342,1,GET,/auth/find-friends/,0.600000,0.000000,420,420,520,520,700,700,700,700,700,700,700,190,0,180,215.11052631578949,94,1145,1974.0
1637174342,1,GET,/auth/login/,0.000000,0.000000,0,0,0,0,0,0,0,0,0,0,0,1,0,597,597.0,597,597,2961.0
1637174342,1,POST,/auth/login/,0.000000,0.000000,1400,1400,1400,1400,1400,1400,1400,1400,1400,1400,1400,19,0,470,664.1052631578947,248,1812,9892.631578947368
1637174342,1,GET,/auth/logout/,0.100000,0.000000,130,130,130,130,130,130,130,130,130,130,130,18,0,13,89.05555555555556,9,348,1712.0
1637174342,1,POST,/auth/modify-friend/,0.300000,0.000000,420,420,430,430,430,430,430,430,430,430,430,95,0,220,252.1157894736842,136,697,1713.0
1637174342,1,GET,/public/,0.300000,0.000000,530,530,1200,1200,1200,1200,1200,1200,1200,1200,1200,96,0,270,333.8333333333333,177,1191,10174.385416666666
1637174342,1,,Aggregated,1.800000,0.000000,520,530,700,1100,1200,1400,1400,1400,1400,1400,1400,585,0,240,301.2649572649573,9,1812,5673.623931623932
1637174343,1,GET,/,0.300000,0.000000,530,530,530,530,530,530,530,530,530,530,530,144,0,270,322.27777777777777,180,759,9581.736111111111
1637174343,1,POST,/,0.100000,0.000000,1100,1100,1100,1100,1100,1100,1100,1100,1100,1100,1100,22,0,830,824.7272727272727,496,1450,9228.5
1637174343,1,GET,/auth/find-friends/,0.600000,0.000000,520,700,700,850,850,850,850,850,850,850,850,191,0,180,218.41361256544502,94,1145,1974.0
1637174343,1,GET,/auth/login/,0.000000,0.000000,0,0,0,0,0,0,0,0,0,0,0,1,0,597,597.0,597,597,2961.0
1637174343,1,POST,/auth/login/,0.100000,0.000000,1400,1400,1400,1400,1400,1400,1400,1400,1400,1400,1400,19,0,470,664.1052631578947,248,1812,9892.631578947368
1637174343,1,GET,/auth/logout/,0.100000,0.000000,130,130,130,130,130,130,130,130,130,130,130,18,0,13,89.05555555555556,9,348,1712.0
1637174343,1,POST,/auth/modify-friend/,0.300000,0.000000,420,420,430,430,430,430,430,430,430,430,430,95,0,220,252.1157894736842,136,697,1713.0
1637174343,1,GET,/public/,0.300000,0.000000,530,530,1200,1200,1200,1200,1200,1200,1200,1200,1200,96,0,270,333.8333333333333,177,1191,10174.385416666666
1637174343,1,,Aggregated,1.800000,0.000000,520,700,850,1100,1200,1400,1400,1400,1400,1400,1400,586,0,240,302.19453924914677,9,1812,5667.3105802047785
1637174344,1,GET,/,0.300000,0.000000,530,530,530,530,530,530,530,530,530,530,530,144,0,270,322.27777777777777,180,759,9581.736111111111
1637174344,1,POST,/,0.100000,0.000000,1100,1100,1100,1100,1100,1100,1100,1100,1100,1100,1100,22,0,830,824.7272727272727,496,1450,9228.5
1637174344,1,GET,/auth/find-friends/,0.400000,0.000000,640,640,700,700,850,850,850,850,850,850,850,192,0,180,220.609375,94,1145,1974.0
1637174344,1,GET,/auth/login/,0.000000,0.000000,0,0,0,0,0,0,0,0,0,0,0,1,0,597,597.0,597,597,2961.0
1637174344,1,POST,/auth/login/,0.100000,0.000000,1400,1400,1400,1400,1400,1400,1400,1400,1400,1400,1400,19,0,470,664.1052631578947,248,1812,9892.631578947368
1637174344,1,GET,/auth/logout/,0.100000,0.000000,130,130,130,130,130,130,130,130,130,130,130,18,0,13,89.05555555555556,9,348,1712.0
1637174344,1,POST,/auth/modify-friend/,0.300000,0.000000,430,430,710,710,710,710,710,710,710,710,710,96,0,220,256.8645833333333,136,708,1713.0
1637174344,1,GET,/public/,0.200000,0.000000,530,530,1200,1200,1200,1200,1200,1200,1200,1200,1200,96,0,270,333.8333333333333,177,1191,10174.385416666666
1637174344,1,,Aggregated,1.500000,0.000000,530,700,710,850,1200,1400,1400,1400,1400,1400,1400,588,0,240,303.4591836734694,9,1812,5654.3044217687075
1637174345,1,GET,/,0.300000,0.000000,530,530,600,600,600,600,600,600,600,600,600,145,0,270,324.17241379310343,180,759,9588.806896551725
1637174345,1,POST,/,0.100000,0.000000,1100,1100,1100,1100,1100,1100,1100,1100,1100,1100,1100,22,0,830,824.7272727272727,496,1450,9228.5
1637174345,1,GET,/auth/find-friends/,0.400000,0.000000,520,640,640,850,850,850,850,850,850,850,850,192,0,180,220.609375,94,1145,1974.0
1637174345,1,GET,/auth/login/,0.000000,0.000000,0,0,0,0,0,0,0,0,0,0,0,1,0,597,597.0,597,597,2961.0
1637174345,1,POST,/auth/login/,0.100000,0.000000,1400,1400,1400,1400,1400,1400,1400,1400,1400,1400,1400,19,0,470,664.1052631578947,248,1812,9892.631578947368
1637174345,1,GET,/auth/logout/,0.100000,0.000000,130,130,130,130,130,130,130,130,130,130,130,18,0,13,89.05555555555556,9,348,1712.0
1637174345,1,POST,/auth/modify-friend/,0.300000,0.000000,430,430,710,710,710,710,710,710,710,710,710,96,0,220,256.8645833333333,136,708,1713.0
1637174345,1,GET,/public/,0.200000,0.000000,530,530,1200,1200,1200,1200,1200,1200,1200,1200,1200,96,0,270,333.8333333333333,177,1191,10174.385416666666
1637174345,1,,Aggregated,1.500000,0.000000,520,640,710,850,1200,1400,1400,1400,1400,1400,1400,589,0,240,303.95755517826825,9,1812,5662.713073005093
1637174346,1,GET,/,0.000000,0.000000,600,820,820,830,830,830,830,830,830,830,830,147,0,270,330.99319727891157,180,834,9598.503401360544
1637174346,1,POST,/,0.100000,0.000000,1100,1100,1100,1100,1100,1100,1100,1100,1100,1100,1100,22,0,830,824.7272727272727,496,1450,9228.5
1637174346,1,GET,/auth/find-friends/,0.600000,0.000000,640,640,850,850,850,850,850,850,850,850,850,192,0,180,220.609375,94,1145,1974.0
1637174346,1,GET,/auth/login/,0.000000,0.000000,0,0,0,0,0,0,0,0,0,0,0,1,0,597,597.0,597,597,2961.0
1637174346,1,POST,/auth/login/,0.100000,0.000000,1400,1400,1400,1400,1400,1400,1400,1400,1400,1400,1400,19,0,470,664.1052631578947,248,1812,9892.631578947368
1637174346,1,GET,/auth/logout/,0.100000,0.000000,130,130,130,130,130,130,130,130,130,130,130,18,0,13,89.05555555555556,9,348,1712.0
1637174346,1,POST,/auth/modify-friend/,0.200000,0.000000,430,430,710,710,710,710,710,710,710,710,710,96,0,220,256.8645833333333,136,708,1713.0
1637174346,1,GET,/public/,0.300000,0.000000,1200,1200,1200,1200,1200,1200,1200,1200,1200,1200,1200,96,0,270,333.8333333333333,177,1191,10174.385416666666
1637174346,1,,Aggregated,1.400000,0.000000,640,820,830,850,1200,1400,1400,1400,1400,1400,1400,591,0,240,305.72250423011843,9,1812,5678.411167512691
1637174347,1,GET,/,0.100000,0.000000,530,600,820,820,830,830,830,830,830,830,830,149,0,270,331.8993288590604,180,834,9606.523489932886
1637174347,1,POST,/,0.000000,0.000000,1100,1100,1100,1100,1100,1100,1100,1100,1100,1100,1100,22,0,830,824.7272727272727,496,1450,9228.5
1637174347,1,GET,/auth/find-friends/,0.600000,0.000000,640,640,850,850,850,850,850,850,850,850,850,192,0,180,220.609375,94,1145,1974.0
1637174347,1,GET,/auth/login/,0.000000,0.000000,0,0,0,0,0,0,0,0,0,0,0,1,0,597,597.0,597,597,2961.0
1637174347,1,POST,/auth/login/,0.100000,0.000000,1400,1400,1400,1400,1400,1400,1400,1400,1400,1400,1400,19,0,470,664.1052631578947,248,1812,9892.631578947368
1637174347,1,GET,/auth/logout/,0.100000,0.000000,130,130,130,130,130,130,130,130,130,130,130,18,0,13,89.05555555555556,9,348,1712.0
1637174347,1,POST,/auth/modify-friend/,0.300000,0.000000,710,710,710,710,710,710,710,710,710,710,710,96,0,220,256.8645833333333,136,708,1713.0
1637174347,1,GET,/public/,0.300000,0.000000,1200,1200,1200,1200,1200,1200,1200,1200,1200,1200,1200,96,0,270,333.8333333333333,177,1191,10174.385416666666
1637174347,1,,Aggregated,1.500000,0.000000,640,820,830,850,1200,1400,1400,1400,1400,1400,1400,593,0,240,306.035413153457,9,1812,5693.647554806071
1637174348,1,GET,/,0.200000,0.000000,680,680,820,820,830,830,830,830,830,830,830,150,0,270,334.2133333333333,180,834,9611.393333333333
1637174348,1,POST,/,0.000000,0.000000,1100,1100,1100,1100,1100,1100,1100,1100,1100,1100,1100,22,0,830,824.7272727272727,496,1450,9228.5
1637174348,1,GET,/auth/find-friends/,0.500000,0.000000,640,640,850,850,850,850,850,850,850,850,850,192,0,180,220.609375,94,1145,1974.0
1637174348,1,GET,/auth/login/,0.000000,0.000000,0,0,0,0,0,0,0,0,0,0,0,1,0,597,597.0,597,597,2961.0
1637174348,1,POST,/auth/login/,0.100000,0.000000,1400,1400,1400,1400,1400,1400,1400,1400,1400,1400,1400,19,0,470,664.1052631578947,248,1812,9892.631578947368
1637174348,1,GET,/auth/logout/,0.100000,0.000000,130,130,130,130,130,130,130,130,130,130,130,18,0,13,89.05555555555556,9,348,1712.0
1637174348,1,POST,/auth/modify-friend/,0.300000,0.000000,710,710,710,710,710,710,710,710,710,710,710,96,0,220,256.8645833333333,136,708,1713.0
1637174348,1,GET,/public/,0.200000,0.000000,1200,1200,1200,1200,1200,1200,1200,1200,1200,1200,1200,96,0,270,333.8333333333333,177,1191,10174.385416666666
1637174348,1,,Aggregated,1.400000,0.000000,680,820,830,850,1200,1400,1400,1400,1400,1400,1400,594,0,240,306.66329966329965,9,1812,5701.464646464647
1637174349,1,GET,/,0.200000,0.000000,680,790,820,820,830,830,830,830,830,830,830,151,0,280,337.20529801324506,180,834,9617.549668874171
1637174349,1,POST,/,0.000000,0.000000,1100,1100,1100,1100,1100,1100,1100,1100,1100,1100,1100,22,0,830,824.7272727272727,496,1450,9228.5
1637174349,1,GET,/auth/find-friends/,0.500000,0.000000,640,640,850,850,850,850,850,850,850,850,850,192,0,180,220.609375,94,1145,1974.0
1637174349,1,GET,/auth/login/,0.000000,0.000000,0,0,0,0,0,0,0,0,0,0,0,1,0,597,597.0,597,597,2961.0
1637174349,1,POST,/auth/login/,0.100000,0.000000,1400,1400,1400,1400,1400,1400,1400,1400,1400,1400,1400,19,0,470,664.1052631578947,248,1812,9892.631578947368
1637174349,1,GET,/auth/logout/,0.100000,0.000000,130,130,130,130,130,130,130,130,130,130,130,18,0,13,89.05555555555556,9,348,1712.0
1637174349,1,POST,/auth/modify-friend/,0.300000,0.000000,710,710,710,710,710,710,710,710,710,710,710,96,0,220,256.8645833333333,136,708,1713.0
1637174349,1,GET,/public/,0.200000,0.000000,1200,1200,1200,1200,1200,1200,1200,1200,1200,1200,1200,96,0,270,333.8333333333333,177,1191,10174.385416666666
1637174349,1,,Aggregated,1.400000,0.000000,790,820,850,850,1200,1400,1400,1400,1400,1400,1400,595,0,240,307.4689075630252,9,1812,5709.598319327731
1637174350,1,GET,/,0.500000,0.000000,680,790,820,820,830,830,830,830,830,830,830,151,0,280,337.20529801324506,180,834,9617.549668874171
1637174350,1,POST,/,0.000000,0.000000,1100,1100,1100,1100,1100,1100,1100,1100,1100,1100,1100,22,0,830,824.7272727272727,496,1450,9228.5
1637174350,1,GET,/auth/find-friends/,0.300000,0.000000,640,640,850,850,850,850,850,850,850,850,850,193,0,180,222.68911917098447,94,1145,1974.0
1637174350,1,GET,/auth/login/,0.000000,0.000000,0,0,0,0,0,0,0,0,0,0,0,1,0,597,597.0,597,597,2961.0
1637174350,1,POST,/auth/login/,0.100000,0.000000,1400,1400,1400,1400,1400,1400,1400,1400,1400,1400,1400,19,0,470,664.1052631578947,248,1812,9892.631578947368
1637174350,1,GET,/auth/logout/,0.100000,0.000000,130,130,130,130,130,130,130,130,130,130,130,18,0,13,89.05555555555556,9,348,1712.0
1637174350,1,POST,/auth/modify-friend/,0.200000,0.000000,710,710,710,710,710,710,710,710,710,710,710,96,0,220,256.8645833333333,136,708,1713.0
1637174350,1,GET,/public/,0.100000,0.000000,1200,1200,1200,1200,1200,1200,1200,1200,1200,1200,1200,97,0,280,341.8041237113402,177,1191,10176.39175257732
1637174350,1,,Aggregated,1.300000,0.000000,790,830,850,1100,1200,1400,1400,1400,1400,1400,1400,597,0,240,309.3350083752094,9,1812,5711.145728643216
1637174351,1,GET,/,0.700000,0.000000,680,790,820,820,830,830,830,830,830,830,830,151,0,280,337.20529801324506,180,834,9617.549668874171
1637174351,1,POST,/,0.000000,0.000000,1100,1100,1100,1100,1100,1100,1100,1100,1100,1100,1100,22,0,830,824.7272727272727,496,1450,9228.5
1637174351,1,GET,/auth/find-friends/,0.200000,0.000000,640,640,850,850,850,850,850,850,850,850,850,194,0,180,224.30927835051546,94,1145,1974.0
1637174351,1,GET,/auth/login/,0.000000,0.000000,0,0,0,0,0,0,0,0,0,0,0,1,0,597,597.0,597,597,2961.0
1637174351,1,POST,/auth/login/,0.100000,0.000000,1400,1400,1400,1400,1400,1400,1400,1400,1400,1400,1400,19,0,470,664.1052631578947,248,1812,9892.631578947368
1637174351,1,GET,/auth/logout/,0.000000,0.000000,130,130,130,130,130,130,130,130,130,130,130,18,0,13,89.05555555555556,9,348,1712.0
1637174351,1,POST,/auth/modify-friend/,0.100000,0.000000,710,710,710,710,710,710,710,710,710,710,710,96,0,220,256.8645833333333,136,708,1713.0
1637174351,1,GET,/public/,0.100000,0.000000,1200,1200,1200,1200,1200,1200,1200,1200,1200,1200,1200,97,0,280,341.8041237113402,177,1191,10176.39175257732
1637174351,1,,Aggregated,1.200000,0.000000,710,820,830,850,1100,1200,1200,1200,1200,1200,1200,598,0,240,309.7157190635451,9,1812,5704.896321070234
1637174352,1,GET,/,0.700000,0.000000,680,790,820,820,830,830,830,830,830,830,830,151,0,280,337.20529801324506,180,834,9617.549668874171
1637174352,1,POST,/,0.000000,0.000000,0,0,0,0,0,0,0,0,0,0,0,22,0,830,824.7272727272727,496,1450,9228.5
1637174352,1,GET,/auth/find-friends/,0.200000,0.000000,640,640,850,850,850,850,850,850,850,850,850,194,0,180,224.30927835051546,94,1145,1974.0
1637174352,1,GET,/auth/login/,0.000000,0.000000,0,0,0,0,0,0,0,0,0,0,0,1,0,597,597.0,597,597,2961.0
1637174352,1,POST,/auth/login/,0.100000,0.000000,1400,1400,1400,1400,1400,1400,1400,1400,1400,1400,1400,19,0,470,664.1052631578947,248,1812,9892.631578947368
1637174352,1,GET,/auth/logout/,0.000000,0.000000,130,130,130,130,130,130,130,130,130,130,130,18,0,13,89.05555555555556,9,348,1712.0
1637174352,1,POST,/auth/modify-friend/,0.100000,0.000000,720,720,720,720,720,720,720,720,720,720,720,97,0,220,261.659793814433,136,722,1713.0
1637174352,1,GET,/public/,0.100000,0.000000,1200,1200,1200,1200,1200,1200,1200,1200,1200,1200,1200,97,0,280,341.8041237113402,177,1191,10176.39175257732
1637174352,1,,Aggregated,1.200000,0.000000,710,790,820,830,850,1100,1100,1100,1100,1100,1100,599,0,240,310.4040066777963,9,1812,5698.232053422371
1637174353,1,GET,/,0.700000,0.000000,790,790,820,830,880,880,880,880,880,880,880,153,0,280,343.7712418300654,180,885,9629.366013071896
1637174353,1,POST,/,0.000000,0.000000,0,0,0,0,0,0,0,0,0,0,0,22,0,830,824.7272727272727,496,1450,9228.5
1637174353,1,GET,/auth/find-friends/,0.300000,0.000000,640,640,850,850,850,850,850,850,850,850,850,194,0,180,224.30927835051546,94,1145,1974.0
1637174353,1,GET,/auth/login/,0.000000,0.000000,0,0,0,0,0,0,0,0,0,0,0,1,0,597,597.0,597,597,2961.0
1637174353,1,POST,/auth/login/,0.000000,0.000000,1400,1400,1400,1400,1400,1400,1400,1400,1400,1400,1400,19,0,470,664.1052631578947,248,1812,9892.631578947368
1637174353,1,GET,/auth/logout/,0.000000,0.000000,130,130,130,130,130,130,130,130,130,130,130,18,0,13,89.05555555555556,9,348,1712.0
1637174353,1,POST,/auth/modify-friend/,0.100000,0.000000,720,720,720,720,720,720,720,720,720,720,720,97,0,220,261.659793814433,136,722,1713.0
1637174353,1,GET,/public/,0.200000,0.000000,1200,1200,1200,1200,1200,1200,1200,1200,1200,1200,1200,97,0,280,341.8041237113402,177,1191,10176.39175257732
1637174353,1,,Aggregated,1.300000,0.000000,720,790,820,830,880,1100,1100,1100,1100,1100,1100,601,0,240,312.16472545757074,9,1812,5714.282861896839
1637174354,1,GET,/,0.700000,0.000000,790,820,830,830,880,880,880,880,880,880,880,153,0,280,343.7712418300654,180,885,9629.366013071896
1637174354,1,POST,/,0.000000,0.000000,0,0,0,0,0,0,0,0,0,0,0,22,0,830,824.7272727272727,496,1450,9228.5
1637174354,1,GET,/auth/find-friends/,0.400000,0.000000,640,640,850,850,850,850,850,850,850,850,850,194,0,180,224.30927835051546,94,1145,1974.0
1637174354,1,GET,/auth/login/,0.000000,0.000000,0,0,0,0,0,0,0,0,0,0,0,1,0,597,597.0,597,597,2961.0
1637174354,1,POST,/auth/login/,0.000000,0.000000,1400,1400,1400,1400,1400,1400,1400,1400,1400,1400,1400,19,0,470,664.1052631578947,248,1812,9892.631578947368
1637174354,1,GET,/auth/logout/,0.000000,0.000000,130,130,130,130,130,130,130,130,130,130,130,18,0,13,89.05555555555556,9,348,1712.0
1637174354,1,POST,/auth/modify-friend/,0.200000,0.000000,720,720,720,720,720,720,720,720,720,720,720,97,0,220,261.659793814433,136,722,1713.0
1637174354,1,GET,/public/,0.200000,0.000000,1100,1100,1200,1200,1200,1200,1200,1200,1200,1200,1200,98,0,280,344.40816326530614,177,1191,10176.112244897959
1637174354,1,,Aggregated,1.500000,0.000000,720,790,820,830,880,1100,1100,1100,1100,1100,1100,602,0,240,312.63787375415285,9,1812,5721.64950166113
1637174355,1,GET,/,0.800000,0.000000,790,790,820,820,880,880,880,880,880,880,880,153,0,280,343.7712418300654,180,885,9629.366013071896
1637174355,1,POST,/,0.000000,0.000000,0,0,0,0,0,0,0,0,0,0,0,22,0,830,824.7272727272727,496,1450,9228.5
1637174355,1,GET,/auth/find-friends/,0.400000,0.000000,720,720,760,760,850,850,850,850,850,850,850,196,0,180,229.5612244897959,94,1145,1974.0
1637174355,1,GET,/auth/login/,0.000000,0.000000,0,0,0,0,0,0,0,0,0,0,0,1,0,597,597.0,597,597,2961.0
1637174355,1,POST,/auth/login/,0.000000,0.000000,1400,1400,1400,1400,1400,1400,1400,1400,1400,1400,1400,19,0,470,664.1052631578947,248,1812,9892.631578947368
1637174355,1,GET,/auth/logout/,0.000000,0.000000,130,130,130,130,130,130,130,130,130,130,130,18,0,13,89.05555555555556,9,348,1712.0
1637174355,1,POST,/auth/modify-friend/,0.200000,0.000000,720,720,720,720,720,720,720,720,720,720,720,97,0,220,261.659793814433,136,722,1713.0
1637174355,1,GET,/public/,0.100000,0.000000,1100,1100,1200,1200,1200,1200,1200,1200,1200,1200,1200,98,0,280,344.40816326530614,177,1191,10176.112244897959
1637174355,1,,Aggregated,1.500000,0.000000,720,790,790,820,880,1100,1100,1100,1100,1100,1100,604,0,240,314.0496688741722,9,1812,5709.240066225166
1637174356,1,GET,/,0.900000,0.000000,790,790,790,880,880,880,880,880,880,880,880,153,0,280,343.7712418300654,180,885,9629.366013071896
1637174356,1,POST,/,0.000000,0.000000,0,0,0,0,0,0,0,0,0,0,0,22,0,830,824.7272727272727,496,1450,9228.5
1637174356,1,GET,/auth/find-friends/,0.200000,0.000000,720,720,760,760,760,760,760,760,760,760,760,196,0,180,229.5612244897959,94,1145,1974.0
1637174356,1,GET,/auth/login/,0.000000,0.000000,0,0,0,0,0,0,0,0,0,0,0,1,0,597,597.0,597,597,2961.0
1637174356,1,POST,/auth/login/,0.000000,0.000000,1400,1400,1400,1400,1400,1400,1400,1400,1400,1400,1400,19,0,470,664.1052631578947,248,1812,9892.631578947368
1637174356,1,GET,/auth/logout/,0.000000,0.000000,0,0,0,0,0,0,0,0,0,0,0,18,0,13,89.05555555555556,9,348,1712.0
1637174356,1,POST,/auth/modify-friend/,0.200000,0.000000,710,710,720,720,720,720,720,720,720,720,720,98,0,220,266.2040816326531,136,722,1713.0
1637174356,1,GET,/public/,0.100000,0.000000,1100,1100,1100,1100,1100,1100,1100,1100,1100,1100,1100,98,0,280,344.40816326530614,177,1191,10176.112244897959
1637174356,1,,Aggregated,1.400000,0.000000,720,760,790,790,880,1100,1100,1100,1100,1100,1100,605,0,240,314.699173553719,9,1812,5702.634710743801
1637174357,1,GET,/,0.800000,0.000000,790,790,880,880,880,880,880,880,880,880,880,153,0,280,343.7712418300654,180,885,9629.366013071896
1637174357,1,POST,/,0.000000,0.000000,0,0,0,0,0,0,0,0,0,0,0,22,0,830,824.7272727272727,496,1450,9228.5
1637174357,1,GET,/auth/find-friends/,0.300000,0.000000,720,720,760,760,760,760,760,760,760,760,760,196,0,180,229.5612244897959,94,1145,1974.0
1637174357,1,GET,/auth/login/,0.000000,0.000000,0,0,0,0,0,0,0,0,0,0,0,1,0,597,597.0,597,597,2961.0
1637174357,1,POST,/auth/login/,0.000000,0.000000,1400,1400,1400,1400,1400,1400,1400,1400,1400,1400,1400,19,0,470,664.1052631578947,248,1812,9892.631578947368
1637174357,1,GET,/auth/logout/,0.000000,0.000000,0,0,0,0,0,0,0,0,0,0,0,18,0,13,89.05555555555556,9,348,1712.0
1637174357,1,POST,/auth/modify-friend/,0.100000,0.000000,720,720,720,720,720,720,720,720,720,720,720,98,0,220,266.2040816326531,136,722,1713.0
1637174357,1,GET,/public/,0.200000,0.000000,1100,1100,1100,1100,1100,1100,1100,1100,1100,1100,1100,99,0,280,352.3636363636364,177,1191,10175.545454545454
1637174357,1,,Aggregated,1.400000,0.000000,720,790,790,880,1100,1100,1100,1100,1100,1100,1100,606,0,240,316.04785478547853,9,1812,5709.924092409241
1637174358,1,GET,/,0.700000,0.000000,790,790,880,880,880,880,880,880,880,880,880,153,0,280,343.7712418300654,180,885,9629.366013071896
1637174358,1,POST,/,0.000000,0.000000,0,0,0,0,0,0,0,0,0,0,0,22,0,830,824.7272727272727,496,1450,9228.5
1637174358,1,GET,/auth/find-friends/,0.400000,0.000000,720,760,760,980,980,980,980,980,980,980,980,197,0,180,233.39593908629442,94,1145,1974.0
1637174358,1,GET,/auth/login/,0.000000,0.000000,0,0,0,0,0,0,0,0,0,0,0,1,0,597,597.0,597,597,2961.0
1637174358,1,POST,/auth/login/,0.000000,0.000000,0,0,0,0,0,0,0,0,0,0,0,19,0,470,664.1052631578947,248,1812,9892.631578947368
1637174358,1,GET,/auth/logout/,0.000000,0.000000,0,0,0,0,0,0,0,0,0,0,0,18,0,13,89.05555555555556,9,348,1712.0
1637174358,1,POST,/auth/modify-friend/,0.100000,0.000000,720,720,720,720,720,720,720,720,720,720,720,98,0,220,266.2040816326531,136,722,1713.0
1637174358,1,GET,/public/,0.200000,0.000000,1100,1100,1100,1100,1100,1100,1100,1100,1100,1100,1100,99,0,280,352.3636363636364,177,1191,10175.545454545454
1637174358,1,,Aggregated,1.400000,0.000000,760,790,880,980,1100,1100,1100,1100,1100,1100,1100,607,0,240,317.1499176276771,9,1812,5703.769357495881
1637174359,1,GET,/,0.700000,0.000000,790,790,880,880,880,880,880,880,880,880,880,153,0,280,343.7712418300654,180,885,9629.366013071896
1637174359,1,POST,/,0.000000,0.000000,0,0,0,0,0,0,0,0,0,0,0,22,0,830,824.7272727272727,496,1450,9228.5
1637174359,1,GET,/auth/find-friends/,0.400000,0.000000,720,720,760,760,980,980,980,980,980,980,980,198,0,180,234.64646464646464,94,1145,1974.0
1637174359,1,GET,/auth/login/,0.000000,0.000000,0,0,0,0,0,0,0,0,0,0,0,1,0,597,597.0,597,597,2961.0
1637174359,1,POST,/auth/login/,0.000000,0.000000,0,0,0,0,0,0,0,0,0,0,0,19,0,470,664.1052631578947,248,1812,9892.631578947368
1637174359,1,GET,/auth/logout/,0.000000,0.000000,0,0,0,0,0,0,0,0,0,0,0,18,0,13,89.05555555555556,9,348,1712.0
1637174359,1,POST,/auth/modify-friend/,0.100000,0.000000,720,720,720,720,720,720,720,720,720,720,720,98,0,220,266.2040816326531,136,722,1713.0
1637174359,1,GET,/public/,0.200000,0.000000,1100,1100,1100,1100,1100,1100,1100,1100,1100,1100,1100,99,0,280,352.3636363636364,177,1191,10175.545454545454
1637174359,1,,Aggregated,1.400000,0.000000,720,790,880,980,1100,1100,1100,1100,1100,1100,1100,608,0,240,317.4194078947368,9,1812,5697.6348684210525
1637174360,1,GET,/,0.400000,0.000000,790,790,880,880,880,880,880,880,880,880,880,154,0,280,345.4805194805195,180,885,9634.35064935065
1637174360,1,POST,/,0.000000,0.000000,0,0,0,0,0,0,0,0,0,0,0,22,0,830,824.7272727272727,496,1450,9228.5
1637174360,1,GET,/auth/find-friends/,0.400000,0.000000,720,760,760,980,980,980,980,980,980,980,980,198,0,180,234.64646464646464,94,1145,1974.0
1637174360,1,GET,/auth/login/,0.000000,0.000000,0,0,0,0,0,0,0,0,0,0,0,1,0,597,597.0,597,597,2961.0
1637174360,1,POST,/auth/login/,0.000000,0.000000,0,0,0,0,0,0,0,0,0,0,0,19,0,470,664.1052631578947,248,1812,9892.631578947368
1637174360,1,GET,/auth/logout/,0.000000,0.000000,0,0,0,0,0,0,0,0,0,0,0,18,0,13,89.05555555555556,9,348,1712.0
1637174360,1,POST,/auth/modify-friend/,0.200000,0.000000,720,720,740,740,740,740,740,740,740,740,740,99,0,230,270.93939393939394,136,735,1713.0
1637174360,1,GET,/public/,0.300000,0.000000,1100,1100,1100,1100,1100,1100,1100,1100,1100,1100,1100,99,0,280,352.3636363636364,177,1191,10175.545454545454
1637174360,1,,Aggregated,1.300000,0.000000,720,760,790,880,980,1100,1100,1100,1100,1100,1100,610,0,250,318.5786885245902,9,1812,5698.806557377049
1637174361,1,GET,/,0.200000,0.000000,610,790,790,880,880,880,880,880,880,880,880,156,0,280,345.78205128205127,180,885,9644.25641025641
1637174361,1,POST,/,0.000000,0.000000,0,0,0,0,0,0,0,0,0,0,0,22,0,830,824.7272727272727,496,1450,9228.5
1637174361,1,GET,/auth/find-friends/,0.600000,0.000000,720,760,760,980,980,980,980,980,980,980,980,198,0,180,234.64646464646464,94,1145,1974.0
1637174361,1,GET,/auth/login/,0.000000,0.000000,0,0,0,0,0,0,0,0,0,0,0,1,0,597,597.0,597,597,2961.0
1637174361,1,POST,/auth/login/,0.000000,0.000000,0,0,0,0,0,0,0,0,0,0,0,19,0,470,664.1052631578947,248,1812,9892.631578947368
1637174361,1,GET,/auth/logout/,0.000000,0.000000,0,0,0,0,0,0,0,0,0,0,0,18,0,13,89.05555555555556,9,348,1712.0
1637174361,1,POST,/auth/modify-friend/,0.200000,0.000000,720,720,740,740,740,740,740,740,740,740,740,99,0,230,270.93939393939394,136,735,1713.0
1637174361,1,GET,/public/,0.300000,0.000000,1100,1100,1100,1100,1100,1100,1100,1100,1100,1100,1100,100,0,280,351.75,177,1191,10173.24
1637174361,1,,Aggregated,1.300000,0.000000,720,760,790,880,980,1100,1100,1100,1100,1100,1100,613,0,250,318.69820554649266,9,1812,5721.094616639478
1637174362,1,GET,/,0.200000,0.000000,610,610,880,880,880,880,880,880,880,880,880,156,0,280,345.78205128205127,180,885,9644.25641025641
1637174362,1,POST,/,0.000000,0.000000,0,0,0,0,0,0,0,0,0,0,0,22,0,830,824.7272727272727,496,1450,9228.5
1637174362,1,GET,/auth/find-friends/,0.600000,0.000000,720,760,760,980,980,980,980,980,980,980,980,199,0,180,236.69849246231155,94,1145,1974.0
1637174362,1,GET,/auth/login/,0.000000,0.000000,0,0,0,0,0,0,0,0,0,0,0,1,0,597,597.0,597,597,2961.0
1637174362,1,POST,/auth/login/,0.000000,0.000000,0,0,0,0,0,0,0,0,0,0,0,19,0,470,664.1052631578947,248,1812,9892.631578947368
1637174362,1,GET,/auth/logout/,0.000000,0.000000,0,0,0,0,0,0,0,0,0,0,0,18,0,13,89.05555555555556,9,348,1712.0
1637174362,1,POST,/auth/modify-friend/,0.300000,0.000000,720,720,740,740,740,740,740,740,740,740,740,99,0,230,270.93939393939394,136,735,1713.0
1637174362,1,GET,/public/,0.300000,0.000000,600,600,1100,1100,1100,1100,1100,1100,1100,1100,1100,100,0,280,351.75,177,1191,10173.24
1637174362,1,,Aggregated,1.400000,0.000000,710,740,760,880,980,1100,1100,1100,1100,1100,1100,614,0,250,319.22638436482083,9,1812,5714.991856677524
1637174363,1,GET,/,0.400000,0.000000,610,610,880,880,880,880,880,880,880,880,880,156,0,280,345.78205128205127,180,885,9644.25641025641
1637174363,1,POST,/,0.000000,0.000000,0,0,0,0,0,0,0,0,0,0,0,22,0,830,824.7272727272727,496,1450,9228.5
1637174363,1,GET,/auth/find-friends/,0.500000,0.000000,720,720,760,760,980,980,980,980,980,980,980,200,0,180,238.08,94,1145,1974.0
1637174363,1,GET,/auth/login/,0.000000,0.000000,0,0,0,0,0,0,0,0,0,0,0,1,0,597,597.0,597,597,2961.0
1637174363,1,POST,/auth/login/,0.000000,0.000000,0,0,0,0,0,0,0,0,0,0,0,19,0,470,664.1052631578947,248,1812,9892.631578947368
1637174363,1,GET,/auth/logout/,0.000000,0.000000,0,0,0,0,0,0,0,0,0,0,0,18,0,13,89.05555555555556,9,348,1712.0
1637174363,1,POST,/auth/modify-friend/,0.300000,0.000000,710,710,740,740,740,740,740,740,740,740,740,100,0,230,274.03,136,735,1713.0
1637174363,1,GET,/public/,0.200000,0.000000,600,600,1100,1100,1100,1100,1100,1100,1100,1100,1100,100,0,280,351.75,177,1191,10173.24
1637174363,1,,Aggregated,1.400000,0.000000,610,710,740,760,980,1100,1100,1100,1100,1100,1100,616,0,250,319.9642857142857,9,1812,5702.422077922078
1637174364,1,GET,/,0.500000,0.000000,610,610,660,660,880,880,880,880,880,880,880,158,0,280,349.32911392405066,180,885,9653.094936708861
1637174364,1,POST,/,0.000000,0.000000,0,0,0,0,0,0,0,0,0,0,0,22,0,830,824.7272727272727,496,1450,9228.5
1637174364,1,GET,/auth/find-friends/,0.400000,0.000000,640,720,720,980,980,980,980,980,980,980,980,200,0,180,238.08,94,1145,1974.0
1637174364,1,GET,/auth/login/,0.000000,0.000000,0,0,0,0,0,0,0,0,0,0,0,1,0,597,597.0,597,597,2961.0
1637174364,1,POST,/auth/login/,0.000000,0.000000,0,0,0,0,0,0,0,0,0,0,0,19,0,470,664.1052631578947,248,1812,9892.631578947368
1637174364,1,GET,/auth/logout/,0.000000,0.000000,0,0,0,0,0,0,0,0,0,0,0,18,0,13,89.05555555555556,9,348,1712.0
1637174364,1,POST,/auth/modify-friend/,0.200000,0.000000,710,710,740,740,740,740,740,740,740,740,740,100,0,230,274.03,136,735,1713.0
1637174364,1,GET,/public/,0.300000,0.000000,600,600,1100,1100,1100,1100,1100,1100,1100,1100,1100,100,0,280,351.75,177,1191,10173.24
1637174364,1,,Aggregated,1.400000,0.000000,610,660,720,740,980,1100,1100,1100,1100,1100,1100,618,0,250,320.9546925566343,9,1812,5717.438511326861
1637174365,1,GET,/,0.400000,0.000000,610,660,720,720,880,880,880,880,880,880,880,159,0,280,351.6666666666667,180,885,9657.40251572327
1637174365,1,POST,/,0.000000,0.000000,0,0,0,0,0,0,0,0,0,0,0,22,0,830,824.7272727272727,496,1450,9228.5
1637174365,1,GET,/auth/find-friends/,0.600000,0.000000,640,720,720,980,980,980,980,980,980,980,980,200,0,180,238.08,94,1145,1974.0
1637174365,1,GET,/auth/login/,0.000000,0.000000,0,0,0,0,0,0,0,0,0,0,0,1,0,597,597.0,597,597,2961.0
1637174365,1,POST,/auth/login/,0.000000,0.000000,0,0,0,0,0,0,0,0,0,0,0,19,0,470,664.1052631578947,248,1812,9892.631578947368
1637174365,1,GET,/auth/logout/,0.000000,0.000000,0,0,0,0,0,0,0,0,0,0,0,18,0,13,89.05555555555556,9,348,1712.0
1637174365,1,POST,/auth/modify-friend/,0.200000,0.000000,710,710,740,740,740,740,740,740,740,740,740,100,0,230,274.03,136,735,1713.0
1637174365,1,GET,/public/,0.300000,0.000000,1100,1100,1100,1100,1100,1100,1100,1100,1100,1100,1100,100,0,280,351.75,177,1191,10173.24
1637174365,1,,Aggregated,1.500000,0.000000,610,660,720,740,980,1100,1100,1100,1100,1100,1100,619,0,250,321.6009693053312,9,1812,5724.903069466882
1637174366,1,GET,/,0.400000,0.000000,610,620,660,660,720,720,720,720,720,720,720,160,0,280,353.325,180,885,9662.45
1637174366,1,POST,/,0.000000,0.000000,0,0,0,0,0,0,0,0,0,0,0,22,0,830,824.7272727272727,496,1450,9228.5
1637174366,1,GET,/auth/find-friends/,0.600000,0.000000,640,640,980,980,980,980,980,980,980,980,980,200,0,180,238.08,94,1145,1974.0
1637174366,1,GET,/auth/login/,0.000000,0.000000,0,0,0,0,0,0,0,0,0,0,0,1,0,597,597.0,597,597,2961.0
1637174366,1,POST,/auth/login/,0.000000,0.000000,0,0,0,0,0,0,0,0,0,0,0,19,0,470,664.1052631578947,248,1812,9892.631578947368
1637174366,1,GET,/auth/logout/,0.000000,0.000000,0,0,0,0,0,0,0,0,0,0,0,18,0,13,89.05555555555556,9,348,1712.0
1637174366,1,POST,/auth/modify-friend/,0.200000,0.000000,710,710,740,740,740,740,740,740,740,740,740,100,0,230,274.03,136,735,1713.0
1637174366,1,GET,/public/,0.300000,0.000000,1100,1100,1100,1100,1100,1100,1100,1100,1100,1100,1100,100,0,280,351.75,177,1191,10173.24
1637174366,1,,Aggregated,1.500000,0.000000,610,640,720,740,980,1100,1100,1100,1100,1100,1100,620,0,250,322.0774193548387,9,1812,5732.548387096775
1637174367,1,GET,/,0.300000,0.000000,620,660,720,720,780,780,780,780,780,780,780,161,0,290,356.00621118012424,180,885,9667.44099378882
1637174367,1,POST,/,0.000000,0.000000,0,0,0,0,0,0,0,0,0,0,0,22,0,830,824.7272727272727,496,1450,9228.5
1637174367,1,GET,/auth/find-friends/,0.600000,0.000000,640,640,980,980,980,980,980,980,980,980,980,200,0,180,238.08,94,1145,1974.0
1637174367,1,GET,/auth/login/,0.000000,0.000000,0,0,0,0,0,0,0,0,0,0,0,1,0,597,597.0,597,597,2961.0
1637174367,1,POST,/auth/login/,0.000000,0.000000,0,0,0,0,0,0,0,0,0,0,0,19,0,470,664.1052631578947,248,1812,9892.631578947368
1637174367,1,GET,/auth/logout/,0.000000,0.000000,0,0,0,0,0,0,0,0,0,0,0,18,0,13,89.05555555555556,9,348,1712.0
1637174367,1,POST,/auth/modify-friend/,0.300000,0.000000,740,740,740,740,740,740,740,740,740,740,740,100,0,230,274.03,136,735,1713.0
1637174367,1,GET,/public/,0.300000,0.000000,1100,1100,1100,1100,1100,1100,1100,1100,1100,1100,1100,100,0,280,351.75,177,1191,10173.24
1637174367,1,,Aggregated,1.500000,0.000000,610,640,720,740,780,980,980,980,980,980,980,621,0,250,322.8228663446055,9,1812,5740.170692431562
1637174368,1,GET,/,0.300000,0.000000,620,660,720,720,780,780,780,780,780,780,780,161,0,290,356.00621118012424,180,885,9667.44099378882
1637174368,1,POST,/,0.000000,0.000000,0,0,0,0,0,0,0,0,0,0,0,22,0,830,824.7272727272727,496,1450,9228.5
1637174368,1,GET,/auth/find-friends/,0.600000,0.000000,640,640,980,980,980,980,980,980,980,980,980,200,0,180,238.08,94,1145,1974.0
1637174368,1,GET,/auth/login/,0.000000,0.000000,0,0,0,0,0,0,0,0,0,0,0,1,0,597,597.0,597,597,2961.0
1637174368,1,POST,/auth/login/,0.000000,0.000000,0,0,0,0,0,0,0,0,0,0,0,19,0,470,664.1052631578947,248,1812,9892.631578947368
1637174368,1,GET,/auth/logout/,0.000000,0.000000,0,0,0,0,0,0,0,0,0,0,0,18,0,13,89.05555555555556,9,348,1712.0
1637174368,1,POST,/auth/modify-friend/,0.300000,0.000000,740,740,740,740,740,740,740,740,740,740,740,100,0,230,274.03,136,735,1713.0
1637174368,1,GET,/public/,0.300000,0.000000,1100,1100,1100,1100,1100,1100,1100,1100,1100,1100,1100,100,0,280,351.75,177,1191,10173.24
1637174368,1,,Aggregated,1.500000,0.000000,610,640,660,720,740,780,780,780,780,780,780,621,0,250,322.8228663446055,9,1812,5740.170692431562
1637174369,1,GET,/,0.800000,0.000000,620,660,700,720,780,780,780,780,780,780,780,162,0,290,358.1111111111111,180,885,9672.135802469136
1637174369,1,POST,/,0.000000,0.000000,2100,2100,2100,2100,2100,2100,2100,2100,2100,2100,2100,23,0,870,878.3913043478261,496,2059,9280.347826086956
1637174369,1,GET,/auth/find-friends/,0.400000,0.000000,640,640,980,980,980,980,980,980,980,980,980,200,0,180,238.08,94,1145,1974.0
1637174369,1,GET,/auth/login/,0.000000,0.000000,0,0,0,0,0,0,0,0,0,0,0,1,0,597,597.0,597,597,2961.0
1637174369,1,POST,/auth/login/,0.000000,0.000000,0,0,0,0,0,0,0,0,0,0,0,19,0,470,664.1052631578947,248,1812,9892.631578947368
1637174369,1,GET,/auth/logout/,0.000000,0.000000,0,0,0,0,0,0,0,0,0,0,0,18,0,13,89.05555555555556,9,348,1712.0
1637174369,1,POST,/auth/modify-friend/,0.200000,0.000000,740,740,740,740,740,740,740,740,740,740,740,100,0,230,274.03,136,735,1713.0
1637174369,1,GET,/public/,0.200000,0.000000,290,290,290,290,290,290,290,290,290,290,290,100,0,280,351.75,177,1191,10173.24
1637174369,1,,Aggregated,1.600000,0.000000,620,660,700,720,780,2100,2100,2100,2100,2100,2100,623,0,250,326.21027287319424,9,2059,5755.208667736758
1637174370,1,GET,/,0.800000,0.000000,660,700,720,720,780,780,780,780,780,780,780,162,0,290,358.1111111111111,180,885,9672.135802469136
1637174370,1,POST,/,0.000000,0.000000,2100,2100,2100,2100,2100,2100,2100,2100,2100,2100,2100,23,0,870,878.3913043478261,496,2059,9280.347826086956
1637174370,1,GET,/auth/find-friends/,0.400000,0.000000,640,640,640,640,640,640,640,640,640,640,640,200,0,180,238.08,94,1145,1974.0
1637174370,1,GET,/auth/login/,0.000000,0.000000,0,0,0,0,0,0,0,0,0,0,0,1,0,597,597.0,597,597,2961.0
1637174370,1,POST,/auth/login/,0.000000,0.000000,0,0,0,0,0,0,0,0,0,0,0,19,0,470,664.1052631578947,248,1812,9892.631578947368
1637174370,1,GET,/auth/logout/,0.000000,0.000000,0,0,0,0,0,0,0,0,0,0,0,18,0,13,89.05555555555556,9,348,1712.0
1637174370,1,POST,/auth/modify-friend/,0.200000,0.000000,740,740,740,740,740,740,740,740,740,740,740,100,0,230,274.03,136,735,1713.0
1637174370,1,GET,/public/,0.100000,0.000000,730,730,730,730,730,730,730,730,730,730,730,101,0,280,355.5247524752475,177,1191,10172.920792079209
1637174370,1,,Aggregated,1.500000,0.000000,640,700,720,730,780,2100,2100,2100,2100,2100,2100,624,0,250,326.8621794871795,9,2059,5762.23717948718
1637174371,1,GET,/,0.800000,0.000000,660,700,720,720,780,780,780,780,780,780,780,162,0,290,358.1111111111111,180,885,9672.135802469136
1637174371,1,POST,/,0.100000,0.000000,2100,2100,2100,2100,2100,2100,2100,2100,2100,2100,2100,23,0,870,878.3913043478261,496,2059,9280.347826086956
1637174371,1,GET,/auth/find-friends/,0.200000,0.000000,560,560,640,640,640,640,640,640,640,640,640,202,0,180,240.48019801980197,94,1145,1974.0
1637174371,1,GET,/auth/login/,0.000000,0.000000,0,0,0,0,0,0,0,0,0,0,0,1,0,597,597.0,597,597,2961.0
1637174371,1,POST,/auth/login/,0.000000,0.000000,0,0,0,0,0,0,0,0,0,0,0,19,0,470,664.1052631578947,248,1812,9892.631578947368
1637174371,1,GET,/auth/logout/,0.000000,0.000000,0,0,0,0,0,0,0,0,0,0,0,18,0,13,89.05555555555556,9,348,1712.0
1637174371,1,POST,/auth/modify-friend/,0.200000,0.000000,580,580,580,580,580,580,580,580,580,580,580,100,0,230,274.03,136,735,1713.0
1637174371,1,GET,/public/,0.100000,0.000000,730,730,730,730,730,730,730,730,730,730,730,101,0,280,355.5247524752475,177,1191,10172.920792079209
1637174371,1,,Aggregated,1.400000,0.000000,640,700,720,730,780,2100,2100,2100,2100,2100,2100,626,0,260,327.35303514376994,9,2059,5750.134185303515
1637174372,1,GET,/,0.900000,0.000000,660,700,720,720,780,780,780,780,780,780,780,163,0,290,359.1963190184049,180,885,9677.122699386504
1637174372,1,POST,/,0.100000,0.000000,2100,2100,2100,2100,2100,2100,2100,2100,2100,2100,2100,23,0,870,878.3913043478261,496,2059,9280.347826086956
1637174372,1,GET,/auth/find-friends/,0.200000,0.000000,560,560,640,640,640,640,640,640,640,640,640,202,0,180,240.48019801980197,94,1145,1974.0
1637174372,1,GET,/auth/login/,0.000000,0.000000,0,0,0,0,0,0,0,0,0,0,0,1,0,597,597.0,597,597,2961.0
1637174372,1,POST,/auth/login/,0.000000,0.000000,0,0,0,0,0,0,0,0,0,0,0,19,0,470,664.1052631578947,248,1812,9892.631578947368
1637174372,1,GET,/auth/logout/,0.000000,0.000000,0,0,0,0,0,0,0,0,0,0,0,18,0,13,89.05555555555556,9,348,1712.0
1637174372,1,POST,/auth/modify-friend/,0.100000,0.000000,770,770,770,770,770,770,770,770,770,770,770,101,0,230,278.94059405940595,136,770,1713.0
1637174372,1,GET,/public/,0.100000,0.000000,730,730,730,730,730,730,730,730,730,730,730,101,0,280,355.5247524752475,177,1191,10172.920792079209
1637174372,1,,Aggregated,1.400000,0.000000,660,720,730,770,780,2100,2100,2100,2100,2100,2100,628,0,260,328.38853503184714,9,2059,5751.245222929936
1637174373,1,GET,/,0.700000,0.000000,660,700,720,740,780,780,780,780,780,780,780,165,0,290,361.73939393939395,180,885,9685.727272727272
1637174373,1,POST,/,0.100000,0.000000,2100,2100,2100,2100,2100,2100,2100,2100,2100,2100,2100,23,0,870,878.3913043478261,496,2059,9280.347826086956
1637174373,1,GET,/auth/find-friends/,0.300000,0.000000,560,560,640,640,640,640,640,640,640,640,640,202,0,180,240.48019801980197,94,1145,1974.0
1637174373,1,GET,/auth/login/,0.000000,0.000000,0,0,0,0,0,0,0,0,0,0,0,1,0,597,597.0,597,597,2961.0
1637174373,1,POST,/auth/login/,0.000000,0.000000,0,0,0,0,0,0,0,0,0,0,0,19,0,470,664.1052631578947,248,1812,9892.631578947368
1637174373,1,GET,/auth/logout/,0.000000,0.000000,0,0,0,0,0,0,0,0,0,0,0,18,0,13,89.05555555555556,9,348,1712.0
1637174373,1,POST,/auth/modify-friend/,0.100000,0.000000,770,770,770,770,770,770,770,770,770,770,770,101,0,230,278.94059405940595,136,770,1713.0
1637174373,1,GET,/public/,0.200000,0.000000,730,730,730,730,730,730,730,730,730,730,730,101,0,280,355.5247524752475,177,1191,10172.920792079209
1637174373,1,,Aggregated,1.400000,0.000000,700,730,740,770,780,2100,2100,2100,2100,2100,2100,630,0,260,329.15238095238095,9,2059,5765.961904761904
1637174374,1,GET,/,0.600000,0.000000,700,720,740,740,780,780,780,780,780,780,780,166,0,290,361.7048192771084,180,885,9690.451807228916
1637174374,1,POST,/,0.100000,0.000000,2100,2100,2100,2100,2100,2100,2100,2100,2100,2100,2100,23,0,870,878.3913043478261,496,2059,9280.347826086956
1637174374,1,GET,/auth/find-friends/,0.400000,0.000000,560,560,640,640,640,640,640,640,640,640,640,202,0,180,240.48019801980197,94,1145,1974.0
1637174374,1,GET,/auth/login/,0.000000,0.000000,0,0,0,0,0,0,0,0,0,0,0,1,0,597,597.0,597,597,2961.0
1637174374,1,POST,/auth/login/,0.000000,0.000000,0,0,0,0,0,0,0,0,0,0,0,19,0,470,664.1052631578947,248,1812,9892.631578947368
1637174374,1,GET,/auth/logout/,0.000000,0.000000,0,0,0,0,0,0,0,0,0,0,0,18,0,13,89.05555555555556,9,348,1712.0
1637174374,1,POST,/auth/modify-friend/,0.100000,0.000000,770,770,770,770,770,770,770,770,770,770,770,101,0,230,278.94059405940595,136,770,1713.0
1637174374,1,GET,/public/,0.100000,0.000000,470,470,730,730,730,730,730,730,730,730,730,102,0,280,356.6764705882353,177,1191,10172.735294117647
1637174374,1,,Aggregated,1.300000,0.000000,700,730,740,770,780,2100,2100,2100,2100,2100,2100,632,0,260,329.4224683544304,9,2059,5780.348101265823
1637174375,1,GET,/,0.700000,0.000000,700,700,740,740,780,780,780,780,780,780,780,166,0,290,361.7048192771084,180,885,9690.451807228916
1637174375,1,POST,/,0.100000,0.000000,2100,2100,2100,2100,2100,2100,2100,2100,2100,2100,2100,23,0,870,878.3913043478261,496,2059,9280.347826086956
1637174375,1,GET,/auth/find-friends/,0.200000,0.000000,560,560,620,620,640,640,640,640,640,640,640,204,0,180,243.37254901960785,94,1145,1974.0
1637174375,1,GET,/auth/login/,0.000000,0.000000,0,0,0,0,0,0,0,0,0,0,0,1,0,597,597.0,597,597,2961.0
1637174375,1,POST,/auth/login/,0.000000,0.000000,0,0,0,0,0,0,0,0,0,0,0,19,0,470,664.1052631578947,248,1812,9892.631578947368
1637174375,1,GET,/auth/logout/,0.000000,0.000000,0,0,0,0,0,0,0,0,0,0,0,18,0,13,89.05555555555556,9,348,1712.0
1637174375,1,POST,/auth/modify-friend/,0.200000,0.000000,770,770,770,770,770,770,770,770,770,770,770,101,0,230,278.94059405940595,136,770,1713.0
1637174375,1,GET,/public/,0.100000,0.000000,730,730,730,730,730,730,730,730,730,730,730,102,0,280,356.6764705882353,177,1191,10172.735294117647
1637174375,1,,Aggregated,1.300000,0.000000,620,730,740,770,780,2100,2100,2100,2100,2100,2100,634,0,260,330.0725552050473,9,2059,5768.340694006309
1637174376,1,GET,/,0.900000,0.000000,540,700,740,740,780,780,780,780,780,780,780,167,0,290,362.4191616766467,180,885,9694.11377245509
1637174376,1,POST,/,0.100000,0.000000,2100,2100,2100,2100,2100,2100,2100,2100,2100,2100,2100,23,0,870,878.3913043478261,496,2059,9280.347826086956
1637174376,1,GET,/auth/find-friends/,0.200000,0.000000,560,560,620,620,620,620,620,620,620,620,620,204,0,180,243.37254901960785,94,1145,1974.0
1637174376,1,GET,/auth/login/,0.000000,0.000000,0,0,0,0,0,0,0,0,0,0,0,1,0,597,597.0,597,597,2961.0
1637174376,1,POST,/auth/login/,0.000000,0.000000,0,0,0,0,0,0,0,0,0,0,0,19,0,470,664.1052631578947,248,1812,9892.631578947368
1637174376,1,GET,/auth/logout/,0.000000,0.000000,0,0,0,0,0,0,0,0,0,0,0,18,0,13,89.05555555555556,9,348,1712.0
1637174376,1,POST,/auth/modify-friend/,0.100000,0.000000,580,580,770,770,770,770,770,770,770,770,770,102,0,230,280.12745098039215,136,770,1713.0
1637174376,1,GET,/public/,0.100000,0.000000,730,730,730,730,730,730,730,730,730,730,730,102,0,280,356.6764705882353,177,1191,10172.735294117647
1637174376,1,,Aggregated,1.400000,0.000000,560,700,740,740,780,2100,2100,2100,2100,2100,2100,636,0,260,330.4198113207547,9,2059,5769.092767295598
1637174377,1,GET,/,0.800000,0.000000,540,540,700,700,740,740,740,740,740,740,740,167,0,290,362.4191616766467,180,885,9694.11377245509
1637174377,1,POST,/,0.100000,0.000000,2100,2100,2100,2100,2100,2100,2100,2100,2100,2100,2100,23,0,870,878.3913043478261,496,2059,9280.347826086956
1637174377,1,GET,/auth/find-friends/,0.200000,0.000000,450,450,560,560,620,620,620,620,620,620,620,206,0,180,244.35922330097088,94,1145,1974.0
1637174377,1,GET,/auth/login/,0.000000,0.000000,0,0,0,0,0,0,0,0,0,0,0,1,0,597,597.0,597,597,2961.0
1637174377,1,POST,/auth/login/,0.000000,0.000000,0,0,0,0,0,0,0,0,0,0,0,19,0,470,664.1052631578947,248,1812,9892.631578947368
1637174377,1,GET,/auth/logout/,0.000000,0.000000,0,0,0,0,0,0,0,0,0,0,0,18,0,13,89.05555555555556,9,348,1712.0
1637174377,1,POST,/auth/modify-friend/,0.100000,0.000000,770,770,770,770,770,770,770,770,770,770,770,102,0,230,280.12745098039215,136,770,1713.0
1637174377,1,GET,/public/,0.200000,0.000000,470,470,730,730,730,730,730,730,730,730,730,103,0,290,357.11650485436894,177,1191,10172.825242718447
1637174377,1,,Aggregated,1.400000,0.000000,480,560,700,730,770,2100,2100,2100,2100,2100,2100,639,0,260,330.5774647887324,9,2059,5764.120500782473
1637174378,1,GET,/,0.600000,0.000000,540,540,700,700,740,740,740,740,740,740,740,167,0,290,362.4191616766467,180,885,9694.11377245509
1637174378,1,POST,/,0.100000,0.000000,2100,2100,2100,2100,2100,2100,2100,2100,2100,2100,2100,23,0,870,878.3913043478261,496,2059,9280.347826086956
1637174378,1,GET,/auth/find-friends/,0.400000,0.000000,450,450,560,560,620,620,620,620,620,620,620,206,0,180,244.35922330097088,94,1145,1974.0
1637174378,1,GET,/auth/login/,0.000000,0.000000,0,0,0,0,0,0,0,0,0,0,0,1,0,597,597.0,597,597,2961.0
1637174378,1,POST,/auth/login/,0.000000,0.000000,0,0,0,0,0,0,0,0,0,0,0,19,0,470,664.1052631578947,248,1812,9892.631578947368
1637174378,1,GET,/auth/logout/,0.000000,0.000000,0,0,0,0,0,0,0,0,0,0,0,19,0,72,107.0,9,430,1712.0
1637174378,1,POST,/auth/modify-friend/,0.100000,0.000000,510,510,770,770,770,770,770,770,770,770,770,103,0,230,282.378640776699,136,770,1713.0
1637174378,1,GET,/public/,0.200000,0.000000,470,470,730,730,730,730,730,730,730,730,730,103,0,290,357.11650485436894,177,1191,10172.825242718447
1637174378,1,,Aggregated,1.400000,0.000000,470,540,620,700,740,770,770,770,770,770,770,641,0,260,331.01560062402496,9,2059,5751.478939157566
1637174379,1,GET,/,0.600000,0.000000,540,540,700,700,740,740,740,740,740,740,740,167,0,290,362.4191616766467,180,885,9694.11377245509
1637174379,1,POST,/,0.100000,0.000000,2100,2100,2100,2100,2100,2100,2100,2100,2100,2100,2100,23,0,870,878.3913043478261,496,2059,9280.347826086956
1637174379,1,GET,/auth/find-friends/,0.400000,0.000000,450,450,560,560,620,620,620,620,620,620,620,206,0,180,244.35922330097088,94,1145,1974.0
1637174379,1,GET,/auth/login/,0.000000,0.000000,0,0,0,0,0,0,0,0,0,0,0,1,0,597,597.0,597,597,2961.0
1637174379,1,POST,/auth/login/,0.000000,0.000000,0,0,0,0,0,0,0,0,0,0,0,19,0,470,664.1052631578947,248,1812,9892.631578947368
1637174379,1,GET,/auth/logout/,0.000000,0.000000,430,430,430,430,430,430,430,430,430,430,430,19,0,72,107.0,9,430,1712.0
1637174379,1,POST,/auth/modify-friend/,0.100000,0.000000,510,510,770,770,770,770,770,770,770,770,770,103,0,230,282.378640776699,136,770,1713.0
1637174379,1,GET,/public/,0.200000,0.000000,470,470,730,730,730,730,730,730,730,730,730,103,0,290,357.11650485436894,177,1191,10172.825242718447
1637174379,1,,Aggregated,1.400000,0.000000,470,510,560,620,740,770,770,770,770,770,770,641,0,260,331.01560062402496,9,2059,5751.478939157566
1637174380,1,GET,/,0.600000,0.000000,480,540,540,740,740,740,740,740,740,740,740,167,0,290,362.4191616766467,180,885,9694.11377245509
1637174380,1,POST,/,0.100000,0.000000,2100,2100,2100,2100,2100,2100,2100,2100,2100,2100,2100,23,0,870,878.3913043478261,496,2059,9280.347826086956
1637174380,1,GET,/auth/find-friends/,0.600000,0.000000,420,450,450,620,620,620,620,620,620,620,620,206,0,180,244.35922330097088,94,1145,1974.0
1637174380,1,GET,/auth/login/,0.000000,0.000000,0,0,0,0,0,0,0,0,0,0,0,1,0,597,597.0,597,597,2961.0
1637174380,1,POST,/auth/login/,0.000000,0.000000,0,0,0,0,0,0,0,0,0,0,0,20,0,470,676.8,248,1812,9923.5
1637174380,1,GET,/auth/logout/,0.000000,0.000000,430,430,430,430,430,430,430,430,430,430,430,19,0,72,107.0,9,430,1712.0
1637174380,1,POST,/auth/modify-friend/,0.200000,0.000000,510,510,770,770,770,770,770,770,770,770,770,103,0,230,282.378640776699,136,770,1713.0
1637174380,1,GET,/public/,0.300000,0.000000,470,470,730,730,730,730,730,730,730,730,730,103,0,290,357.11650485436894,177,1191,10172.825242718447
1637174380,1,,Aggregated,1.800000,0.000000,450,510,540,620,770,920,920,920,920,920,920,642,0,260,331.9299065420561,9,2059,5758.890965732087
1637174381,1,GET,/,0.600000,0.000000,480,540,540,740,740,740,740,740,740,740,740,167,0,290,362.4191616766467,180,885,9694.11377245509
1637174381,1,POST,/,0.000000,0.000000,2100,2100,2100,2100,2100,2100,2100,2100,2100,2100,2100,23,0,870,878.3913043478261,496,2059,9280.347826086956
1637174381,1,GET,/auth/find-friends/,0.600000,0.000000,420,430,450,450,620,620,620,620,620,620,620,208,0,190,245.35096153846155,94,1145,1974.0
1637174381,1,GET,/auth/login/,0.000000,0.000000,0,0,0,0,0,0,0,0,0,0,0,1,0,597,597.0,597,597,2961.0
1637174381,1,POST,/auth/login/,0.000000,0.000000,920,920,920,920,920,920,920,920,920,920,920,20,0,470,676.8,248,1812,9923.5
1637174381,1,GET,/auth/logout/,0.100000,0.000000,430,430,430,430,430,430,430,430,430,430,430,19,0,72,107.0,9,430,1712.0
1637174381,1,POST,/auth/modify-friend/,0.300000,0.000000,510,510,770,770,770,770,770,770,770,770,770,103,0,230,282.378640776699,136,770,1713.0
1637174381,1,GET,/public/,0.300000,0.000000,470,470,730,730,730,730,730,730,730,730,730,104,0,290,357.47115384615387,177,1191,10172.942307692309
1637174381,1,,Aggregated,1.900000,0.000000,430,480,540,620,770,920,920,920,920,920,920,645,0,260,332.07441860465116,9,2059,5754.017054263566
1637174382,1,GET,/,0.500000,0.000000,480,480,500,500,740,740,740,740,740,740,740,169,0,300,363.2189349112426,180,885,9703.639053254437
1637174382,1,POST,/,0.000000,0.000000,2100,2100,2100,2100,2100,2100,2100,2100,2100,2100,2100,23,0,870,878.3913043478261,496,2059,9280.347826086956
1637174382,1,GET,/auth/find-friends/,0.600000,0.000000,420,430,450,450,620,620,620,620,620,620,620,208,0,190,245.35096153846155,94,1145,1974.0
1637174382,1,GET,/auth/login/,0.000000,0.000000,0,0,0,0,0,0,0,0,0,0,0,1,0,597,597.0,597,597,2961.0
1637174382,1,POST,/auth/login/,0.000000,0.000000,920,920,920,920,920,920,920,920,920,920,920,20,0,470,676.8,248,1812,9923.5
1637174382,1,GET,/auth/logout/,0.100000,0.000000,430,430,430,430,430,430,430,430,430,430,430,19,0,72,107.0,9,430,1712.0
1637174382,1,POST,/auth/modify-friend/,0.300000,0.000000,510,510,770,770,770,770,770,770,770,770,770,104,0,230,283.08653846153845,136,770,1713.0
1637174382,1,GET,/public/,0.300000,0.000000,400,400,470,470,470,470,470,470,470,470,470,104,0,290,357.47115384615387,177,1191,10172.942307692309
1637174382,1,,Aggregated,1.800000,0.000000,430,470,500,510,740,920,920,920,920,920,920,648,0,260,332.41358024691357,9,2059,5762.425925925926
1637174383,1,GET,/,0.500000,0.000000,360,360,480,480,500,500,500,500,500,500,500,172,0,290,361.20348837209303,160,885,9717.831395348838
1637174383,1,POST,/,0.000000,0.000000,2100,2100,2100,2100,2100,2100,2100,2100,2100,2100,2100,23,0,870,878.3913043478261,496,2059,9280.347826086956
1637174383,1,GET,/auth/find-friends/,0.500000,0.000000,430,430,450,450,620,620,620,620,620,620,620,208,0,190,245.35096153846155,94,1145,1974.0
1637174383,1,GET,/auth/login/,0.000000,0.000000,0,0,0,0,0,0,0,0,0,0,0,1,0,597,597.0,597,597,2961.0
1637174383,1,POST,/auth/login/,0.100000,0.000000,920,920,920,920,920,920,920,920,920,920,920,20,0,470,676.8,248,1812,9923.5
1637174383,1,GET,/auth/logout/,0.100000,0.000000,430,430,430,430,430,430,430,430,430,430,430,19,0,72,107.0,9,430,1712.0
1637174383,1,POST,/auth/modify-friend/,0.300000,0.000000,510,510,770,770,770,770,770,770,770,770,770,104,0,230,283.08653846153845,136,770,1713.0
1637174383,1,GET,/public/,0.300000,0.000000,400,400,470,470,470,470,470,470,470,470,470,104,0,290,357.47115384615387,177,1191,10172.942307692309
1637174383,1,,Aggregated,1.800000,0.000000,400,430,470,480,510,620,920,920,920,920,920,651,0,260,332.0230414746544,9,2059,5784.337941628264
1637174384,1,GET,/,0.500000,0.000000,360,360,480,480,500,500,500,500,500,500,500,173,0,300,361.0751445086705,160,885,9723.387283236994
1637174384,1,POST,/,0.000000,0.000000,2100,2100,2100,2100,2100,2100,2100,2100,2100,2100,2100,24,0,830,867.25,496,2059,9332.75
1637174384,1,GET,/auth/find-friends/,0.600000,0.000000,430,430,450,450,620,620,620,620,620,620,620,208,0,190,245.35096153846155,94,1145,1974.0
1637174384,1,GET,/auth/login/,0.000000,0.000000,0,0,0,0,0,0,0,0,0,0,0,1,0,597,597.0,597,597,2961.0
1637174384,1,POST,/auth/login/,0.100000,0.000000,920,920,920,920,920,920,920,920,920,920,920,20,0,470,676.8,248,1812,9923.5
1637174384,1,GET,/auth/logout/,0.100000,0.000000,430,430,430,430,430,430,430,430,430,430,430,19,0,72,107.0,9,430,1712.0
1637174384,1,POST,/auth/modify-friend/,0.400000,0.000000,400,400,510,510,510,510,510,510,510,510,510,104,0,230,283.08653846153845,136,770,1713.0
1637174384,1,GET,/public/,0.300000,0.000000,400,400,470,470,470,470,470,470,470,470,470,105,0,290,356.54285714285714,177,1191,10173.533333333333
1637174384,1,,Aggregated,2.000000,0.000000,400,430,480,500,610,620,920,920,920,920,920,654,0,260,332.3501529051988,9,2059,5805.8960244648315
1637174385,1,GET,/,0.600000,0.000000,340,360,480,480,500,500,500,500,500,500,500,173,0,300,361.0751445086705,160,885,9723.387283236994
1637174385,1,POST,/,0.000000,0.000000,2100,2100,2100,2100,2100,2100,2100,2100,2100,2100,2100,24,0,830,867.25,496,2059,9332.75
1637174385,1,GET,/auth/find-friends/,0.600000,0.000000,270,420,430,450,620,620,620,620,620,620,620,211,0,180,244.13744075829385,94,1145,1974.0
1637174385,1,GET,/auth/login/,0.000000,0.000000,0,0,0,0,0,0,0,0,0,0,0,1,0,597,597.0,597,597,2961.0
1637174385,1,POST,/auth/login/,0.100000,0.000000,920,920,920,920,920,920,920,920,920,920,920,20,0,470,676.8,248,1812,9923.5
1637174385,1,GET,/auth/logout/,0.100000,0.000000,430,430,430,430,430,430,430,430,430,430,430,19,0,72,107.0,9,430,1712.0
1637174385,1,POST,/auth/modify-friend/,0.300000,0.000000,400,400,510,510,510,510,510,510,510,510,510,105,0,240,283.20952380952383,136,770,1713.0
1637174385,1,GET,/public/,0.300000,0.000000,390,390,400,400,400,400,400,400,400,400,400,106,0,280,355.0566037735849,177,1191,10174.150943396226
1637174385,1,,Aggregated,2.000000,0.000000,360,400,430,480,510,610,920,920,920,920,920,659,0,260,331.3080424886191,9,2059,5788.96813353566
1637174386,1,GET,/,0.800000,0.000000,340,360,480,480,500,500,500,500,500,500,500,174,0,300,360.735632183908,160,885,9728.471264367816
1637174386,1,POST,/,0.000000,0.000000,610,610,610,610,610,610,610,610,610,610,610,24,0,830,867.25,496,2059,9332.75
1637174386,1,GET,/auth/find-friends/,0.600000,0.000000,260,270,420,420,430,430,430,430,430,430,430,212,0,180,243.69811320754718,94,1145,1974.0
1637174386,1,GET,/auth/login/,0.000000,0.000000,0,0,0,0,0,0,0,0,0,0,0,1,0,597,597.0,597,597,2961.0
1637174386,1,POST,/auth/login/,0.100000,0.000000,920,920,920,920,920,920,920,920,920,920,920,20,0,470,676.8,248,1812,9923.5
1637174386,1,GET,/auth/logout/,0.100000,0.000000,430,430,430,430,430,430,430,430,430,430,430,19,0,72,107.0,9,430,1712.0
1637174386,1,POST,/auth/modify-friend/,0.300000,0.000000,380,400,400,510,510,510,510,510,510,510,510,106,0,240,284.1698113207547,136,770,1713.0
1637174386,1,GET,/public/,0.300000,0.000000,390,390,400,400,400,400,400,400,400,400,400,106,0,280,355.0566037735849,177,1191,10174.150943396226
1637174386,1,,Aggregated,2.200000,0.000000,300,380,420,430,510,610,920,920,920,920,920,662,0,260,331.0725075528701,9,2059,5784.327794561934
1637174387,1,GET,/,0.700000,0.000000,340,360,480,480,500,500,500,500,500,500,500,174,0,300,360.735632183908,160,885,9728.471264367816
1637174387,1,POST,/,0.100000,0.000000,610,610,610,610,610,610,610,610,610,610,610,24,0,830,867.25,496,2059,9332.75
1637174387,1,GET,/auth/find-friends/,0.700000,0.000000,190,260,270,420,430,430,430,430,430,430,430,214,0,180,243.1728971962617,94,1145,1974.0
1637174387,1,GET,/auth/login/,0.000000,0.000000,0,0,0,0,0,0,0,0,0,0,0,1,0,597,597.0,597,597,2961.0
1637174387,1,POST,/auth/login/,0.100000,0.000000,920,920,920,920,920,920,920,920,920,920,920,20,0,470,676.8,248,1812,9923.5
1637174387,1,GET,/auth/logout/,0.100000,0.000000,430,430,430,430,430,430,430,430,430,430,430,19,0,72,107.0,9,430,1712.0
1637174387,1,POST,/auth/modify-friend/,0.300000,0.000000,360,380,380,510,510,510,510,510,510,510,510,107,0,240,282.89719626168227,136,770,1713.0
1637174387,1,GET,/public/,0.300000,0.000000,280,280,390,390,400,400,400,400,400,400,400,108,0,280,353.60185185185185,177,1191,10180.601851851852
1637174387,1,,Aggregated,2.300000,0.000000,300,360,390,430,510,610,920,920,920,920,920,667,0,260,330.2038980509745,9,2059,5781.005997001499
1637174388,1,GET,/,0.700000,0.000000,340,360,480,480,500,500,500,500,500,500,500,174,0,300,360.735632183908,160,885,9728.471264367816
1637174388,1,POST,/,0.100000,0.000000,610,610,610,610,610,610,610,610,610,610,610,24,0,830,867.25,496,2059,9332.75
1637174388,1,GET,/auth/find-friends/,0.800000,0.000000,190,210,270,270,420,430,430,430,430,430,430,216,0,180,242.47685185185185,94,1145,1974.0
1637174388,1,GET,/auth/login/,0.000000,0.000000,0,0,0,0,0,0,0,0,0,0,0,1,0,597,597.0,597,597,2961.0
1637174388,1,POST,/auth/login/,0.100000,0.000000,920,920,920,920,920,920,920,920,920,920,920,20,0,470,676.8,248,1812,9923.5
1637174388,1,GET,/auth/logout/,0.100000,0.000000,430,430,430,430,430,430,430,430,430,430,430,20,0,63,104.8,9,430,1712.0
1637174388,1,POST,/auth/modify-friend/,0.400000,0.000000,360,360,380,380,510,510,510,510,510,510,510,108,0,230,281.9259259259259,136,770,1713.0
1637174388,1,GET,/public/,0.400000,0.000000,270,280,280,390,390,390,390,390,390,390,390,108,0,280,353.60185185185185,177,1191,10180.601851851852
1637174388,1,,Aggregated,2.600000,0.000000,280,340,380,390,500,610,920,920,920,920,920,671,0,260,329.0953800298063,9,2059,5757.532041728763
1637174389,1,GET,/,0.700000,0.000000,300,340,360,360,500,500,500,500,500,500,500,175,0,300,359.5657142857143,156,885,9732.714285714286
1637174389,1,POST,/,0.100000,0.000000,610,610,610,610,610,610,610,610,610,610,610,24,0,830,867.25,496,2059,9332.75
1637174389,1,GET,/auth/find-friends/,0.800000,0.000000,190,190,210,260,430,430,430,430,430,430,430,216,0,180,242.47685185185185,94,1145,1974.0
1637174389,1,GET,/auth/login/,0.000000,0.000000,0,0,0,0,0,0,0,0,0,0,0,1,0,597,597.0,597,597,2961.0
1637174389,1,POST,/auth/login/,0.100000,0.000000,920,920,920,920,920,920,920,920,920,920,920,21,0,470,655.3809523809524,227,1812,9949.57142857143
1637174389,1,GET,/auth/logout/,0.100000,0.000000,430,430,430,430,430,430,430,430,430,430,430,20,0,63,104.8,9,430,1712.0
1637174389,1,POST,/auth/modify-friend/,0.400000,0.000000,300,360,360,380,380,380,380,380,380,380,380,108,0,230,281.9259259259259,136,770,1713.0
1637174389,1,GET,/public/,0.400000,0.000000,270,280,280,390,390,390,390,390,390,390,390,108,0,280,353.60185185185185,177,1191,10180.601851851852
1637174389,1,,Aggregated,2.600000,0.000000,260,300,360,360,430,610,920,920,920,920,920,673,0,260,328.6864784546805,9,2059,5771.539375928677
1637174390,1,GET,/,0.700000,0.000000,290,300,340,340,360,500,500,500,500,500,500,179,0,290,355.9106145251397,147,885,9746.195530726258
1637174390,1,POST,/,0.100000,0.000000,610,610,610,610,610,610,610,610,610,610,610,24,0,830,867.25,496,2059,9332.75
1637174390,1,GET,/auth/find-friends/,0.900000,0.000000,190,190,210,210,260,430,430,430,430,430,430,217,0,190,242.2442396313364,94,1145,1974.0
1637174390,1,GET,/auth/login/,0.000000,0.000000,0,0,0,0,0,0,0,0,0,0,0,1,0,597,597.0,597,597,2961.0
1637174390,1,POST,/auth/login/,0.100000,0.000000,920,920,920,920,920,920,920,920,920,920,920,21,0,470,655.3809523809524,227,1812,9949.57142857143
1637174390,1,GET,/auth/logout/,0.100000,0.000000,430,430,430,430,430,430,430,430,430,430,430,20,0,63,104.8,9,430,1712.0
1637174390,1,POST,/auth/modify-friend/,0.500000,0.000000,300,360,360,380,380,380,380,380,380,380,380,108,0,230,281.9259259259259,136,770,1713.0
1637174390,1,GET,/public/,0.500000,0.000000,270,270,280,280,390,390,390,390,390,390,390,109,0,280,351.8256880733945,160,1191,10178.146788990825
1637174390,1,,Aggregated,2.900000,0.000000,210,270,300,300,380,500,610,610,610,610,610,679,0,260,327.45508100147276,9,2059,5798.935198821797
1637174391,1,GET,/,0.700000,0.000000,290,300,340,340,360,500,500,500,500,500,500,181,0,290,355.0220994475138,147,885,9751.524861878454
1637174391,1,POST,/,0.100000,0.000000,610,610,610,610,610,610,610,610,610,610,610,24,0,830,867.25,496,2059,9332.75
1637174391,1,GET,/auth/find-friends/,1.000000,0.000000,190,190,210,210,260,430,430,430,430,430,430,218,0,190,242.0321100917431,94,1145,1974.0
1637174391,1,GET,/auth/login/,0.000000,0.000000,0,0,0,0,0,0,0,0,0,0,0,1,0,597,597.0,597,597,2961.0
1637174391,1,POST,/auth/login/,0.100000,0.000000,920,920,920,920,920,920,920,920,920,920,920,21,0,470,655.3809523809524,227,1812,9949.57142857143
1637174391,1,GET,/auth/logout/,0.100000,0.000000,430,430,430,430,430,430,430,430,430,430,430,20,0,63,104.8,9,430,1712.0
1637174391,1,POST,/auth/modify-friend/,0.500000,0.000000,300,300,360,360,380,380,380,380,380,380,380,109,0,230,281.3669724770642,136,770,1713.0
1637174391,1,GET,/public/,0.500000,0.000000,270,270,280,280,390,390,390,390,390,390,390,109,0,280,351.8256880733945,160,1191,10178.146788990825
1637174391,1,,Aggregated,3.000000,0.000000,210,260,290,300,360,500,610,610,610,610,610,683,0,260,326.9546120058565,9,2059,5800.323572474378
1637174392,1,GET,/,0.900000,0.000000,230,290,300,300,340,340,340,340,340,340,340,181,0,290,355.0220994475138,147,885,9751.524861878454
1637174392,1,POST,/,0.100000,0.000000,940,940,940,940,940,940,940,940,940,940,940,25,0,870,870.0,496,2059,9372.56
1637174392,1,GET,/auth/find-friends/,1.000000,0.000000,190,190,190,200,210,210,210,210,210,210,210,218,0,190,242.0321100917431,94,1145,1974.0
1637174392,1,GET,/auth/login/,0.000000,0.000000,0,0,0,0,0,0,0,0,0,0,0,1,0,597,597.0,597,597,2961.0
1637174392,1,POST,/auth/login/,0.200000,0.000000,920,920,920,920,920,920,920,920,920,920,920,21,0,470,655.3809523809524,227,1812,9949.57142857143
1637174392,1,GET,/auth/logout/,0.100000,0.000000,130,130,430,430,430,430,430,430,430,430,430,21,0,72,106.0952380952381,9,430,1712.0
1637174392,1,POST,/auth/modify-friend/,0.500000,0.000000,300,300,360,360,380,380,380,380,380,380,380,109,0,230,281.3669724770642,136,770,1713.0
1637174392,1,GET,/public/,0.500000,0.000000,260,270,270,280,280,280,280,280,280,280,280,109,0,280,351.8256880733945,160,1191,10178.146788990825
1637174392,1,,Aggregated,3.300000,0.000000,200,230,280,300,340,610,940,940,940,940,940,685,0,260,327.5591240875912,9,2059,5800.964963503649
1637174393,1,GET,/,0.900000,0.000000,230,290,300,300,340,340,340,340,340,340,340,181,0,290,355.0220994475138,147,885,9751.524861878454
1637174393,1,POST,/,0.100000,0.000000,940,940,940,940,940,940,940,940,940,940,940,25,0,870,870.0,496,2059,9372.56
1637174393,1,GET,/auth/find-friends/,1.000000,0.000000,190,190,190,200,210,210,210,210,210,210,210,218,0,190,242.0321100917431,94,1145,1974.0
1637174393,1,GET,/auth/login/,0.000000,0.000000,0,0,0,0,0,0,0,0,0,0,0,1,0,597,597.0,597,597,2961.0
1637174393,1,POST,/auth/login/,0.200000,0.000000,920,920,920,920,920,920,920,920,920,920,920,21,0,470,655.3809523809524,227,1812,9949.57142857143
1637174393,1,GET,/auth/logout/,0.100000,0.000000,130,130,130,130,130,130,130,130,130,130,130,21,0,72,106.0952380952381,9,430,1712.0
1637174393,1,POST,/auth/modify-friend/,0.500000,0.000000,220,300,300,380,380,380,380,380,380,380,380,109,0,230,281.3669724770642,136,770,1713.0
1637174393,1,GET,/public/,0.500000,0.000000,260,270,270,280,280,280,280,280,280,280,280,109,0,280,351.8256880733945,160,1191,10178.146788990825
1637174393,1,,Aggregated,3.300000,0.000000,200,220,260,280,340,610,940,940,940,940,940,685,0,260,327.5591240875912,9,2059,5800.964963503649
1637174394,1,GET,/,1.400000,0.000000,220,230,300,300,340,340,340,340,340,340,340,181,0,290,355.0220994475138,147,885,9751.524861878454
1637174394,1,POST,/,0.100000,0.000000,940,940,940,940,940,940,940,940,940,940,940,25,0,870,870.0,496,2059,9372.56
1637174394,1,GET,/auth/find-friends/,1.000000,0.000000,190,190,190,200,210,210,210,210,210,210,210,218,0,190,242.0321100917431,94,1145,1974.0
1637174394,1,GET,/auth/login/,0.000000,0.000000,0,0,0,0,0,0,0,0,0,0,0,1,0,597,597.0,597,597,2961.0
1637174394,1,POST,/auth/login/,0.100000,0.000000,570,570,570,570,570,570,570,570,570,570,570,22,0,470,651.4090909090909,227,1812,9982.454545454546
1637174394,1,GET,/auth/logout/,0.100000,0.000000,130,130,130,130,130,130,130,130,130,130,130,21,0,72,106.0952380952381,9,430,1712.0
1637174394,1,POST,/auth/modify-friend/,0.500000,0.000000,220,300,300,380,380,380,380,380,380,380,380,109,0,230,281.3669724770642,136,770,1713.0
1637174394,1,GET,/public/,0.500000,0.000000,270,280,280,300,300,300,300,300,300,300,300,110,0,280,351.3454545454546,160,1191,10180.063636363637
1637174394,1,,Aggregated,3.700000,0.000000,200,230,280,300,340,570,940,940,940,940,940,687,0,260,327.8675400291121,9,2059,5814.735080058224
1637174395,1,GET,/,1.200000,0.000000,220,230,300,300,340,340,340,340,340,340,340,181,0,290,355.0220994475138,147,885,9751.524861878454
1637174395,1,POST,/,0.200000,0.000000,940,940,940,940,940,940,940,940,940,940,940,25,0,870,870.0,496,2059,9372.56
1637174395,1,GET,/auth/find-friends/,1.000000,0.000000,190,200,210,210,260,480,480,480,480,480,480,220,0,190,243.22727272727272,94,1145,1974.0
1637174395,1,GET,/auth/login/,0.000000,0.000000,0,0,0,0,0,0,0,0,0,0,0,1,0,597,597.0,597,597,2961.0
1637174395,1,POST,/auth/login/,0.100000,0.000000,570,570,570,570,570,570,570,570,570,570,570,22,0,470,651.4090909090909,227,1812,9982.454545454546
1637174395,1,GET,/auth/logout/,0.200000,0.000000,130,130,130,130,130,130,130,130,130,130,130,21,0,72,106.0952380952381,9,430,1712.0
1637174395,1,POST,/auth/modify-friend/,0.500000,0.000000,220,380,380,400,400,400,400,400,400,400,400,110,0,230,282.44545454545454,136,770,1713.0
1637174395,1,GET,/public/,0.500000,0.000000,280,280,300,300,300,300,300,300,300,300,300,110,0,280,351.3454545454546,160,1191,10180.063636363637
1637174395,1,,Aggregated,3.700000,0.000000,220,260,300,340,480,570,940,940,940,940,940,690,0,260,328.10434782608695,9,2059,5797.657971014492
1637174396,1,GET,/,0.800000,0.000000,220,230,300,340,350,350,350,350,350,350,350,182,0,290,354.9725274725275,147,885,9755.263736263736
1637174396,1,POST,/,0.200000,0.000000,940,940,940,940,940,940,940,940,940,940,940,25,0,870,870.0,496,2059,9372.56
1637174396,1,GET,/auth/find-friends/,1.000000,0.000000,200,210,260,260,480,480,480,480,480,480,480,220,0,190,243.22727272727272,94,1145,1974.0
1637174396,1,GET,/auth/login/,0.000000,0.000000,0,0,0,0,0,0,0,0,0,0,0,1,0,597,597.0,597,597,2961.0
1637174396,1,POST,/auth/login/,0.100000,0.000000,570,570,570,570,570,570,570,570,570,570,570,22,0,470,651.4090909090909,227,1812,9982.454545454546
1637174396,1,GET,/auth/logout/,0.200000,0.000000,110,110,130,130,130,130,130,130,130,130,130,22,0,72,106.22727272727273,9,430,1712.0
1637174396,1,POST,/auth/modify-friend/,0.500000,0.000000,220,220,400,400,400,400,400,400,400,400,400,110,0,230,282.44545454545454,136,770,1713.0
1637174396,1,GET,/public/,0.500000,0.000000,270,270,300,300,300,300,300,300,300,300,300,110,0,280,351.3454545454546,160,1191,10180.063636363637
1637174396,1,,Aggregated,3.300000,0.000000,210,230,270,340,480,570,940,940,940,940,940,692,0,260,327.8135838150289,9,2059,5798.450867052024
1637174397,1,GET,/,0.800000,0.000000,220,230,340,340,350,350,350,350,350,350,350,182,0,290,354.9725274725275,147,885,9755.263736263736
1637174397,1,POST,/,0.100000,0.000000,940,940,940,940,940,940,940,940,940,940,940,25,0,870,870.0,496,2059,9372.56
1637174397,1,GET,/auth/find-friends/,1.000000,0.000000,200,260,260,480,480,480,480,480,480,480,480,220,0,190,243.22727272727272,94,1145,1974.0
1637174397,1,GET,/auth/login/,0.000000,0.000000,0,0,0,0,0,0,0,0,0,0,0,1,0,597,597.0,597,597,2961.0
1637174397,1,POST,/auth/login/,0.200000,0.000000,550,550,570,570,570,570,570,570,570,570,570,23,0,550,647.1304347826087,227,1812,10004.304347826086
1637174397,1,GET,/auth/logout/,0.200000,0.000000,110,110,130,130,130,130,130,130,130,130,130,22,0,72,106.22727272727273,9,430,1712.0
1637174397,1,POST,/auth/modify-friend/,0.500000,0.000000,220,220,400,400,400,400,400,400,400,400,400,110,0,230,282.44545454545454,136,770,1713.0
1637174397,1,GET,/public/,0.500000,0.000000,270,270,300,300,300,300,300,300,300,300,300,110,0,280,351.3454545454546,160,1191,10180.063636363637
1637174397,1,,Aggregated,3.300000,0.000000,220,260,340,400,550,570,940,940,940,940,940,693,0,260,328.13852813852816,9,2059,5805.2135642135645
1637174398,1,GET,/,0.800000,0.000000,220,230,340,340,350,350,350,350,350,350,350,182,0,290,354.9725274725275,147,885,9755.263736263736
1637174398,1,POST,/,0.100000,0.000000,940,940,940,940,940,940,940,940,940,940,940,25,0,870,870.0,496,2059,9372.56
1637174398,1,GET,/auth/find-friends/,0.800000,0.000000,200,260,260,480,480,480,480,480,480,480,480,220,0,190,243.22727272727272,94,1145,1974.0
1637174398,1,GET,/auth/login/,0.000000,0.000000,0,0,0,0,0,0,0,0,0,0,0,1,0,597,597.0,597,597,2961.0
1637174398,1,POST,/auth/login/,0.200000,0.000000,550,550,570,570,570,570,570,570,570,570,570,23,0,550,647.1304347826087,227,1812,10004.304347826086
1637174398,1,GET,/auth/logout/,0.200000,0.000000,130,130,140,140,140,140,140,140,140,140,140,23,0,83,107.6086956521739,9,430,1712.0
1637174398,1,POST,/auth/modify-friend/,0.500000,0.000000,220,220,400,400,400,400,400,400,400,400,400,110,0,230,282.44545454545454,136,770,1713.0
1637174398,1,GET,/public/,0.400000,0.000000,300,300,300,300,300,300,300,300,300,300,300,110,0,280,351.3454545454546,160,1191,10180.063636363637
1637174398,1,,Aggregated,3.000000,0.000000,220,300,350,400,550,570,940,940,940,940,940,694,0,260,327.86455331412105,9,2059,5799.315561959655
1637174399,1,GET,/,0.800000,0.000000,230,230,340,340,350,350,350,350,350,350,350,182,0,290,354.9725274725275,147,885,9755.263736263736
1637174399,1,POST,/,0.100000,0.000000,940,940,940,940,940,940,940,940,940,940,940,25,0,870,870.0,496,2059,9372.56
1637174399,1,GET,/auth/find-friends/,0.800000,0.000000,260,260,480,480,480,480,480,480,480,480,480,220,0,190,243.22727272727272,94,1145,1974.0
1637174399,1,GET,/auth/login/,0.000000,0.000000,0,0,0,0,0,0,0,0,0,0,0,1,0,597,597.0,597,597,2961.0
1637174399,1,POST,/auth/login/,0.200000,0.000000,570,570,670,670,670,670,670,670,670,670,670,24,0,550,648.2083333333334,227,1812,10027.708333333334
1637174399,1,GET,/auth/logout/,0.300000,0.000000,130,130,140,140,140,140,140,140,140,140,140,23,0,83,107.6086956521739,9,430,1712.0
1637174399,1,POST,/auth/modify-friend/,0.400000,0.000000,400,400,400,400,400,400,400,400,400,400,400,110,0,230,282.44545454545454,136,770,1713.0
1637174399,1,GET,/public/,0.300000,0.000000,300,300,300,300,300,300,300,300,300,300,300,110,0,280,351.3454545454546,160,1191,10180.063636363637
1637174399,1,,Aggregated,2.900000,0.000000,230,340,400,480,570,670,940,940,940,940,940,695,0,260,328.3611510791367,9,2059,5806.174100719424
1637174400,1,GET,/,0.800000,0.000000,340,340,350,350,350,350,350,350,350,350,350,182,0,290,354.9725274725275,147,885,9755.263736263736
1637174400,1,POST,/,0.100000,0.000000,940,940,940,940,940,940,940,940,940,940,940,25,0,870,870.0,496,2059,9372.56
1637174400,1,GET,/auth/find-friends/,0.500000,0.000000,320,320,430,430,480,480,480,480,480,480,480,222,0,190,244.44594594594594,94,1145,1974.0
1637174400,1,GET,/auth/login/,0.000000,0.000000,0,0,0,0,0,0,0,0,0,0,0,1,0,597,597.0,597,597,2961.0
1637174400,1,POST,/auth/login/,0.300000,0.000000,570,570,670,670,670,670,670,670,670,670,670,24,0,550,648.2083333333334,227,1812,10027.708333333334
1637174400,1,GET,/auth/logout/,0.300000,0.000000,130,130,140,140,140,140,140,140,140,140,140,23,0,83,107.6086956521739,9,430,1712.0
1637174400,1,POST,/auth/modify-friend/,0.300000,0.000000,400,400,400,400,400,400,400,400,400,400,400,110,0,230,282.44545454545454,136,770,1713.0
1637174400,1,GET,/public/,0.200000,0.000000,300,300,390,390,390,390,390,390,390,390,390,111,0,280,351.7117117117117,160,1191,10180.666666666666
1637174400,1,,Aggregated,2.500000,0.000000,350,400,480,550,670,940,940,940,940,940,940,698,0,260,328.5959885386819,9,2059,5801.555873925501
1637174401,1,GET,/,0.800000,0.000000,340,340,350,350,350,350,350,350,350,350,350,182,0,290,354.9725274725275,147,885,9755.263736263736
1637174401,1,POST,/,0.100000,0.000000,940,940,940,940,940,940,940,940,940,940,940,25,0,870,870.0,496,2059,9372.56
1637174401,1,GET,/auth/find-friends/,0.400000,0.000000,320,320,430,430,480,480,480,480,480,480,480,222,0,190,244.44594594594594,94,1145,1974.0
1637174401,1,GET,/auth/login/,0.000000,0.000000,0,0,0,0,0,0,0,0,0,0,0,1,0,597,597.0,597,597,2961.0
1637174401,1,POST,/auth/login/,0.300000,0.000000,570,570,670,670,670,670,670,670,670,670,670,24,0,550,648.2083333333334,227,1812,10027.708333333334
1637174401,1,GET,/auth/logout/,0.300000,0.000000,140,140,280,280,280,280,280,280,280,280,280,24,0,83,114.75,9,430,1712.0
1637174401,1,POST,/auth/modify-friend/,0.200000,0.000000,360,360,400,400,400,400,400,400,400,400,400,111,0,240,283.15315315315314,136,770,1713.0
1637174401,1,GET,/public/,0.200000,0.000000,300,300,390,390,390,390,390,390,390,390,390,111,0,280,351.7117117117117,160,1191,10180.666666666666
1637174401,1,,Aggregated,2.300000,0.000000,360,430,480,550,670,940,940,940,940,940,940,700,0,260,328.57142857142856,9,2059,5789.872857142857
1637174402,1,GET,/,0.800000,0.000000,340,340,350,350,350,350,350,350,350,350,350,182,0,290,354.9725274725275,147,885,9755.263736263736
1637174402,1,POST,/,0.100000,0.000000,940,940,940,940,940,940,940,940,940,940,940,25,0,870,870.0,496,2059,9372.56
1637174402,1,GET,/auth/find-friends/,0.400000,0.000000,430,430,480,480,480,480,480,480,480,480,480,222,0,190,244.44594594594594,94,1145,1974.0
1637174402,1,GET,/auth/login/,0.000000,0.000000,0,0,0,0,0,0,0,0,0,0,0,1,0,597,597.0,597,597,2961.0
1637174402,1,POST,/auth/login/,0.300000,0.000000,570,570,670,670,670,670,670,670,670,670,670,24,0,550,648.2083333333334,227,1812,10027.708333333334
1637174402,1,GET,/auth/logout/,0.300000,0.000000,140,140,280,280,280,280,280,280,280,280,280,24,0,83,114.75,9,430,1712.0
1637174402,1,POST,/auth/modify-friend/,0.200000,0.000000,360,360,400,400,400,400,400,400,400,400,400,111,0,240,283.15315315315314,136,770,1713.0
1637174402,1,GET,/public/,0.200000,0.000000,390,390,390,390,390,390,390,390,390,390,390,111,0,280,351.7117117117117,160,1191,10180.666666666666
1637174402,1,,Aggregated,2.300000,0.000000,360,430,480,550,670,940,940,940,940,940,940,700,0,260,328.57142857142856,9,2059,5789.872857142857
1637174403,1,GET,/,0.300000,0.000000,350,350,350,350,350,350,350,350,350,350,350,182,0,290,354.9725274725275,147,885,9755.263736263736
1637174403,1,POST,/,0.100000,0.000000,940,940,940,940,940,940,940,940,940,940,940,25,0,870,870.0,496,2059,9372.56
1637174403,1,GET,/auth/find-friends/,0.400000,0.000000,430,430,480,480,480,480,480,480,480,480,480,222,0,190,244.44594594594594,94,1145,1974.0
1637174403,1,GET,/auth/login/,0.000000,0.000000,0,0,0,0,0,0,0,0,0,0,0,1,0,597,597.0,597,597,2961.0
1637174403,1,POST,/auth/login/,0.300000,0.000000,670,670,730,730,730,730,730,730,730,730,730,25,0,570,651.56,227,1812,10050.8
1637174403,1,GET,/auth/logout/,0.300000,0.000000,140,140,280,280,280,280,280,280,280,280,280,24,0,83,114.75,9,430,1712.0
1637174403,1,POST,/auth/modify-friend/,0.200000,0.000000,400,400,400,400,400,400,400,400,400,400,400,111,0,240,283.15315315315314,136,770,1713.0
1637174403,1,GET,/public/,0.200000,0.000000,390,390,390,390,390,390,390,390,390,390,390,111,0,280,351.7117117117117,160,1191,10180.666666666666
1637174403,1,,Aggregated,1.800000,0.000000,390,430,550,550,670,730,730,730,730,730,730,701,0,260,329.1469329529244,9,2059,5796.74179743224
1637174404,1,GET,/,0.100000,0.000000,780,780,780,780,780,780,780,780,780,780,780,183,0,290,357.26775956284155,147,885,9760.704918032787
1637174404,1,POST,/,0.100000,0.000000,940,940,940,940,940,940,940,940,940,940,940,25,0,870,870.0,496,2059,9372.56
1637174404,1,GET,/auth/find-friends/,0.400000,0.000000,430,430,480,480,480,480,480,480,480,480,480,222,0,190,244.44594594594594,94,1145,1974.0
1637174404,1,GET,/auth/login/,0.000000,0.000000,0,0,0,0,0,0,0,0,0,0,0,1,0,597,597.0,597,597,2961.0
1637174404,1,POST,/auth/login/,0.300000,0.000000,670,670,730,730,730,730,730,730,730,730,730,25,0,570,651.56,227,1812,10050.8
1637174404,1,GET,/auth/logout/,0.400000,0.000000,140,140,280,280,280,280,280,280,280,280,280,24,0,83,114.75,9,430,1712.0
1637174404,1,POST,/auth/modify-friend/,0.200000,0.000000,400,400,400,400,400,400,400,400,400,400,400,111,0,240,283.15315315315314,136,770,1713.0
1637174404,1,GET,/public/,0.200000,0.000000,390,390,580,580,580,580,580,580,580,580,580,112,0,280,353.7232142857143,160,1191,10181.99107142857
1637174404,1,,Aggregated,1.700000,0.000000,400,480,580,670,730,780,780,780,780,780,780,703,0,260,330.13371266002844,9,2059,5810.23613086771
1637174405,1,GET,/,0.100000,0.000000,780,780,780,780,780,780,780,780,780,780,780,183,0,290,357.26775956284155,147,885,9760.704918032787
1637174405,1,POST,/,0.000000,0.000000,940,940,940,940,940,940,940,940,940,940,940,25,0,870,870.0,496,2059,9372.56
1637174405,1,GET,/auth/find-friends/,0.400000,0.000000,380,430,430,480,480,480,480,480,480,480,480,224,0,190,245.52678571428572,94,1145,1974.0
1637174405,1,GET,/auth/login/,0.000000,0.000000,0,0,0,0,0,0,0,0,0,0,0,1,0,597,597.0,597,597,2961.0
1637174405,1,POST,/auth/login/,0.300000,0.000000,670,670,730,730,730,730,730,730,730,730,730,25,0,570,651.56,227,1812,10050.8
1637174405,1,GET,/auth/logout/,0.300000,0.000000,140,140,280,280,280,280,280,280,280,280,280,24,0,83,114.75,9,430,1712.0
1637174405,1,POST,/auth/modify-friend/,0.200000,0.000000,400,400,540,540,540,540,540,540,540,540,540,112,0,240,285.45535714285717,136,770,1713.0
1637174405,1,GET,/public/,0.200000,0.000000,390,390,580,580,580,580,580,580,580,580,580,112,0,280,353.7232142857143,160,1191,10181.99107142857
1637174405,1,,Aggregated,1.500000,0.000000,390,540,580,580,730,780,780,780,780,780,780,706,0,260,330.5325779036827,9,2059,5793.565155807365
1637174406,1,GET,/,0.100000,0.000000,530,530,780,780,780,780,780,780,780,780,780,185,0,300,358.96216216216214,147,885,9769.156756756756
1637174406,1,POST,/,0.000000,0.000000,940,940,940,940,940,940,940,940,940,940,940,25,0,870,870.0,496,2059,9372.56
1637174406,1,GET,/auth/find-friends/,0.400000,0.000000,380,430,430,480,480,480,480,480,480,480,480,224,0,190,245.52678571428572,94,1145,1974.0
1637174406,1,GET,/auth/login/,0.000000,0.000000,0,0,0,0,0,0,0,0,0,0,0,1,0,597,597.0,597,597,2961.0
1637174406,1,POST,/auth/login/,0.400000,0.000000,670,670,730,730,730,730,730,730,730,730,730,25,0,570,651.56,227,1812,10050.8
1637174406,1,GET,/auth/logout/,0.300000,0.000000,140,140,280,280,280,280,280,280,280,280,280,24,0,83,114.75,9,430,1712.0
1637174406,1,POST,/auth/modify-friend/,0.200000,0.000000,400,400,540,540,540,540,540,540,540,540,540,112,0,240,285.45535714285717,136,770,1713.0
1637174406,1,GET,/public/,0.200000,0.000000,390,390,580,580,580,580,580,580,580,580,580,112,0,280,353.7232142857143,160,1191,10181.99107142857
1637174406,1,,Aggregated,1.600000,0.000000,500,540,580,580,730,780,780,780,780,780,780,708,0,260,331.0508474576271,9,2059,5806.9802259887
1637174407,1,GET,/,0.200000,0.000000,530,530,780,780,780,780,780,780,780,780,780,185,0,300,358.96216216216214,147,885,9769.156756756756
1637174407,1,POST,/,0.000000,0.000000,940,940,940,940,940,940,940,940,940,940,940,25,0,870,870.0,496,2059,9372.56
1637174407,1,GET,/auth/find-friends/,0.400000,0.000000,380,380,430,430,430,430,430,430,430,430,430,224,0,190,245.52678571428572,94,1145,1974.0
1637174407,1,GET,/auth/login/,0.000000,0.000000,0,0,0,0,0,0,0,0,0,0,0,1,0,597,597.0,597,597,2961.0
1637174407,1,POST,/auth/login/,0.300000,0.000000,670,670,730,730,730,730,730,730,730,730,730,25,0,570,651.56,227,1812,10050.8
1637174407,1,GET,/auth/logout/,0.300000,0.000000,280,280,390,390,390,390,390,390,390,390,390,25,0,84,125.84,9,430,1712.0
1637174407,1,POST,/auth/modify-friend/,0.200000,0.000000,400,400,540,540,540,540,540,540,540,540,540,112,0,240,285.45535714285717,136,770,1713.0
1637174407,1,GET,/public/,0.200000,0.000000,580,580,580,580,580,580,580,580,580,580,580,112,0,280,353.7232142857143,160,1191,10181.99107142857
1637174407,1,,Aggregated,1.600000,0.000000,430,530,580,580,730,780,780,780,780,780,780,709,0,260,331.1368124118477,9,2059,5801.204513399154
1637174408,1,GET,/,0.200000,0.000000,500,530,530,780,780,780,780,780,780,780,780,186,0,290,357.9516129032258,147,885,9772.021505376344
1637174408,1,POST,/,0.000000,0.000000,940,940,940,940,940,940,940,940,940,940,940,25,0,870,870.0,496,2059,9372.56
1637174408,1,GET,/auth/find-friends/,0.400000,0.000000,380,380,430,430,430,430,430,430,430,430,430,224,0,190,245.52678571428572,94,1145,1974.0
1637174408,1,GET,/auth/login/,0.000000,0.000000,0,0,0,0,0,0,0,0,0,0,0,1,0,597,597.0,597,597,2961.0
1637174408,1,POST,/auth/login/,0.300000,0.000000,670,670,730,730,730,730,730,730,730,730,730,26,0,550,639.6538461538462,227,1812,10061.346153846154
1637174408,1,GET,/auth/logout/,0.300000,0.000000,280,280,390,390,390,390,390,390,390,390,390,25,0,84,125.84,9,430,1712.0
1637174408,1,POST,/auth/modify-friend/,0.200000,0.000000,540,540,540,540,540,540,540,540,540,540,540,112,0,240,285.45535714285717,136,770,1713.0
1637174408,1,GET,/public/,0.200000,0.000000,580,580,580,580,580,580,580,580,580,580,580,112,0,280,353.7232142857143,160,1191,10181.99107142857
1637174408,1,,Aggregated,1.600000,0.000000,390,530,540,580,730,780,780,780,780,780,780,711,0,260,330.9268635724332,9,2059,5813.897327707455
1637174409,1,GET,/,0.300000,0.000000,350,500,530,530,780,780,780,780,780,780,780,188,0,290,356.65425531914894,147,885,9778.27659574468
1637174409,1,POST,/,0.000000,0.000000,940,940,940,940,940,940,940,940,940,940,940,25,0,870,870.0,496,2059,9372.56
1637174409,1,GET,/auth/find-friends/,0.400000,0.000000,350,350,380,380,430,430,430,430,430,430,430,226,0,190,244.96902654867256,94,1145,1974.0
1637174409,1,GET,/auth/login/,0.000000,0.000000,0,0,0,0,0,0,0,0,0,0,0,1,0,597,597.0,597,597,2961.0
1637174409,1,POST,/auth/login/,0.300000,0.000000,670,670,730,730,730,730,730,730,730,730,730,26,0,550,639.6538461538462,227,1812,10061.346153846154
1637174409,1,GET,/auth/logout/,0.200000,0.000000,390,390,390,390,390,390,390,390,390,390,390,25,0,84,125.84,9,430,1712.0
1637174409,1,POST,/auth/modify-friend/,0.200000,0.000000,540,540,540,540,540,540,540,540,540,540,540,112,0,240,285.45535714285717,136,770,1713.0
1637174409,1,GET,/public/,0.200000,0.000000,390,390,580,580,580,580,580,580,580,580,580,113,0,280,352.34513274336285,160,1191,10180.823008849558
1637174409,1,,Aggregated,1.600000,0.000000,360,390,500,530,580,730,780,780,780,780,780,716,0,260,330.06145251396646,9,2059,5821.786312849162
1637174410,1,GET,/,0.300000,0.000000,260,500,530,530,780,780,780,780,780,780,780,189,0,290,355.83597883597884,147,885,9782.507936507936
1637174410,1,POST,/,0.000000,0.000000,0,0,0,0,0,0,0,0,0,0,0,25,0,870,870.0,496,2059,9372.56
1637174410,1,GET,/auth/find-friends/,0.400000,0.000000,320,350,380,380,430,430,430,430,430,430,430,228,0,190,243.81140350877192,94,1145,1974.0
1637174410,1,GET,/auth/login/,0.000000,0.000000,0,0,0,0,0,0,0,0,0,0,0,1,0,597,597.0,597,597,2961.0
1637174410,1,POST,/auth/login/,0.200000,0.000000,670,670,730,730,730,730,730,730,730,730,730,26,0,550,639.6538461538462,227,1812,10061.346153846154
1637174410,1,GET,/auth/logout/,0.300000,0.000000,390,390,390,390,390,390,390,390,390,390,390,25,0,84,125.84,9,430,1712.0
1637174410,1,POST,/auth/modify-friend/,0.200000,0.000000,360,360,540,540,540,540,540,540,540,540,540,114,0,230,283.2543859649123,136,770,1713.0
1637174410,1,GET,/public/,0.200000,0.000000,390,390,580,580,580,580,580,580,580,580,580,114,0,280,351.5877192982456,160,1191,10180.5
1637174410,1,,Aggregated,1.600000,0.000000,280,360,500,530,580,730,780,780,780,780,780,722,0,260,328.7229916897507,9,2059,5812.319944598338
1637174411,1,GET,/,0.400000,0.000000,260,500,530,530,780,780,780,780,780,780,780,189,0,290,355.83597883597884,147,885,9782.507936507936
1637174411,1,POST,/,0.000000,0.000000,0,0,0,0,0,0,0,0,0,0,0,25,0,870,870.0,496,2059,9372.56
1637174411,1,GET,/auth/find-friends/,0.400000,0.000000,320,350,370,380,430,430,430,430,430,430,430,230,0,190,243.89565217391305,94,1145,1974.0
1637174411,1,GET,/auth/login/,0.000000,0.000000,0,0,0,0,0,0,0,0,0,0,0,1,0,597,597.0,597,597,2961.0
1637174411,1,POST,/auth/login/,0.300000,0.000000,730,730,730,730,730,730,730,730,730,730,730,26,0,550,639.6538461538462,227,1812,10061.346153846154
1637174411,1,GET,/auth/logout/,0.200000,0.000000,390,390,390,390,390,390,390,390,390,390,390,25,0,84,125.84,9,430,1712.0
1637174411,1,POST,/auth/modify-friend/,0.200000,0.000000,360,360,540,540,540,540,540,540,540,540,540,114,0,230,283.2543859649123,136,770,1713.0
1637174411,1,GET,/public/,0.200000,0.000000,270,390,390,580,580,580,580,580,580,580,580,115,0,280,350.8086956521739,160,1191,10179.8
1637174411,1,,Aggregated,1.700000,0.000000,270,360,390,500,580,730,780,780,780,780,780,725,0,260,328.4234482758621,9,2059,5807.645517241379
1637174412,1,GET,/,0.600000,0.000000,260,500,530,530,780,780,780,780,780,780,780,190,0,290,355.29473684210524,147,885,9786.394736842105
1637174412,1,POST,/,0.000000,0.000000,0,0,0,0,0,0,0,0,0,0,0,25,0,870,870.0,496,2059,9372.56
1637174412,1,GET,/auth/find-friends/,0.600000,0.000000,190,350,370,370,380,380,380,380,380,380,380,230,0,190,243.89565217391305,94,1145,1974.0
1637174412,1,GET,/auth/login/,0.000000,0.000000,0,0,0,0,0,0,0,0,0,0,0,1,0,597,597.0,597,597,2961.0
1637174412,1,POST,/auth/login/,0.200000,0.000000,730,730,730,730,730,730,730,730,730,730,730,26,0,550,639.6538461538462,227,1812,10061.346153846154
1637174412,1,GET,/auth/logout/,0.200000,0.000000,390,390,390,390,390,390,390,390,390,390,390,25,0,84,125.84,9,430,1712.0
1637174412,1,POST,/auth/modify-friend/,0.200000,0.000000,310,360,360,540,540,540,540,540,540,540,540,115,0,240,283.4869565217391,136,770,1713.0
1637174412,1,GET,/public/,0.300000,0.000000,270,580,580,690,690,690,690,690,690,690,690,116,0,280,353.7155172413793,160,1191,10178.362068965518
1637174412,1,,Aggregated,2.100000,0.000000,270,370,500,530,690,730,780,780,780,780,780,728,0,260,328.78846153846155,9,2059,5814.271978021978
1637174413,1,GET,/,0.700000,0.000000,260,500,530,530,780,780,780,780,780,780,780,190,0,290,355.29473684210524,147,885,9786.394736842105
1637174413,1,POST,/,0.000000,0.000000,0,0,0,0,0,0,0,0,0,0,0,25,0,870,870.0,496,2059,9372.56
1637174413,1,GET,/auth/find-friends/,0.600000,0.000000,190,260,350,370,380,380,380,380,380,380,380,232,0,190,243.5301724137931,94,1145,1974.0
1637174413,1,GET,/auth/login/,0.000000,0.000000,0,0,0,0,0,0,0,0,0,0,0,1,0,597,597.0,597,597,2961.0
1637174413,1,POST,/auth/login/,0.200000,0.000000,730,730,730,730,730,730,730,730,730,730,730,26,0,550,639.6538461538462,227,1812,10061.346153846154
1637174413,1,GET,/auth/logout/,0.200000,0.000000,390,390,390,390,390,390,390,390,390,390,390,25,0,84,125.84,9,430,1712.0
1637174413,1,POST,/auth/modify-friend/,0.400000,0.000000,250,310,310,540,540,540,540,540,540,540,540,116,0,240,283.1896551724138,136,770,1713.0
1637174413,1,GET,/public/,0.300000,0.000000,340,340,580,580,690,690,690,690,690,690,690,117,0,280,353.5811965811966,160,1191,10178.863247863248
1637174413,1,,Aggregated,2.400000,0.000000,260,340,380,390,540,690,780,780,780,780,780,732,0,260,328.344262295082,9,2059,5804.218579234973
1637174414,1,GET,/,0.700000,0.000000,260,500,530,530,780,780,780,780,780,780,780,190,0,290,355.29473684210524,147,885,9786.394736842105
1637174414,1,POST,/,0.000000,0.000000,0,0,0,0,0,0,0,0,0,0,0,25,0,870,870.0,496,2059,9372.56
1637174414,1,GET,/auth/find-friends/,0.800000,0.000000,170,240,260,260,370,380,380,380,380,380,380,234,0,190,243.2094017094017,94,1145,1974.0
1637174414,1,GET,/auth/login/,0.000000,0.000000,0,0,0,0,0,0,0,0,0,0,0,1,0,597,597.0,597,597,2961.0
1637174414,1,POST,/auth/login/,0.200000,0.000000,730,730,730,730,730,730,730,730,730,730,730,26,0,550,639.6538461538462,227,1812,10061.346153846154
1637174414,1,GET,/auth/logout/,0.100000,0.000000,390,390,390,390,390,390,390,390,390,390,390,25,0,84,125.84,9,430,1712.0
1637174414,1,POST,/auth/modify-friend/,0.300000,0.000000,300,300,310,310,540,540,540,540,540,540,540,117,0,240,283.3247863247863,136,770,1713.0
1637174414,1,GET,/public/,0.400000,0.000000,270,340,580,580,690,690,690,690,690,690,690,118,0,280,352.728813559322,160,1191,10179.872881355932
1637174414,1,,Aggregated,2.500000,0.000000,250,300,340,370,500,540,690,690,690,690,690,736,0,260,327.8695652173913,9,2059,5794.357336956522
1637174415,1,GET,/,0.800000,0.000000,250,260,500,500,530,530,530,530,530,530,530,190,0,290,355.29473684210524,147,885,9786.394736842105
1637174415,1,POST,/,0.000000,0.000000,0,0,0,0,0,0,0,0,0,0,0,25,0,870,870.0,496,2059,9372.56
1637174415,1,GET,/auth/find-friends/,0.800000,0.000000,190,230,240,260,370,380,380,380,380,380,380,236,0,190,243.02118644067798,94,1145,1974.0
1637174415,1,GET,/auth/login/,0.000000,0.000000,0,0,0,0,0,0,0,0,0,0,0,1,0,597,597.0,597,597,2961.0
1637174415,1,POST,/auth/login/,0.200000,0.000000,340,340,340,340,340,340,340,340,340,340,340,26,0,550,639.6538461538462,227,1812,10061.346153846154
1637174415,1,GET,/auth/logout/,0.100000,0.000000,390,390,390,390,390,390,390,390,390,390,390,25,0,84,125.84,9,430,1712.0
1637174415,1,POST,/auth/modify-friend/,0.400000,0.000000,300,310,390,390,540,540,540,540,540,540,540,118,0,240,284.1949152542373,136,770,1713.0
1637174415,1,GET,/public/,0.500000,0.000000,270,340,580,580,690,690,690,690,690,690,690,118,0,280,352.728813559322,160,1191,10179.872881355932
1637174415,1,,Aggregated,2.800000,0.000000,250,260,310,340,390,530,690,690,690,690,690,739,0,260,327.65899864682,9,2059,5778.495263870094
1637174416,1,GET,/,0.800000,0.000000,260,330,380,500,530,530,530,530,530,530,530,192,0,290,355.2708333333333,147,885,9794.015625
1637174416,1,POST,/,0.000000,0.000000,0,0,0,0,0,0,0,0,0,0,0,25,0,870,870.0,496,2059,9372.56
1637174416,1,GET,/auth/find-friends/,1.000000,0.000000,190,230,240,260,370,380,380,380,380,380,380,236,0,190,243.02118644067798,94,1145,1974.0
1637174416,1,GET,/auth/login/,0.000000,0.000000,0,0,0,0,0,0,0,0,0,0,0,1,0,597,597.0,597,597,2961.0
1637174416,1,POST,/auth/login/,0.100000,0.000000,340,340,340,340,340,340,340,340,340,340,340,26,0,550,639.6538461538462,227,1812,10061.346153846154
1637174416,1,GET,/auth/logout/,0.100000,0.000000,390,390,390,390,390,390,390,390,390,390,390,25,0,84,125.84,9,430,1712.0
1637174416,1,POST,/auth/modify-friend/,0.500000,0.000000,300,310,390,390,540,540,540,540,540,540,540,118,0,240,284.1949152542373,136,770,1713.0
1637174416,1,GET,/public/,0.600000,0.000000,270,320,340,340,690,690,690,690,690,690,690,119,0,280,352.453781512605,160,1191,10180.941176470587
1637174416,1,,Aggregated,3.100000,0.000000,250,270,320,340,380,390,690,690,690,690,690,742,0,260,327.7169811320755,9,2059,5797.373315363881
1637174417,1,GET,/,0.700000,0.000000,250,260,330,330,380,380,380,380,380,380,380,192,0,290,355.2708333333333,147,885,9794.015625
1637174417,1,POST,/,0.000000,0.000000,0,0,0,0,0,0,0,0,0,0,0,25,0,870,870.0,496,2059,9372.56
1637174417,1,GET,/auth/find-friends/,1.100000,0.000000,210,240,240,250,260,370,370,370,370,370,370,238,0,190,243.03361344537817,94,1145,1974.0
1637174417,1,GET,/auth/login/,0.000000,0.000000,0,0,0,0,0,0,0,0,0,0,0,1,0,597,597.0,597,597,2961.0
1637174417,1,POST,/auth/login/,0.100000,0.000000,340,340,340,340,340,340,340,340,340,340,340,26,0,550,639.6538461538462,227,1812,10061.346153846154
1637174417,1,GET,/auth/logout/,0.100000,0.000000,390,390,390,390,390,390,390,390,390,390,390,25,0,84,125.84,9,430,1712.0
1637174417,1,POST,/auth/modify-friend/,0.600000,0.000000,300,300,310,310,390,390,390,390,390,390,390,119,0,250,284.2857142857143,136,770,1713.0
1637174417,1,GET,/public/,0.600000,0.000000,270,320,340,340,690,690,690,690,690,690,690,120,0,280,351.6333333333333,160,1191,10183.316666666668
1637174417,1,,Aggregated,3.200000,0.000000,250,260,300,320,370,390,690,690,690,690,690,746,0,260,327.35120643431634,9,2059,5787.906166219839
1637174418,1,GET,/,0.700000,0.000000,260,320,330,330,380,380,380,380,380,380,380,193,0,290,355.1139896373057,147,885,9798.450777202073
1637174418,1,POST,/,0.000000,0.000000,0,0,0,0,0,0,0,0,0,0,0,25,0,870,870.0,496,2059,9372.56
1637174418,1,GET,/auth/find-friends/,1.200000,0.000000,210,240,240,240,260,370,370,370,370,370,370,240,0,190,242.65416666666667,94,1145,1974.0
1637174418,1,GET,/auth/login/,0.000000,0.000000,0,0,0,0,0,0,0,0,0,0,0,1,0,597,597.0,597,597,2961.0
1637174418,1,POST,/auth/login/,0.100000,0.000000,340,340,340,340,340,340,340,340,340,340,340,26,0,550,639.6538461538462,227,1812,10061.346153846154
1637174418,1,GET,/auth/logout/,0.100000,0.000000,390,390,390,390,390,390,390,390,390,390,390,25,0,84,125.84,9,430,1712.0
1637174418,1,POST,/auth/modify-friend/,0.600000,0.000000,300,300,310,310,390,390,390,390,390,390,390,120,0,240,283.81666666666666,136,770,1713.0
1637174418,1,GET,/public/,0.600000,0.000000,270,320,340,340,690,690,690,690,690,690,690,120,0,280,351.6333333333333,160,1191,10183.316666666668
1637174418,1,,Aggregated,3.300000,0.000000,250,260,300,320,370,390,690,690,690,690,690,750,0,260,326.8693333333333,9,2059,5778.785333333333
1637174419,1,GET,/,0.700000,0.000000,320,330,330,380,380,380,380,380,380,380,380,193,0,290,355.1139896373057,147,885,9798.450777202073
1637174419,1,POST,/,0.000000,0.000000,0,0,0,0,0,0,0,0,0,0,0,25,0,870,870.0,496,2059,9372.56
1637174419,1,GET,/auth/find-friends/,1.200000,0.000000,230,240,240,250,260,370,370,370,370,370,370,240,0,190,242.65416666666667,94,1145,1974.0
1637174419,1,GET,/auth/login/,0.000000,0.000000,0,0,0,0,0,0,0,0,0,0,0,1,0,597,597.0,597,597,2961.0
1637174419,1,POST,/auth/login/,0.100000,0.000000,340,340,340,340,340,340,340,340,340,340,340,26,0,550,639.6538461538462,227,1812,10061.346153846154
1637174419,1,GET,/auth/logout/,0.100000,0.000000,390,390,390,390,390,390,390,390,390,390,390,26,0,84,127.23076923076923,9,430,1712.0
1637174419,1,POST,/auth/modify-friend/,0.600000,0.000000,300,300,310,310,390,390,390,390,390,390,390,120,0,240,283.81666666666666,136,770,1713.0
1637174419,1,GET,/public/,0.700000,0.000000,270,320,340,340,690,690,690,690,690,690,690,120,0,280,351.6333333333333,160,1191,10183.316666666668
1637174419,1,,Aggregated,3.400000,0.000000,250,270,310,320,370,390,690,690,690,690,690,751,0,260,326.64980026631156,9,2059,5773.37017310253
1637174420,1,GET,/,0.700000,0.000000,320,330,330,380,380,380,380,380,380,380,380,193,0,290,355.1139896373057,147,885,9798.450777202073
1637174420,1,POST,/,0.000000,0.000000,0,0,0,0,0,0,0,0,0,0,0,25,0,870,870.0,496,2059,9372.56
1637174420,1,GET,/auth/find-friends/,1.200000,0.000000,240,240,250,250,260,370,370,370,370,370,370,240,0,190,242.65416666666667,94,1145,1974.0
1637174420,1,GET,/auth/login/,0.000000,0.000000,0,0,0,0,0,0,0,0,0,0,0,1,0,597,597.0,597,597,2961.0
1637174420,1,POST,/auth/login/,0.100000,0.000000,340,340,340,340,340,340,340,340,340,340,340,26,0,550,639.6538461538462,227,1812,10061.346153846154
1637174420,1,GET,/auth/logout/,0.100000,0.000000,390,390,390,390,390,390,390,390,390,390,390,26,0,84,127.23076923076923,9,430,1712.0
1637174420,1,POST,/auth/modify-friend/,0.600000,0.000000,300,300,310,310,390,390,390,390,390,390,390,120,0,240,283.81666666666666,136,770,1713.0
1637174420,1,GET,/public/,0.700000,0.000000,320,320,340,340,690,690,690,690,690,690,690,120,0,280,351.6333333333333,160,1191,10183.316666666668
1637174420,1,,Aggregated,3.400000,0.000000,250,300,320,330,380,390,690,690,690,690,690,751,0,260,326.64980026631156,9,2059,5773.37017310253
1637174422,1,GET,/,0.700000,0.000000,330,340,340,380,380,380,380,380,380,380,380,194,0,290,355.04639175257734,147,885,9802.309278350516
1637174422,1,POST,/,0.000000,0.000000,0,0,0,0,0,0,0,0,0,0,0,25,0,870,870.0,496,2059,9372.56
1637174422,1,GET,/auth/find-friends/,1.600000,0.000000,240,240,240,250,260,260,260,260,260,260,260,240,0,190,242.65416666666667,94,1145,1974.0
1637174422,1,GET,/auth/login/,0.000000,0.000000,0,0,0,0,0,0,0,0,0,0,0,1,0,597,597.0,597,597,2961.0
1637174422,1,POST,/auth/login/,0.000000,0.000000,1100,1100,1100,1100,1100,1100,1100,1100,1100,1100,1100,27,0,570,656.6666666666666,227,1812,10079.888888888889
1637174422,1,GET,/auth/logout/,0.000000,0.000000,390,390,390,390,390,390,390,390,390,390,390,26,0,84,127.23076923076923,9,430,1712.0
1637174422,1,POST,/auth/modify-friend/,0.800000,0.000000,300,300,300,390,390,390,390,390,390,390,390,120,0,240,283.81666666666666,136,770,1713.0
1637174422,1,GET,/public/,0.800000,0.000000,320,320,340,340,340,340,340,340,340,340,340,120,0,280,351.6333333333333,160,1191,10183.316666666668
1637174422,1,,Aggregated,3.900000,0.000000,250,300,320,340,380,390,1100,1100,1100,1100,1100,753,0,260,327.69588313413016,9,2059,5786.069057104914
1637174423,1,GET,/,0.500000,0.000000,330,340,340,380,380,380,380,380,380,380,380,194,0,290,355.04639175257734,147,885,9802.309278350516
1637174423,1,POST,/,0.000000,0.000000,620,620,620,620,620,620,620,620,620,620,620,26,0,830,860.3461538461538,496,2059,9423.884615384615
1637174423,1,GET,/auth/find-friends/,1.400000,0.000000,240,240,240,250,250,250,250,250,250,250,250,242,0,190,242.47520661157026,94,1145,1974.0
1637174423,1,GET,/auth/login/,0.000000,0.000000,0,0,0,0,0,0,0,0,0,0,0,1,0,597,597.0,597,597,2961.0
1637174423,1,POST,/auth/login/,0.000000,0.000000,1100,1100,1100,1100,1100,1100,1100,1100,1100,1100,1100,27,0,570,656.6666666666666,227,1812,10079.888888888889
1637174423,1,GET,/auth/logout/,0.100000,0.000000,160,160,160,160,160,160,160,160,160,160,160,26,0,84,127.23076923076923,9,430,1712.0
1637174423,1,POST,/auth/modify-friend/,0.800000,0.000000,300,300,390,390,390,390,390,390,390,390,390,120,0,240,283.81666666666666,136,770,1713.0
1637174423,1,GET,/public/,0.700000,0.000000,250,250,320,320,320,320,320,320,320,320,320,121,0,280,350.72727272727275,160,1191,10185.950413223141
1637174423,1,,Aggregated,3.500000,0.000000,250,300,320,340,390,620,1100,1100,1100,1100,1100,757,0,260,327.6856010568032,9,2059,5788.7278731836195
1637174424,1,GET,/,0.400000,0.000000,340,380,380,500,500,500,500,500,500,500,500,195,0,300,355.7641025641026,147,885,9806.984615384616
1637174424,1,POST,/,0.000000,0.000000,620,620,620,620,620,620,620,620,620,620,620,26,0,830,860.3461538461538,496,2059,9423.884615384615
1637174424,1,GET,/auth/find-friends/,1.200000,0.000000,240,240,250,250,250,250,250,250,250,250,250,242,0,190,242.47520661157026,94,1145,1974.0
1637174424,1,GET,/auth/login/,0.000000,0.000000,0,0,0,0,0,0,0,0,0,0,0,1,0,597,597.0,597,597,2961.0
1637174424,1,POST,/auth/login/,0.000000,0.000000,1100,1100,1100,1100,1100,1100,1100,1100,1100,1100,1100,27,0,570,656.6666666666666,227,1812,10079.888888888889
1637174424,1,GET,/auth/logout/,0.100000,0.000000,160,160,160,160,160,160,160,160,160,160,160,26,0,84,127.23076923076923,9,430,1712.0
1637174424,1,POST,/auth/modify-friend/,0.600000,0.000000,300,300,390,390,390,390,390,390,390,390,390,121,0,250,283.91735537190084,136,770,1713.0
1637174424,1,GET,/public/,0.600000,0.000000,250,250,320,320,320,320,320,320,320,320,320,121,0,280,350.72727272727275,160,1191,10185.950413223141
1637174424,1,,Aggregated,2.900000,0.000000,250,320,340,380,500,620,1100,1100,1100,1100,1100,759,0,260,327.8642951251647,9,2059,5789.847167325428
1637174425,1,GET,/,0.500000,0.000000,380,430,500,500,690,690,690,690,690,690,690,198,0,300,357.04040404040404,147,885,9821.388888888889
1637174425,1,POST,/,0.000000,0.000000,620,620,620,620,620,620,620,620,620,620,620,26,0,830,860.3461538461538,496,2059,9423.884615384615
1637174425,1,GET,/auth/find-friends/,1.000000,0.000000,240,240,250,250,250,250,250,250,250,250,250,242,0,190,242.47520661157026,94,1145,1974.0
1637174425,1,GET,/auth/login/,0.000000,0.000000,0,0,0,0,0,0,0,0,0,0,0,1,0,597,597.0,597,597,2961.0
1637174425,1,POST,/auth/login/,0.100000,0.000000,1100,1100,1100,1100,1100,1100,1100,1100,1100,1100,1100,27,0,570,656.6666666666666,227,1812,10079.888888888889
1637174425,1,GET,/auth/logout/,0.100000,0.000000,160,160,160,160,160,160,160,160,160,160,160,26,0,84,127.23076923076923,9,430,1712.0
1637174425,1,POST,/auth/modify-friend/,0.600000,0.000000,300,300,390,390,390,390,390,390,390,390,390,121,0,250,283.91735537190084,136,770,1713.0
1637174425,1,GET,/public/,0.500000,0.000000,250,250,320,320,320,320,320,320,320,320,320,121,0,280,350.72727272727275,160,1191,10185.950413223141
1637174425,1,,Aggregated,2.800000,0.000000,300,330,380,430,620,690,1100,1100,1100,1100,1100,762,0,260,328.3057742782152,9,2059,5809.405511811024
1637174426,1,GET,/,0.400000,0.000000,340,380,430,500,690,690,690,690,690,690,690,200,0,300,356.525,147,885,9829.915
1637174426,1,POST,/,0.100000,0.000000,620,620,620,620,620,620,620,620,620,620,620,26,0,830,860.3461538461538,496,2059,9423.884615384615
1637174426,1,GET,/auth/find-friends/,1.200000,0.000000,240,240,250,250,250,250,250,250,250,250,250,242,0,190,242.47520661157026,94,1145,1974.0
1637174426,1,GET,/auth/login/,0.000000,0.000000,0,0,0,0,0,0,0,0,0,0,0,1,0,597,597.0,597,597,2961.0
1637174426,1,POST,/auth/login/,0.100000,0.000000,1100,1100,1100,1100,1100,1100,1100,1100,1100,1100,1100,27,0,570,656.6666666666666,227,1812,10079.888888888889
1637174426,1,GET,/auth/logout/,0.100000,0.000000,160,160,160,160,160,160,160,160,160,160,160,26,0,84,127.23076923076923,9,430,1712.0
1637174426,1,POST,/auth/modify-friend/,0.500000,0.000000,300,300,300,300,300,300,300,300,300,300,300,121,0,250,283.91735537190084,136,770,1713.0
1637174426,1,GET,/public/,0.500000,0.000000,250,250,310,310,310,310,310,310,310,310,310,122,0,280,350.3688524590164,160,1191,10188.95081967213
1637174426,1,,Aggregated,2.900000,0.000000,290,320,340,430,620,690,1100,1100,1100,1100,1100,765,0,260,328.2183006535948,9,2059,5828.3228758169935
1637174427,1,GET,/,0.500000,0.000000,320,340,430,500,690,690,690,690,690,690,690,201,0,300,355.92039800995025,147,885,9833.796019900497
1637174427,1,POST,/,0.100000,0.000000,620,620,620,620,620,620,620,620,620,620,620,26,0,830,860.3461538461538,496,2059,9423.884615384615
1637174427,1,GET,/auth/find-friends/,1.000000,0.000000,250,250,290,290,300,300,300,300,300,300,300,244,0,190,242.9139344262295,94,1145,1974.0
1637174427,1,GET,/auth/login/,0.000000,0.000000,0,0,0,0,0,0,0,0,0,0,0,1,0,597,597.0,597,597,2961.0
1637174427,1,POST,/auth/login/,0.100000,0.000000,1100,1100,1100,1100,1100,1100,1100,1100,1100,1100,1100,27,0,570,656.6666666666666,227,1812,10079.888888888889
1637174427,1,GET,/auth/logout/,0.100000,0.000000,160,160,160,160,160,160,160,160,160,160,160,26,0,84,127.23076923076923,9,430,1712.0
1637174427,1,POST,/auth/modify-friend/,0.500000,0.000000,270,270,300,300,300,300,300,300,300,300,300,122,0,250,283.77868852459017,136,770,1713.0
1637174427,1,GET,/public/,0.400000,0.000000,250,250,310,310,310,310,310,310,310,310,310,122,0,280,350.3688524590164,160,1191,10188.95081967213
1637174427,1,,Aggregated,2.700000,0.000000,290,320,340,430,620,690,1100,1100,1100,1100,1100,769,0,260,327.9336801040312,9,2059,5819.165149544863
1637174428,1,GET,/,0.800000,0.000000,320,340,430,500,690,690,690,690,690,690,690,201,0,300,355.92039800995025,147,885,9833.796019900497
1637174428,1,POST,/,0.100000,0.000000,1100,1100,1100,1100,1100,1100,1100,1100,1100,1100,1100,27,0,870,867.5185185185185,496,2059,9467.0
1637174428,1,GET,/auth/find-friends/,0.800000,0.000000,250,250,290,290,300,300,300,300,300,300,300,244,0,190,242.9139344262295,94,1145,1974.0
1637174428,1,GET,/auth/login/,0.000000,0.000000,0,0,0,0,0,0,0,0,0,0,0,1,0,597,597.0,597,597,2961.0
1637174428,1,POST,/auth/login/,0.100000,0.000000,1100,1100,1100,1100,1100,1100,1100,1100,1100,1100,1100,27,0,570,656.6666666666666,227,1812,10079.888888888889
1637174428,1,GET,/auth/logout/,0.100000,0.000000,160,160,160,160,160,160,160,160,160,160,160,26,0,84,127.23076923076923,9,430,1712.0
1637174428,1,POST,/auth/modify-friend/,0.400000,0.000000,270,270,300,300,300,300,300,300,300,300,300,122,0,250,283.77868852459017,136,770,1713.0
1637174428,1,GET,/public/,0.300000,0.000000,250,250,310,310,310,310,310,310,310,310,310,122,0,280,350.3688524590164,160,1191,10188.95081967213
1637174428,1,,Aggregated,2.600000,0.000000,300,340,500,620,1100,1100,1100,1100,1100,1100,1100,770,0,260,328.8766233766234,9,2059,5825.358441558442
1637174429,1,GET,/,1.000000,0.000000,340,430,500,500,690,690,690,690,690,690,690,201,0,300,355.92039800995025,147,885,9833.796019900497
1637174429,1,POST,/,0.100000,0.000000,1100,1100,1100,1100,1100,1100,1100,1100,1100,1100,1100,27,0,870,867.5185185185185,496,2059,9467.0
1637174429,1,GET,/auth/find-friends/,0.600000,0.000000,270,280,290,290,300,300,300,300,300,300,300,246,0,190,243.1788617886179,94,1145,1974.0
1637174429,1,GET,/auth/login/,0.000000,0.000000,0,0,0,0,0,0,0,0,0,0,0,1,0,597,597.0,597,597,2961.0
1637174429,1,POST,/auth/login/,0.100000,0.000000,1100,1100,1100,1100,1100,1100,1100,1100,1100,1100,1100,27,0,570,656.6666666666666,227,1812,10079.888888888889
1637174429,1,GET,/auth/logout/,0.100000,0.000000,160,160,160,160,160,160,160,160,160,160,160,26,0,84,127.23076923076923,9,430,1712.0
1637174429,1,POST,/auth/modify-friend/,0.300000,0.000000,270,270,300,300,300,300,300,300,300,300,300,122,0,250,283.77868852459017,136,770,1713.0
1637174429,1,GET,/public/,0.400000,0.000000,310,310,400,400,400,400,400,400,400,400,400,123,0,280,350.7723577235772,160,1191,10189.113821138211
1637174429,1,,Aggregated,2.600000,0.000000,300,340,430,500,690,1100,1100,1100,1100,1100,1100,773,0,260,328.83053040103493,9,2059,5821.06468305304
1637174430,1,GET,/,0.900000,0.000000,340,430,500,500,690,690,690,690,690,690,690,201,0,300,355.92039800995025,147,885,9833.796019900497
1637174430,1,POST,/,0.100000,0.000000,1100,1100,1100,1100,1100,1100,1100,1100,1100,1100,1100,27,0,870,867.5185185185185,496,2059,9467.0
1637174430,1,GET,/auth/find-friends/,0.800000,0.000000,270,280,290,290,300,300,300,300,300,300,300,247,0,190,242.8825910931174,94,1145,1974.0
1637174430,1,GET,/auth/login/,0.000000,0.000000,0,0,0,0,0,0,0,0,0,0,0,1,0,597,597.0,597,597,2961.0
1637174430,1,POST,/auth/login/,0.100000,0.000000,1100,1100,1100,1100,1100,1100,1100,1100,1100,1100,1100,27,0,570,656.6666666666666,227,1812,10079.888888888889
1637174430,1,GET,/auth/logout/,0.100000,0.000000,160,160,160,160,160,160,160,160,160,160,160,26,0,84,127.23076923076923,9,430,1712.0
1637174430,1,POST,/auth/modify-friend/,0.400000,0.000000,300,300,380,380,380,380,380,380,380,380,380,123,0,260,284.5934959349593,136,770,1713.0
1637174430,1,GET,/public/,0.300000,0.000000,380,380,400,400,400,400,400,400,400,400,400,124,0,280,351.0403225806452,160,1191,10187.967741935483
1637174430,1,,Aggregated,2.700000,0.000000,300,380,400,500,690,1100,1100,1100,1100,1100,1100,776,0,260,328.7680412371134,9,2059,5816.259020618557
1637174431,1,GET,/,0.900000,0.000000,340,380,430,500,690,690,690,690,690,690,690,202,0,300,356.019801980198,147,885,9836.69306930693
1637174431,1,POST,/,0.200000,0.000000,1100,1100,1100,1100,1100,1100,1100,1100,1100,1100,1100,27,0,870,867.5185185185185,496,2059,9467.0
1637174431,1,GET,/auth/find-friends/,0.600000,0.000000,270,280,290,290,300,300,300,300,300,300,300,248,0,190,242.625,94,1145,1974.0
1637174431,1,GET,/auth/login/,0.000000,0.000000,0,0,0,0,0,0,0,0,0,0,0,1,0,597,597.0,597,597,2961.0
1637174431,1,POST,/auth/login/,0.100000,0.000000,1100,1100,1100,1100,1100,1100,1100,1100,1100,1100,1100,27,0,570,656.6666666666666,227,1812,10079.888888888889
1637174431,1,GET,/auth/logout/,0.100000,0.000000,160,160,160,160,160,160,160,160,160,160,160,26,0,84,127.23076923076923,9,430,1712.0
1637174431,1,POST,/auth/modify-friend/,0.300000,0.000000,300,300,380,380,380,380,380,380,380,380,380,124,0,260,284.491935483871,136,770,1713.0
1637174431,1,GET,/public/,0.200000,0.000000,380,380,400,400,400,400,400,400,400,400,400,124,0,280,351.0403225806452,160,1191,10187.967741935483
1637174431,1,,Aggregated,2.400000,0.000000,300,380,380,400,620,690,1100,1100,1100,1100,1100,779,0,260,328.56354300385107,9,2059,5811.967907573812
1637174432,1,GET,/,0.800000,0.000000,380,430,500,500,690,690,690,690,690,690,690,202,0,300,356.019801980198,147,885,9836.69306930693
1637174432,1,POST,/,0.200000,0.000000,1000,1000,1100,1100,1100,1100,1100,1100,1100,1100,1100,28,0,870,872.6428571428571,496,2059,9498.42857142857
1637174432,1,GET,/auth/find-friends/,0.600000,0.000000,270,280,290,290,300,300,300,300,300,300,300,248,0,190,242.625,94,1145,1974.0
1637174432,1,GET,/auth/login/,0.000000,0.000000,0,0,0,0,0,0,0,0,0,0,0,1,0,597,597.0,597,597,2961.0
1637174432,1,POST,/auth/login/,0.100000,0.000000,1100,1100,1100,1100,1100,1100,1100,1100,1100,1100,1100,27,0,570,656.6666666666666,227,1812,10079.888888888889
1637174432,1,GET,/auth/logout/,0.100000,0.000000,160,160,160,160,160,160,160,160,160,160,160,26,0,84,127.23076923076923,9,430,1712.0
1637174432,1,POST,/auth/modify-friend/,0.200000,0.000000,300,300,380,380,380,380,380,380,380,380,380,124,0,260,284.491935483871,136,770,1713.0
1637174432,1,GET,/public/,0.300000,0.000000,380,380,400,400,400,400,400,400,400,400,400,124,0,280,351.0403225806452,160,1191,10187.967741935483
1637174432,1,,Aggregated,2.300000,0.000000,300,380,400,430,690,1000,1100,1100,1100,1100,1100,780,0,260,329.4384615384615,9,2059,5817.782051282052
1637174433,1,GET,/,0.800000,0.000000,380,430,430,430,690,690,690,690,690,690,690,203,0,300,356.3645320197044,147,885,9839.36945812808
1637174433,1,POST,/,0.200000,0.000000,1000,1000,1100,1100,1100,1100,1100,1100,1100,1100,1100,29,0,870,870.6206896551724,496,2059,9526.448275862069
1637174433,1,GET,/auth/find-friends/,0.700000,0.000000,270,280,290,290,300,300,300,300,300,300,300,248,0,190,242.625,94,1145,1974.0
1637174433,1,GET,/auth/login/,0.000000,0.000000,0,0,0,0,0,0,0,0,0,0,0,1,0,597,597.0,597,597,2961.0
1637174433,1,POST,/auth/login/,0.100000,0.000000,1100,1100,1100,1100,1100,1100,1100,1100,1100,1100,1100,27,0,570,656.6666666666666,227,1812,10079.888888888889
1637174433,1,GET,/auth/logout/,0.000000,0.000000,160,160,160,160,160,160,160,160,160,160,160,26,0,84,127.23076923076923,9,430,1712.0
1637174433,1,POST,/auth/modify-friend/,0.300000,0.000000,300,300,380,380,380,380,380,380,380,380,380,124,0,260,284.491935483871,136,770,1713.0
1637174433,1,GET,/public/,0.400000,0.000000,380,380,400,400,400,400,400,400,400,400,400,124,0,280,351.0403225806452,160,1191,10187.967741935483
1637174433,1,,Aggregated,2.500000,0.000000,310,380,430,430,810,1000,1100,1100,1100,1100,1100,782,0,260,330.18158567774935,9,2059,5829.361892583121
1637174434,1,GET,/,0.900000,0.000000,320,380,380,430,430,430,430,430,430,430,430,203,0,300,356.3645320197044,147,885,9839.36945812808
1637174434,1,POST,/,0.200000,0.000000,1000,1000,1100,1100,1100,1100,1100,1100,1100,1100,1100,29,0,870,870.6206896551724,496,2059,9526.448275862069
1637174434,1,GET,/auth/find-friends/,0.800000,0.000000,280,280,290,290,300,300,300,300,300,300,300,248,0,190,242.625,94,1145,1974.0
1637174434,1,GET,/auth/login/,0.000000,0.000000,0,0,0,0,0,0,0,0,0,0,0,1,0,597,597.0,597,597,2961.0
1637174434,1,POST,/auth/login/,0.100000,0.000000,1100,1100,1100,1100,1100,1100,1100,1100,1100,1100,1100,27,0,570,656.6666666666666,227,1812,10079.888888888889
1637174434,1,GET,/auth/logout/,0.000000,0.000000,160,160,160,160,160,160,160,160,160,160,160,27,0,98,126.14814814814815,9,430,1712.0
1637174434,1,POST,/auth/modify-friend/,0.400000,0.000000,270,270,380,380,380,380,380,380,380,380,380,124,0,260,284.491935483871,136,770,1713.0
1637174434,1,GET,/public/,0.400000,0.000000,380,380,400,400,400,400,400,400,400,400,400,124,0,280,351.0403225806452,160,1191,10187.967741935483
1637174434,1,,Aggregated,2.800000,0.000000,300,380,380,400,810,1000,1100,1100,1100,1100,1100,783,0,260,329.88505747126436,9,2059,5824.103448275862
1637174435,1,GET,/,0.900000,0.000000,380,380,430,430,430,430,430,430,430,430,430,203,0,300,356.3645320197044,147,885,9839.36945812808
1637174435,1,POST,/,0.300000,0.000000,1000,1000,1100,1100,1100,1100,1100,1100,1100,1100,1100,29,0,870,870.6206896551724,496,2059,9526.448275862069
1637174435,1,GET,/auth/find-friends/,0.600000,0.000000,270,280,290,290,300,300,300,300,300,300,300,250,0,190,241.444,94,1145,1974.0
1637174435,1,GET,/auth/login/,0.000000,0.000000,0,0,0,0,0,0,0,0,0,0,0,1,0,597,597.0,597,597,2961.0
1637174435,1,POST,/auth/login/,0.000000,0.000000,1100,1100,1100,1100,1100,1100,1100,1100,1100,1100,1100,28,0,550,642.3571428571429,227,1812,10094.714285714286
1637174435,1,GET,/auth/logout/,0.000000,0.000000,160,160,160,160,160,160,160,160,160,160,160,27,0,98,126.14814814814815,9,430,1712.0
1637174435,1,POST,/auth/modify-friend/,0.400000,0.000000,270,270,380,380,380,380,380,380,380,380,380,125,0,260,283.296,135,770,1713.0
1637174435,1,GET,/public/,0.300000,0.000000,310,380,380,400,400,400,400,400,400,400,400,126,0,280,348.5079365079365,160,1191,10192.626984126984
1637174435,1,,Aggregated,2.500000,0.000000,270,300,380,400,810,1000,1100,1100,1100,1100,1100,789,0,260,328.59822560202787,9,2059,5826.859315589353
1637174436,1,GET,/,0.800000,0.000000,400,400,430,430,430,430,430,430,430,430,430,204,0,300,356.578431372549,147,885,9843.779411764706
1637174436,1,POST,/,0.300000,0.000000,1000,1000,1100,1100,1100,1100,1100,1100,1100,1100,1100,29,0,870,870.6206896551724,496,2059,9526.448275862069
1637174436,1,GET,/auth/find-friends/,0.600000,0.000000,180,270,280,290,300,300,300,300,300,300,300,252,0,190,240.42857142857142,94,1145,1974.0
1637174436,1,GET,/auth/login/,0.000000,0.000000,0,0,0,0,0,0,0,0,0,0,0,1,0,597,597.0,597,597,2961.0
1637174436,1,POST,/auth/login/,0.000000,0.000000,1100,1100,1100,1100,1100,1100,1100,1100,1100,1100,1100,28,0,550,642.3571428571429,227,1812,10094.714285714286
1637174436,1,GET,/auth/logout/,0.100000,0.000000,98,98,98,98,98,98,98,98,98,98,98,27,0,98,126.14814814814815,9,430,1712.0
1637174436,1,POST,/auth/modify-friend/,0.300000,0.000000,270,320,320,380,380,380,380,380,380,380,380,126,0,260,283.56349206349205,135,770,1713.0
1637174436,1,GET,/public/,0.300000,0.000000,380,380,400,400,400,400,400,400,400,400,400,126,0,280,348.5079365079365,160,1191,10192.626984126984
1637174436,1,,Aggregated,2.400000,0.000000,270,380,400,400,810,1000,1100,1100,1100,1100,1100,793,0,260,328.1311475409836,9,2059,5818.148802017655
1637174437,1,GET,/,0.800000,0.000000,400,400,430,430,430,430,430,430,430,430,430,204,0,300,356.578431372549,147,885,9843.779411764706
1637174437,1,POST,/,0.300000,0.000000,1000,1000,1100,1100,1100,1100,1100,1100,1100,1100,1100,29,0,870,870.6206896551724,496,2059,9526.448275862069
1637174437,1,GET,/auth/find-friends/,0.600000,0.000000,170,180,270,270,280,280,280,280,280,280,280,252,0,190,240.42857142857142,94,1145,1974.0
1637174437,1,GET,/auth/login/,0.000000,0.000000,0,0,0,0,0,0,0,0,0,0,0,1,0,597,597.0,597,597,2961.0
1637174437,1,POST,/auth/login/,0.000000,0.000000,260,260,260,260,260,260,260,260,260,260,260,28,0,550,642.3571428571429,227,1812,10094.714285714286
1637174437,1,GET,/auth/logout/,0.100000,0.000000,180,180,180,180,180,180,180,180,180,180,180,28,0,98,128.0,9,430,1712.0
1637174437,1,POST,/auth/modify-friend/,0.300000,0.000000,320,320,380,380,380,380,380,380,380,380,380,126,0,260,283.56349206349205,135,770,1713.0
1637174437,1,GET,/public/,0.300000,0.000000,380,380,400,400,400,400,400,400,400,400,400,126,0,280,348.5079365079365,160,1191,10192.626984126984
1637174437,1,,Aggregated,2.400000,0.000000,270,320,380,400,430,810,1000,1000,1000,1000,1000,794,0,260,327.9420654911839,9,2059,5812.977329974811
1637174438,1,GET,/,0.500000,0.000000,400,400,430,430,430,430,430,430,430,430,430,205,0,300,356.1756097560976,147,885,9848.4
1637174438,1,POST,/,0.300000,0.000000,1000,1000,1100,1100,1100,1100,1100,1100,1100,1100,1100,29,0,870,870.6206896551724,496,2059,9526.448275862069
1637174438,1,GET,/auth/find-friends/,0.800000,0.000000,130,130,170,170,180,180,180,180,180,180,180,252,0,190,240.42857142857142,94,1145,1974.0
1637174438,1,GET,/auth/login/,0.000000,0.000000,0,0,0,0,0,0,0,0,0,0,0,1,0,597,597.0,597,597,2961.0
1637174438,1,POST,/auth/login/,0.100000,0.000000,480,480,480,480,480,480,480,480,480,480,480,29,0,550,636.8965517241379,227,1812,10118.724137931034
1637174438,1,GET,/auth/logout/,0.100000,0.000000,180,180,180,180,180,180,180,180,180,180,180,28,0,98,128.0,9,430,1712.0
1637174438,1,POST,/auth/modify-friend/,0.400000,0.000000,320,320,380,380,380,380,380,380,380,380,380,126,0,260,283.56349206349205,135,770,1713.0
1637174438,1,GET,/public/,0.400000,0.000000,190,190,380,380,380,380,380,380,380,380,380,126,0,280,348.5079365079365,160,1191,10192.626984126984
1637174438,1,,Aggregated,2.600000,0.000000,260,380,380,400,480,810,1000,1000,1000,1000,1000,796,0,260,328.07035175879395,9,2059,5825.484924623115
1637174439,1,GET,/,0.300000,0.000000,400,400,430,430,430,430,430,430,430,430,430,205,0,300,356.1756097560976,147,885,9848.4
1637174439,1,POST,/,0.300000,0.000000,1000,1000,1000,1000,1000,1000,1000,1000,1000,1000,1000,29,0,870,870.6206896551724,496,2059,9526.448275862069
1637174439,1,GET,/auth/find-friends/,1.000000,0.000000,96,130,130,180,180,180,180,180,180,180,180,252,0,190,240.42857142857142,94,1145,1974.0
1637174439,1,GET,/auth/login/,0.000000,0.000000,0,0,0,0,0,0,0,0,0,0,0,1,0,597,597.0,597,597,2961.0
1637174439,1,POST,/auth/login/,0.100000,0.000000,480,480,480,480,480,480,480,480,480,480,480,29,0,550,636.8965517241379,227,1812,10118.724137931034
1637174439,1,GET,/auth/logout/,0.100000,0.000000,130,130,180,180,180,180,180,180,180,180,180,29,0,110,128.06896551724137,9,430,1712.0
1637174439,1,POST,/auth/modify-friend/,0.500000,0.000000,270,270,320,320,320,320,320,320,320,320,320,126,0,260,283.56349206349205,135,770,1713.0
1637174439,1,GET,/public/,0.400000,0.000000,190,190,380,380,380,380,380,380,380,380,380,126,0,280,348.5079365079365,160,1191,10192.626984126984
1637174439,1,,Aggregated,2.700000,0.000000,190,270,380,400,480,810,1000,1000,1000,1000,1000,797,0,260,327.8218318695107,9,2059,5820.323713927227
1637174440,1,GET,/,0.300000,0.000000,380,400,400,430,430,430,430,430,430,430,430,206,0,300,355.9854368932039,147,885,9851.558252427185
1637174440,1,POST,/,0.300000,0.000000,1000,1000,1000,1000,1000,1000,1000,1000,1000,1000,1000,29,0,870,870.6206896551724,496,2059,9526.448275862069
1637174440,1,GET,/auth/find-friends/,0.800000,0.000000,96,130,130,180,180,180,180,180,180,180,180,252,0,190,240.42857142857142,94,1145,1974.0
1637174440,1,GET,/auth/login/,0.000000,0.000000,0,0,0,0,0,0,0,0,0,0,0,1,0,597,597.0,597,597,2961.0
1637174440,1,POST,/auth/login/,0.100000,0.000000,370,370,480,480,480,480,480,480,480,480,480,30,0,480,627.8666666666667,227,1812,10134.8
1637174440,1,GET,/auth/logout/,0.200000,0.000000,130,130,180,180,180,180,180,180,180,180,180,29,0,110,128.06896551724137,9,430,1712.0
1637174440,1,POST,/auth/modify-friend/,0.400000,0.000000,270,270,320,320,320,320,320,320,320,320,320,126,0,260,283.56349206349205,135,770,1713.0
1637174440,1,GET,/public/,0.400000,0.000000,190,190,380,380,380,380,380,380,380,380,380,126,0,280,348.5079365079365,160,1191,10192.626984126984
1637174440,1,,Aggregated,2.500000,0.000000,260,320,400,430,810,1000,1000,1000,1000,1000,1000,799,0,260,327.8560700876095,9,2059,5832.162703379224
1637174441,1,GET,/,0.400000,0.000000,360,400,400,430,430,430,430,430,430,430,430,207,0,300,356.0096618357488,147,885,9853.63768115942
1637174441,1,POST,/,0.200000,0.000000,810,810,810,810,810,810,810,810,810,810,810,29,0,870,870.6206896551724,496,2059,9526.448275862069
1637174441,1,GET,/auth/find-friends/,0.600000,0.000000,130,180,180,180,220,220,220,220,220,220,220,254,0,190,240.10236220472441,94,1145,1974.0
1637174441,1,GET,/auth/login/,0.000000,0.000000,0,0,0,0,0,0,0,0,0,0,0,1,0,597,597.0,597,597,2961.0
1637174441,1,POST,/auth/login/,0.200000,0.000000,370,370,480,480,480,480,480,480,480,480,480,30,0,480,627.8666666666667,227,1812,10134.8
1637174441,1,GET,/auth/logout/,0.300000,0.000000,130,130,180,180,180,180,180,180,180,180,180,29,0,110,128.06896551724137,9,430,1712.0
1637174441,1,POST,/auth/modify-friend/,0.400000,0.000000,270,270,320,320,320,320,320,320,320,320,320,127,0,260,282.4173228346457,135,770,1713.0
1637174441,1,GET,/public/,0.300000,0.000000,190,190,360,360,360,360,360,360,360,360,360,127,0,280,348.56692913385825,160,1191,10191.51968503937
1637174441,1,,Aggregated,2.400000,0.000000,220,320,360,370,430,480,810,810,810,810,810,804,0,260,327.3756218905473,9,2059,5828.225124378109
1637174442,1,GET,/,0.500000,0.000000,360,360,400,400,430,430,430,430,430,430,430,208,0,300,355.25,147,885,9855.014423076924
1637174442,1,POST,/,0.200000,0.000000,810,810,810,810,810,810,810,810,810,810,810,29,0,870,870.6206896551724,496,2059,9526.448275862069
1637174442,1,GET,/auth/find-friends/,0.500000,0.000000,100,130,180,180,220,220,220,220,220,220,220,256,0,190,239.0,94,1145,1974.0
1637174442,1,GET,/auth/login/,0.000000,0.000000,0,0,0,0,0,0,0,0,0,0,0,1,0,597,597.0,597,597,2961.0
1637174442,1,POST,/auth/login/,0.300000,0.000000,370,370,480,480,480,480,480,480,480,480,480,30,0,480,627.8666666666667,227,1812,10134.8
1637174442,1,GET,/auth/logout/,0.300000,0.000000,130,130,180,180,180,180,180,180,180,180,180,29,0,110,128.06896551724137,9,430,1712.0
1637174442,1,POST,/auth/modify-friend/,0.300000,0.000000,140,140,320,320,320,320,320,320,320,320,320,128,0,250,281.2890625,135,770,1713.0
1637174442,1,GET,/public/,0.200000,0.000000,190,200,200,360,360,360,360,360,360,360,360,129,0,280,346.2015503875969,160,1191,10189.01550387597
1637174442,1,,Aggregated,2.300000,0.000000,190,220,320,320,370,400,480,480,480,480,480,810,0,260,326.09382716049384,9,2059,5829.325925925926
1637174443,1,GET,/,0.500000,0.000000,360,360,400,400,430,430,430,430,430,430,430,208,0,300,355.25,147,885,9855.014423076924
1637174443,1,POST,/,0.200000,0.000000,810,810,810,810,810,810,810,810,810,810,810,29,0,870,870.6206896551724,496,2059,9526.448275862069
1637174443,1,GET,/auth/find-friends/,0.500000,0.000000,120,130,180,220,280,280,280,280,280,280,280,258,0,190,238.6860465116279,94,1145,1974.0
1637174443,1,GET,/auth/login/,0.000000,0.000000,0,0,0,0,0,0,0,0,0,0,0,1,0,597,597.0,597,597,2961.0
1637174443,1,POST,/auth/login/,0.300000,0.000000,370,370,480,480,480,480,480,480,480,480,480,30,0,480,627.8666666666667,227,1812,10134.8
1637174443,1,GET,/auth/logout/,0.300000,0.000000,180,180,200,200,200,200,200,200,200,200,200,30,0,110,130.53333333333333,9,430,1712.0
1637174443,1,POST,/auth/modify-friend/,0.300000,0.000000,140,320,320,360,360,360,360,360,360,360,360,129,0,260,281.90697674418607,135,770,1713.0
1637174443,1,GET,/public/,0.200000,0.000000,190,200,200,360,360,360,360,360,360,360,360,129,0,280,346.2015503875969,160,1191,10189.01550387597
1637174443,1,,Aggregated,2.300000,0.000000,190,260,320,320,360,400,480,480,480,480,480,814,0,260,325.6707616707617,9,2059,5809.738329238329
1637174444,1,GET,/,0.500000,0.000000,320,360,360,400,400,400,400,400,400,400,400,208,0,300,355.25,147,885,9855.014423076924
1637174444,1,POST,/,0.200000,0.000000,810,810,810,810,810,810,810,810,810,810,810,29,0,870,870.6206896551724,496,2059,9526.448275862069
1637174444,1,GET,/auth/find-friends/,0.500000,0.000000,130,180,220,220,280,280,280,280,280,280,280,258,0,190,238.6860465116279,94,1145,1974.0
1637174444,1,GET,/auth/login/,0.000000,0.000000,0,0,0,0,0,0,0,0,0,0,0,1,0,597,597.0,597,597,2961.0
1637174444,1,POST,/auth/login/,0.300000,0.000000,370,370,480,480,480,480,480,480,480,480,480,30,0,480,627.8666666666667,227,1812,10134.8
1637174444,1,GET,/auth/logout/,0.300000,0.000000,180,180,200,200,200,200,200,200,200,200,200,30,0,110,130.53333333333333,9,430,1712.0
1637174444,1,POST,/auth/modify-friend/,0.300000,0.000000,320,320,360,360,360,360,360,360,360,360,360,129,0,260,281.90697674418607,135,770,1713.0
1637174444,1,GET,/public/,0.200000,0.000000,200,200,360,360,360,360,360,360,360,360,360,129,0,280,346.2015503875969,160,1191,10189.01550387597
1637174444,1,,Aggregated,2.300000,0.000000,200,280,320,360,370,400,480,480,480,480,480,814,0,260,325.6707616707617,9,2059,5809.738329238329
1637174445,1,GET,/,0.500000,0.000000,360,360,400,400,400,400,400,400,400,400,400,209,0,300,355.444976076555,147,885,9858.765550239234
1637174445,1,POST,/,0.000000,0.000000,810,810,810,810,810,810,810,810,810,810,810,29,0,870,870.6206896551724,496,2059,9526.448275862069
1637174445,1,GET,/auth/find-friends/,1.000000,0.000000,130,180,220,220,280,280,280,280,280,280,280,258,0,190,238.6860465116279,94,1145,1974.0
1637174445,1,GET,/auth/login/,0.000000,0.000000,0,0,0,0,0,0,0,0,0,0,0,1,0,597,597.0,597,597,2961.0
1637174445,1,POST,/auth/login/,0.300000,0.000000,480,480,680,680,680,680,680,680,680,680,680,31,0,550,629.7096774193549,227,1812,10150.90322580645
1637174445,1,GET,/auth/logout/,0.400000,0.000000,180,180,200,200,200,200,200,200,200,200,200,30,0,110,130.53333333333333,9,430,1712.0
1637174445,1,POST,/auth/modify-friend/,0.500000,0.000000,320,320,360,360,360,360,360,360,360,360,360,129,0,260,281.90697674418607,135,770,1713.0
1637174445,1,GET,/public/,0.500000,0.000000,200,200,360,360,360,360,360,360,360,360,360,129,0,280,346.2015503875969,160,1191,10189.01550387597
1637174445,1,,Aggregated,3.200000,0.000000,220,320,360,370,400,480,680,680,680,680,680,816,0,260,326.1973039215686,9,2059,5821.568627450981
1637174446,1,GET,/,0.500000,0.000000,310,320,360,360,400,400,400,400,400,400,400,212,0,300,354.4009433962264,147,885,9869.86320754717
1637174446,1,POST,/,0.000000,0.000000,810,810,810,810,810,810,810,810,810,810,810,29,0,870,870.6206896551724,496,2059,9526.448275862069
1637174446,1,GET,/auth/find-friends/,1.000000,0.000000,130,180,220,220,280,280,280,280,280,280,280,258,0,190,238.6860465116279,94,1145,1974.0
1637174446,1,GET,/auth/login/,0.000000,0.000000,0,0,0,0,0,0,0,0,0,0,0,1,0,597,597.0,597,597,2961.0
1637174446,1,POST,/auth/login/,0.300000,0.000000,480,480,680,680,680,680,680,680,680,680,680,31,0,550,629.7096774193549,227,1812,10150.90322580645
1637174446,1,GET,/auth/logout/,0.400000,0.000000,180,180,200,200,200,200,200,200,200,200,200,30,0,110,130.53333333333333,9,430,1712.0
1637174446,1,POST,/auth/modify-friend/,0.500000,0.000000,320,320,360,360,360,360,360,360,360,360,360,129,0,260,281.90697674418607,135,770,1713.0
1637174446,1,GET,/public/,0.500000,0.000000,200,200,360,360,360,360,360,360,360,360,360,129,0,280,346.2015503875969,160,1191,10189.01550387597
1637174446,1,,Aggregated,3.200000,0.000000,260,310,360,360,400,480,680,680,680,680,680,819,0,260,326.03418803418805,9,2059,5839.2295482295485
1637174447,1,GET,/,0.500000,0.000000,310,320,360,360,400,400,400,400,400,400,400,212,0,300,354.4009433962264,147,885,9869.86320754717
1637174447,1,POST,/,0.000000,0.000000,810,810,810,810,810,810,810,810,810,810,810,29,0,870,870.6206896551724,496,2059,9526.448275862069
1637174447,1,GET,/auth/find-friends/,1.000000,0.000000,180,180,220,220,280,280,280,280,280,280,280,258,0,190,238.6860465116279,94,1145,1974.0
1637174447,1,GET,/auth/login/,0.000000,0.000000,0,0,0,0,0,0,0,0,0,0,0,1,0,597,597.0,597,597,2961.0
1637174447,1,POST,/auth/login/,0.300000,0.000000,480,480,680,680,680,680,680,680,680,680,680,31,0,550,629.7096774193549,227,1812,10150.90322580645
1637174447,1,GET,/auth/logout/,0.300000,0.000000,200,200,200,200,200,200,200,200,200,200,200,31,0,130,132.61290322580646,9,430,1712.0
1637174447,1,POST,/auth/modify-friend/,0.500000,0.000000,320,320,360,360,360,360,360,360,360,360,360,129,0,260,281.90697674418607,135,770,1713.0
1637174447,1,GET,/public/,0.500000,0.000000,200,200,360,360,360,360,360,360,360,360,360,129,0,280,346.2015503875969,160,1191,10189.01550387597
1637174447,1,,Aggregated,3.100000,0.000000,220,280,360,360,370,400,680,680,680,680,680,820,0,260,325.87439024390244,9,2059,5834.196341463415
1637174448,1,GET,/,0.500000,0.000000,310,320,360,360,400,400,400,400,400,400,400,212,0,300,354.4009433962264,147,885,9869.86320754717
1637174448,1,POST,/,0.000000,0.000000,810,810,810,810,810,810,810,810,810,810,810,29,0,870,870.6206896551724,496,2059,9526.448275862069
1637174448,1,GET,/auth/find-friends/,0.800000,0.000000,180,180,220,220,280,280,280,280,280,280,280,258,0,190,238.6860465116279,94,1145,1974.0
1637174448,1,GET,/auth/login/,0.000000,0.000000,0,0,0,0,0,0,0,0,0,0,0,1,0,597,597.0,597,597,2961.0
1637174448,1,POST,/auth/login/,0.300000,0.000000,390,390,680,680,680,680,680,680,680,680,680,32,0,480,622.34375,227,1812,10168.8125
1637174448,1,GET,/auth/logout/,0.300000,0.000000,200,200,200,200,200,200,200,200,200,200,200,32,0,110,131.375,9,430,1712.0
1637174448,1,POST,/auth/modify-friend/,0.400000,0.000000,140,140,360,360,360,360,360,360,360,360,360,129,0,260,281.90697674418607,135,770,1713.0
1637174448,1,GET,/public/,0.400000,0.000000,200,200,360,360,360,360,360,360,360,360,360,129,0,280,346.2015503875969,160,1191,10189.01550387597
1637174448,1,,Aggregated,2.700000,0.000000,220,310,360,360,390,400,680,680,680,680,680,822,0,260,325.67396593673965,9,2059,5835.130170316302
1637174449,1,GET,/,0.800000,0.000000,310,310,360,360,400,400,400,400,400,400,400,212,0,300,354.4009433962264,147,885,9869.86320754717
1637174449,1,POST,/,0.000000,0.000000,810,810,810,810,810,810,810,810,810,810,810,29,0,870,870.6206896551724,496,2059,9526.448275862069
1637174449,1,GET,/auth/find-friends/,0.600000,0.000000,180,180,220,220,280,280,280,280,280,280,280,258,0,190,238.6860465116279,94,1145,1974.0
1637174449,1,GET,/auth/login/,0.000000,0.000000,0,0,0,0,0,0,0,0,0,0,0,1,0,597,597.0,597,597,2961.0
1637174449,1,POST,/auth/login/,0.300000,0.000000,390,390,680,680,680,680,680,680,680,680,680,33,0,480,611.060606060606,227,1812,10185.787878787878
1637174449,1,GET,/auth/logout/,0.300000,0.000000,200,200,200,200,200,200,200,200,200,200,200,32,0,110,131.375,9,430,1712.0
1637174449,1,POST,/auth/modify-friend/,0.300000,0.000000,140,140,360,360,360,360,360,360,360,360,360,129,0,260,281.90697674418607,135,770,1713.0
1637174449,1,GET,/public/,0.300000,0.000000,200,200,360,360,360,360,360,360,360,360,360,130,0,280,345.03076923076924,160,1191,10188.930769230768
1637174449,1,,Aggregated,2.600000,0.000000,200,280,310,360,390,400,680,680,680,680,680,824,0,260,325.42233009708735,9,2059,5846.339805825242
1637174450,1,GET,/,0.800000,0.000000,280,310,310,400,400,400,400,400,400,400,400,212,0,300,354.4009433962264,147,885,9869.86320754717
1637174450,1,POST,/,0.000000,0.000000,0,0,0,0,0,0,0,0,0,0,0,29,0,870,870.6206896551724,496,2059,9526.448275862069
1637174450,1,GET,/auth/find-friends/,0.600000,0.000000,100,120,260,260,280,280,280,280,280,280,280,261,0,190,237.67816091954023,94,1145,1974.0
1637174450,1,GET,/auth/login/,0.000000,0.000000,0,0,0,0,0,0,0,0,0,0,0,1,0,597,597.0,597,597,2961.0
1637174450,1,POST,/auth/login/,0.300000,0.000000,390,390,680,680,680,680,680,680,680,680,680,33,0,480,611.060606060606,227,1812,10185.787878787878
1637174450,1,GET,/auth/logout/,0.300000,0.000000,200,200,200,200,200,200,200,200,200,200,200,32,0,110,131.375,9,430,1712.0
1637174450,1,POST,/auth/modify-friend/,0.300000,0.000000,140,140,360,360,360,360,360,360,360,360,360,130,0,250,280.8076923076923,135,770,1713.0
1637174450,1,GET,/public/,0.300000,0.000000,200,200,230,230,230,230,230,230,230,230,230,131,0,280,344.1526717557252,160,1191,10188.862595419847
1637174450,1,,Aggregated,2.600000,0.000000,200,260,280,280,390,400,680,680,680,680,680,829,0,260,324.45114595898673,9,2059,5832.568154402895
1637174451,1,GET,/,0.700000,0.000000,280,310,310,400,400,400,400,400,400,400,400,212,0,300,354.4009433962264,147,885,9869.86320754717
1637174451,1,POST,/,0.000000,0.000000,0,0,0,0,0,0,0,0,0,0,0,29,0,870,870.6206896551724,496,2059,9526.448275862069
1637174451,1,GET,/auth/find-friends/,0.600000,0.000000,200,260,280,280,280,280,280,280,280,280,280,263,0,190,237.70342205323195,94,1145,1974.0
1637174451,1,GET,/auth/login/,0.000000,0.000000,0,0,0,0,0,0,0,0,0,0,0,1,0,597,597.0,597,597,2961.0
1637174451,1,POST,/auth/login/,0.300000,0.000000,390,390,680,680,680,680,680,680,680,680,680,33,0,480,611.060606060606,227,1812,10185.787878787878
1637174451,1,GET,/auth/logout/,0.400000,0.000000,200,200,200,200,200,200,200,200,200,200,200,32,0,110,131.375,9,430,1712.0
1637174451,1,POST,/auth/modify-friend/,0.300000,0.000000,210,210,360,360,360,360,360,360,360,360,360,131,0,250,280.2977099236641,135,770,1713.0
1637174451,1,GET,/public/,0.300000,0.000000,230,230,270,270,270,270,270,270,270,270,270,132,0,280,343.5984848484849,160,1191,10187.530303030304
1637174451,1,,Aggregated,2.600000,0.000000,250,270,280,310,390,400,680,680,680,680,680,833,0,260,324.05402160864344,9,2059,5823.376950780312
1637174452,1,GET,/,0.700000,0.000000,300,300,310,310,400,400,400,400,400,400,400,213,0,300,354.1220657276995,147,885,9872.845070422536
1637174452,1,POST,/,0.000000,0.000000,0,0,0,0,0,0,0,0,0,0,0,29,0,870,870.6206896551724,496,2059,9526.448275862069
1637174452,1,GET,/auth/find-friends/,0.600000,0.000000,260,280,280,280,480,480,480,480,480,480,480,264,0,190,238.61742424242425,94,1145,1974.0
1637174452,1,GET,/auth/login/,0.000000,0.000000,0,0,0,0,0,0,0,0,0,0,0,1,0,597,597.0,597,597,2961.0
1637174452,1,POST,/auth/login/,0.400000,0.000000,390,390,680,680,680,680,680,680,680,680,680,33,0,480,611.060606060606,227,1812,10185.787878787878
1637174452,1,GET,/auth/logout/,0.300000,0.000000,200,200,200,200,200,200,200,200,200,200,200,32,0,110,131.375,9,430,1712.0
1637174452,1,POST,/auth/modify-friend/,0.300000,0.000000,230,230,360,360,360,360,360,360,360,360,360,132,0,240,279.8863636363636,135,770,1713.0
1637174452,1,GET,/public/,0.300000,0.000000,230,230,270,270,270,270,270,270,270,270,270,132,0,280,343.5984848484849,160,1191,10187.530303030304
1637174452,1,,Aggregated,2.600000,0.000000,250,280,300,310,400,480,680,680,680,680,680,836,0,260,324.0873205741627,9,2059,5819.455741626794
1637174453,1,GET,/,0.500000,0.000000,300,310,310,400,400,400,400,400,400,400,400,213,0,300,354.1220657276995,147,885,9872.845070422536
1637174453,1,POST,/,0.000000,0.000000,0,0,0,0,0,0,0,0,0,0,0,29,0,870,870.6206896551724,496,2059,9526.448275862069
1637174453,1,GET,/auth/find-friends/,0.900000,0.000000,280,280,280,340,480,480,480,480,480,480,480,266,0,190,239.11654135338347,94,1145,1974.0
1637174453,1,GET,/auth/login/,0.000000,0.000000,0,0,0,0,0,0,0,0,0,0,0,1,0,597,597.0,597,597,2961.0
1637174453,1,POST,/auth/login/,0.300000,0.000000,390,390,680,680,680,680,680,680,680,680,680,33,0,480,611.060606060606,227,1812,10185.787878787878
1637174453,1,GET,/auth/logout/,0.300000,0.000000,200,200,200,200,200,200,200,200,200,200,200,32,0,110,131.375,9,430,1712.0
1637174453,1,POST,/auth/modify-friend/,0.500000,0.000000,220,230,230,360,360,360,360,360,360,360,360,133,0,240,279.3984962406015,135,770,1713.0
1637174453,1,GET,/public/,0.500000,0.000000,230,270,270,300,300,300,300,300,300,300,300,133,0,280,343.2857142857143,160,1191,10185.75939849624
1637174453,1,,Aggregated,3.000000,0.000000,260,280,300,310,400,480,680,680,680,680,680,840,0,260,323.8857142857143,9,2059,5810.330952380952
1637174454,1,GET,/,0.500000,0.000000,300,310,310,400,400,400,400,400,400,400,400,213,0,300,354.1220657276995,147,885,9872.845070422536
1637174454,1,POST,/,0.000000,0.000000,0,0,0,0,0,0,0,0,0,0,0,29,0,870,870.6206896551724,496,2059,9526.448275862069
1637174454,1,GET,/auth/find-friends/,0.900000,0.000000,280,280,290,290,340,480,480,480,480,480,480,268,0,190,239.48880597014926,94,1145,1974.0
1637174454,1,GET,/auth/login/,0.000000,0.000000,0,0,0,0,0,0,0,0,0,0,0,1,0,597,597.0,597,597,2961.0
1637174454,1,POST,/auth/login/,0.300000,0.000000,390,390,680,680,680,680,680,680,680,680,680,33,0,480,611.060606060606,227,1812,10185.787878787878
1637174454,1,GET,/auth/logout/,0.300000,0.000000,200,200,200,200,200,200,200,200,200,200,200,32,0,110,131.375,9,430,1712.0
1637174454,1,POST,/auth/modify-friend/,0.500000,0.000000,220,230,230,360,360,360,360,360,360,360,360,133,0,240,279.3984962406015,135,770,1713.0
1637174454,1,GET,/public/,0.500000,0.000000,270,270,300,300,320,320,320,320,320,320,320,134,0,280,343.089552238806,160,1191,10185.246268656716
1637174454,1,,Aggregated,3.000000,0.000000,270,290,300,310,390,400,480,480,480,480,480,843,0,260,323.7947805456702,9,2059,5806.338078291815
1637174455,1,GET,/,0.500000,0.000000,290,300,310,310,400,400,400,400,400,400,400,215,0,300,353.4697674418605,147,885,9876.432558139535
1637174455,1,POST,/,0.000000,0.000000,0,0,0,0,0,0,0,0,0,0,0,29,0,870,870.6206896551724,496,2059,9526.448275862069
1637174455,1,GET,/auth/find-friends/,0.800000,0.000000,280,290,290,340,480,480,480,480,480,480,480,268,0,190,239.48880597014926,94,1145,1974.0
1637174455,1,GET,/auth/login/,0.000000,0.000000,0,0,0,0,0,0,0,0,0,0,0,1,0,597,597.0,597,597,2961.0
1637174455,1,POST,/auth/login/,0.300000,0.000000,390,390,390,390,390,390,390,390,390,390,390,33,0,480,611.060606060606,227,1812,10185.787878787878
1637174455,1,GET,/auth/logout/,0.300000,0.000000,200,200,200,200,200,200,200,200,200,200,200,32,0,110,131.375,9,430,1712.0
1637174455,1,POST,/auth/modify-friend/,0.400000,0.000000,220,230,230,320,320,320,320,320,320,320,320,134,0,240,279.7089552238806,135,770,1713.0
1637174455,1,GET,/public/,0.400000,0.000000,270,300,300,320,320,320,320,320,320,320,320,134,0,280,343.089552238806,160,1191,10185.246268656716
1637174455,1,,Aggregated,2.700000,0.000000,270,290,300,300,340,390,480,480,480,480,480,846,0,260,323.69739952718675,9,2059,5812.024822695035
1637174456,1,GET,/,0.500000,0.000000,300,310,320,370,400,400,400,400,400,400,400,217,0,300,353.38709677419354,147,885,9879.921658986175
1637174456,1,POST,/,0.000000,0.000000,0,0,0,0,0,0,0,0,0,0,0,29,0,870,870.6206896551724,496,2059,9526.448275862069
1637174456,1,GET,/auth/find-friends/,1.000000,0.000000,280,290,290,290,340,480,480,480,480,480,480,269,0,190,239.2193308550186,94,1145,1974.0
1637174456,1,GET,/auth/login/,0.000000,0.000000,0,0,0,0,0,0,0,0,0,0,0,1,0,597,597.0,597,597,2961.0
1637174456,1,POST,/auth/login/,0.300000,0.000000,390,390,390,390,390,390,390,390,390,390,390,33,0,480,611.060606060606,227,1812,10185.787878787878
1637174456,1,GET,/auth/logout/,0.200000,0.000000,93,93,93,93,93,93,93,93,93,93,93,32,0,110,131.375,9,430,1712.0
1637174456,1,POST,/auth/modify-friend/,0.400000,0.000000,220,230,230,320,320,320,320,320,320,320,320,134,0,240,279.7089552238806,135,770,1713.0
1637174456,1,GET,/public/,0.500000,0.000000,300,300,320,320,350,350,350,350,350,350,350,135,0,280,343.14814814814815,160,1191,10185.466666666667
1637174456,1,,Aggregated,2.900000,0.000000,280,290,320,320,370,390,480,480,480,480,480,850,0,260,323.59411764705885,9,2059,5823.143529411765
1637174457,1,GET,/,0.700000,0.000000,300,310,320,370,400,400,400,400,400,400,400,217,0,300,353.38709677419354,147,885,9879.921658986175
1637174457,1,POST,/,0.000000,0.000000,0,0,0,0,0,0,0,0,0,0,0,29,0,870,870.6206896551724,496,2059,9526.448275862069
1637174457,1,GET,/auth/find-friends/,1.000000,0.000000,260,280,290,290,340,480,480,480,480,480,480,271,0,190,238.97047970479704,94,1145,1974.0
1637174457,1,GET,/auth/login/,0.000000,0.000000,0,0,0,0,0,0,0,0,0,0,0,1,0,597,597.0,597,597,2961.0
1637174457,1,POST,/auth/login/,0.200000,0.000000,250,250,250,250,250,250,250,250,250,250,250,33,0,480,611.060606060606,227,1812,10185.787878787878
1637174457,1,GET,/auth/logout/,0.200000,0.000000,93,93,93,93,93,93,93,93,93,93,93,32,0,110,131.375,9,430,1712.0
1637174457,1,POST,/auth/modify-friend/,0.500000,0.000000,230,230,320,320,320,320,320,320,320,320,320,135,0,250,279.9925925925926,135,770,1713.0
1637174457,1,GET,/public/,0.500000,0.000000,300,300,320,320,350,350,350,350,350,350,350,136,0,280,342.8014705882353,160,1191,10185.926470588236
1637174457,1,,Aggregated,3.100000,0.000000,280,300,320,320,340,370,480,480,480,480,480,854,0,260,323.27868852459017,9,2059,5814.497658079626
1637174458,1,GET,/,0.700000,0.000000,300,300,320,320,370,370,370,370,370,370,370,218,0,300,353.0642201834862,147,885,9882.678899082568
1637174458,1,POST,/,0.000000,0.000000,0,0,0,0,0,0,0,0,0,0,0,29,0,870,870.6206896551724,496,2059,9526.448275862069
1637174458,1,GET,/auth/find-friends/,1.000000,0.000000,260,280,290,290,340,480,480,480,480,480,480,272,0,190,238.90441176470588,94,1145,1974.0
1637174458,1,GET,/auth/login/,0.000000,0.000000,0,0,0,0,0,0,0,0,0,0,0,1,0,597,597.0,597,597,2961.0
1637174458,1,POST,/auth/login/,0.200000,0.000000,250,250,250,250,250,250,250,250,250,250,250,33,0,480,611.060606060606,227,1812,10185.787878787878
1637174458,1,GET,/auth/logout/,0.200000,0.000000,93,93,93,93,93,93,93,93,93,93,93,32,0,110,131.375,9,430,1712.0
1637174458,1,POST,/auth/modify-friend/,0.500000,0.000000,230,320,320,320,320,320,320,320,320,320,320,136,0,250,280.29411764705884,135,770,1713.0
1637174458,1,GET,/public/,0.500000,0.000000,300,300,320,320,350,350,350,350,350,350,350,136,0,280,342.8014705882353,160,1191,10185.926470588236
1637174458,1,,Aggregated,3.100000,0.000000,280,300,320,320,340,370,480,480,480,480,480,857,0,260,323.10968494749125,9,2059,5810.6756126021
1637174459,1,GET,/,0.500000,0.000000,290,300,320,320,370,370,370,370,370,370,370,219,0,300,352.70319634703196,147,885,9885.803652968036
1637174459,1,POST,/,0.000000,0.000000,0,0,0,0,0,0,0,0,0,0,0,29,0,870,870.6206896551724,496,2059,9526.448275862069
1637174459,1,GET,/auth/find-friends/,1.200000,0.000000,270,280,290,290,340,480,480,480,480,480,480,274,0,190,238.7810218978102,94,1145,1974.0
1637174459,1,GET,/auth/login/,0.000000,0.000000,0,0,0,0,0,0,0,0,0,0,0,1,0,597,597.0,597,597,2961.0
1637174459,1,POST,/auth/login/,0.200000,0.000000,250,250,250,250,250,250,250,250,250,250,250,33,0,480,611.060606060606,227,1812,10185.787878787878
1637174459,1,GET,/auth/logout/,0.100000,0.000000,93,93,93,93,93,93,93,93,93,93,93,32,0,110,131.375,9,430,1712.0
1637174459,1,POST,/auth/modify-friend/,0.600000,0.000000,320,320,320,320,320,320,320,320,320,320,320,136,0,250,280.29411764705884,135,770,1713.0
1637174459,1,GET,/public/,0.700000,0.000000,310,310,320,320,350,350,350,350,350,350,350,137,0,280,342.5620437956204,160,1191,10187.583941605839
1637174459,1,,Aggregated,3.300000,0.000000,290,300,320,320,340,370,480,480,480,480,480,861,0,260,322.80255516840884,9,2059,5812.632984901277
1637174460,1,GET,/,0.500000,0.000000,300,320,330,370,420,420,420,420,420,420,420,221,0,300,352.8778280542986,147,885,9890.651583710407
1637174460,1,POST,/,0.000000,0.000000,0,0,0,0,0,0,0,0,0,0,0,29,0,870,870.6206896551724,496,2059,9526.448275862069
1637174460,1,GET,/auth/find-friends/,1.200000,0.000000,270,290,290,290,340,480,480,480,480,480,480,274,0,190,238.7810218978102,94,1145,1974.0
1637174460,1,GET,/auth/login/,0.000000,0.000000,0,0,0,0,0,0,0,0,0,0,0,1,0,597,597.0,597,597,2961.0
1637174460,1,POST,/auth/login/,0.200000,0.000000,250,250,250,250,250,250,250,250,250,250,250,33,0,480,611.060606060606,227,1812,10185.787878787878
1637174460,1,GET,/auth/logout/,0.100000,0.000000,93,93,93,93,93,93,93,93,93,93,93,32,0,110,131.375,9,430,1712.0
1637174460,1,POST,/auth/modify-friend/,0.600000,0.000000,320,320,320,320,320,320,320,320,320,320,320,137,0,250,279.84671532846716,135,770,1713.0
1637174460,1,GET,/public/,0.700000,0.000000,310,310,320,320,350,350,350,350,350,350,350,137,0,280,342.5620437956204,160,1191,10187.583941605839
1637174460,1,,Aggregated,3.300000,0.000000,290,320,320,320,350,420,480,480,480,480,480,864,0,260,322.7962962962963,9,2059,5818.556712962963
1637174461,1,GET,/,0.700000,0.000000,300,320,330,370,420,420,420,420,420,420,420,221,0,300,352.8778280542986,147,885,9890.651583710407
1637174461,1,POST,/,0.000000,0.000000,0,0,0,0,0,0,0,0,0,0,0,29,0,870,870.6206896551724,496,2059,9526.448275862069
1637174461,1,GET,/auth/find-friends/,1.500000,0.000000,230,270,290,290,290,340,340,340,340,340,340,276,0,190,238.5,94,1145,1974.0
1637174461,1,GET,/auth/login/,0.000000,0.000000,0,0,0,0,0,0,0,0,0,0,0,1,0,597,597.0,597,597,2961.0
1637174461,1,POST,/auth/login/,0.000000,0.000000,250,250,250,250,250,250,250,250,250,250,250,33,0,480,611.060606060606,227,1812,10185.787878787878
1637174461,1,GET,/auth/logout/,0.000000,0.000000,93,93,93,93,93,93,93,93,93,93,93,32,0,110,131.375,9,430,1712.0
1637174461,1,POST,/auth/modify-friend/,0.700000,0.000000,320,320,320,320,340,340,340,340,340,340,340,138,0,250,280.2536231884058,135,770,1713.0
1637174461,1,GET,/public/,0.800000,0.000000,320,320,350,350,440,440,440,440,440,440,440,138,0,280,343.28985507246375,160,1191,10186.81884057971
1637174461,1,,Aggregated,3.700000,0.000000,290,320,320,330,350,420,440,440,440,440,440,868,0,260,322.66705069124424,9,2059,5809.880184331797
1637174462,1,GET,/,0.700000,0.000000,330,370,390,400,420,420,420,420,420,420,420,223,0,300,353.2690582959641,147,885,9894.022421524664
1637174462,1,POST,/,0.000000,0.000000,0,0,0,0,0,0,0,0,0,0,0,29,0,870,870.6206896551724,496,2059,9526.448275862069
1637174462,1,GET,/auth/find-friends/,1.500000,0.000000,230,230,270,290,290,290,290,290,290,290,290,276,0,190,238.5,94,1145,1974.0
1637174462,1,GET,/auth/login/,0.000000,0.000000,0,0,0,0,0,0,0,0,0,0,0,1,0,597,597.0,597,597,2961.0
1637174462,1,POST,/auth/login/,0.000000,0.000000,250,250,250,250,250,250,250,250,250,250,250,33,0,480,611.060606060606,227,1812,10185.787878787878
1637174462,1,GET,/auth/logout/,0.000000,0.000000,93,93,93,93,93,93,93,93,93,93,93,32,0,110,131.375,9,430,1712.0
1637174462,1,POST,/auth/modify-friend/,0.700000,0.000000,320,320,320,320,340,340,340,340,340,340,340,138,0,250,280.2536231884058,135,770,1713.0
1637174462,1,GET,/public/,0.800000,0.000000,320,350,350,440,440,440,440,440,440,440,440,138,0,280,343.28985507246375,160,1191,10186.81884057971
1637174462,1,,Aggregated,3.700000,0.000000,290,320,330,340,390,420,440,440,440,440,440,870,0,260,322.8367816091954,9,2059,5820.125287356322
1637174463,1,GET,/,0.900000,0.000000,330,370,390,400,420,420,420,420,420,420,420,223,0,300,353.2690582959641,147,885,9894.022421524664
1637174463,1,POST,/,0.000000,0.000000,0,0,0,0,0,0,0,0,0,0,0,29,0,870,870.6206896551724,496,2059,9526.448275862069
1637174463,1,GET,/auth/find-friends/,1.300000,0.000000,220,230,270,270,290,290,290,290,290,290,290,278,0,190,238.0071942446043,94,1145,1974.0
1637174463,1,GET,/auth/login/,0.000000,0.000000,0,0,0,0,0,0,0,0,0,0,0,1,0,597,597.0,597,597,2961.0
1637174463,1,POST,/auth/login/,0.000000,0.000000,250,250,250,250,250,250,250,250,250,250,250,33,0,480,611.060606060606,227,1812,10185.787878787878
1637174463,1,GET,/auth/logout/,0.000000,0.000000,93,93,93,93,93,93,93,93,93,93,93,32,0,110,131.375,9,430,1712.0
1637174463,1,POST,/auth/modify-friend/,0.600000,0.000000,320,320,320,320,340,340,340,340,340,340,340,139,0,260,280.0863309352518,135,770,1713.0
1637174463,1,GET,/public/,0.600000,0.000000,350,350,440,440,580,580,580,580,580,580,580,139,0,290,344.978417266187,160,1191,10186.136690647481
1637174463,1,,Aggregated,3.400000,0.000000,290,320,340,350,400,440,580,580,580,580,580,874,0,260,322.70366132723115,9,2059,5811.512585812357
1637174464,1,GET,/,0.900000,0.000000,370,390,400,400,420,420,420,420,420,420,420,223,0,300,353.2690582959641,147,885,9894.022421524664
1637174464,1,POST,/,0.000000,0.000000,0,0,0,0,0,0,0,0,0,0,0,29,0,870,870.6206896551724,496,2059,9526.448275862069
1637174464,1,GET,/auth/find-friends/,1.300000,0.000000,180,190,230,230,230,270,270,270,270,270,270,280,0,190,237.5857142857143,94,1145,1974.0
1637174464,1,GET,/auth/login/,0.000000,0.000000,0,0,0,0,0,0,0,0,0,0,0,1,0,597,597.0,597,597,2961.0
1637174464,1,POST,/auth/login/,0.000000,0.000000,250,250,250,250,250,250,250,250,250,250,250,33,0,480,611.060606060606,227,1812,10185.787878787878
1637174464,1,GET,/auth/logout/,0.000000,0.000000,93,93,93,93,93,93,93,93,93,93,93,32,0,110,131.375,9,430,1712.0
1637174464,1,POST,/auth/modify-friend/,0.600000,0.000000,320,320,320,320,340,340,340,340,340,340,340,139,0,260,280.0863309352518,135,770,1713.0
1637174464,1,GET,/public/,0.600000,0.000000,410,410,440,440,580,580,580,580,580,580,580,140,0,290,345.4214285714286,160,1191,10186.635714285714
1637174464,1,,Aggregated,3.400000,0.000000,280,320,350,370,410,440,580,580,580,580,580,877,0,260,322.4720638540479,9,2059,5807.828962371722
1637174465,1,GET,/,1.000000,0.000000,330,370,390,400,420,420,420,420,420,420,420,224,0,300,353.16517857142856,147,885,9896.36607142857
1637174465,1,POST,/,0.000000,0.000000,0,0,0,0,0,0,0,0,0,0,0,29,0,870,870.6206896551724,496,2059,9526.448275862069
1637174465,1,GET,/auth/find-friends/,1.200000,0.000000,180,190,230,230,230,270,270,270,270,270,270,280,0,190,237.5857142857143,94,1145,1974.0
1637174465,1,GET,/auth/login/,0.000000,0.000000,0,0,0,0,0,0,0,0,0,0,0,1,0,597,597.0,597,597,2961.0
1637174465,1,POST,/auth/login/,0.000000,0.000000,250,250,250,250,250,250,250,250,250,250,250,33,0,480,611.060606060606,227,1812,10185.787878787878
1637174465,1,GET,/auth/logout/,0.000000,0.000000,0,0,0,0,0,0,0,0,0,0,0,32,0,110,131.375,9,430,1712.0
1637174465,1,POST,/auth/modify-friend/,0.600000,0.000000,320,320,320,320,340,340,340,340,340,340,340,140,0,260,279.98571428571427,135,770,1713.0
1637174465,1,GET,/public/,0.600000,0.000000,410,440,440,580,580,580,580,580,580,580,580,140,0,290,345.4214285714286,160,1191,10186.635714285714
1637174465,1,,Aggregated,3.400000,0.000000,270,320,330,390,420,440,580,580,580,580,580,879,0,260,322.41638225255974,9,2059,5808.41638225256
1637174466,1,GET,/,1.000000,0.000000,330,390,400,400,420,420,420,420,420,420,420,224,0,300,353.16517857142856,147,885,9896.36607142857
1637174466,1,POST,/,0.000000,0.000000,910,910,910,910,910,910,910,910,910,910,910,30,0,870,872.0666666666667,496,2059,9557.8
1637174466,1,GET,/auth/find-friends/,1.200000,0.000000,180,190,220,220,230,270,270,270,270,270,270,281,0,190,237.34163701067615,94,1145,1974.0
1637174466,1,GET,/auth/login/,0.000000,0.000000,0,0,0,0,0,0,0,0,0,0,0,1,0,597,597.0,597,597,2961.0
1637174466,1,POST,/auth/login/,0.000000,0.000000,0,0,0,0,0,0,0,0,0,0,0,33,0,480,611.060606060606,227,1812,10185.787878787878
1637174466,1,GET,/auth/logout/,0.000000,0.000000,0,0,0,0,0,0,0,0,0,0,0,32,0,110,131.375,9,430,1712.0
1637174466,1,POST,/auth/modify-friend/,0.600000,0.000000,270,320,320,340,340,340,340,340,340,340,340,140,0,260,279.98571428571427,135,770,1713.0
1637174466,1,GET,/public/,0.600000,0.000000,440,440,480,480,580,580,580,580,580,580,580,141,0,300,346.39716312056737,160,1191,10187.212765957447
1637174466,1,,Aggregated,3.400000,0.000000,270,330,390,410,480,580,910,910,910,910,910,882,0,260,323.0952380952381,9,2059,5814.407029478458
1637174467,1,GET,/,0.900000,0.000000,390,400,400,400,420,420,420,420,420,420,420,225,0,300,353.3688888888889,147,885,9898.76888888889
1637174467,1,POST,/,0.000000,0.000000,910,910,910,910,910,910,910,910,910,910,910,30,0,870,872.0666666666667,496,2059,9557.8
1637174467,1,GET,/auth/find-friends/,1.200000,0.000000,180,190,230,270,290,290,290,290,290,290,290,282,0,190,237.53191489361703,94,1145,1974.0
1637174467,1,GET,/auth/login/,0.000000,0.000000,0,0,0,0,0,0,0,0,0,0,0,1,0,597,597.0,597,597,2961.0
1637174467,1,POST,/auth/login/,0.000000,0.000000,0,0,0,0,0,0,0,0,0,0,0,33,0,480,611.060606060606,227,1812,10185.787878787878
1637174467,1,GET,/auth/logout/,0.000000,0.000000,0,0,0,0,0,0,0,0,0,0,0,33,0,130,131.42424242424244,9,430,1712.0
1637174467,1,POST,/auth/modify-friend/,0.600000,0.000000,270,270,320,320,340,340,340,340,340,340,340,141,0,260,279.5390070921986,135,770,1713.0
1637174467,1,GET,/public/,0.600000,0.000000,440,480,480,580,580,580,580,580,580,580,580,141,0,300,346.39716312056737,160,1191,10187.212765957447
1637174467,1,,Aggregated,3.300000,0.000000,270,340,400,410,480,580,910,910,910,910,910,886,0,260,322.8103837471783,9,2059,5806.030474040632
1637174468,1,GET,/,0.900000,0.000000,400,400,400,400,420,420,420,420,420,420,420,225,0,300,353.3688888888889,147,885,9898.76888888889
1637174468,1,POST,/,0.000000,0.000000,910,910,910,910,910,910,910,910,910,910,910,30,0,870,872.0666666666667,496,2059,9557.8
1637174468,1,GET,/auth/find-friends/,1.200000,0.000000,180,180,190,230,290,290,290,290,290,290,290,282,0,190,237.53191489361703,94,1145,1974.0
1637174468,1,GET,/auth/login/,0.000000,0.000000,0,0,0,0,0,0,0,0,0,0,0,1,0,597,597.0,597,597,2961.0
1637174468,1,POST,/auth/login/,0.000000,0.000000,0,0,0,0,0,0,0,0,0,0,0,33,0,480,611.060606060606,227,1812,10185.787878787878
1637174468,1,GET,/auth/logout/,0.000000,0.000000,130,130,130,130,130,130,130,130,130,130,130,33,0,130,131.42424242424244,9,430,1712.0
1637174468,1,POST,/auth/modify-friend/,0.600000,0.000000,260,270,270,340,340,340,340,340,340,340,340,141,0,260,279.5390070921986,135,770,1713.0
1637174468,1,GET,/public/,0.600000,0.000000,440,480,480,580,580,580,580,580,580,580,580,141,0,300,346.39716312056737,160,1191,10187.212765957447
1637174468,1,,Aggregated,3.300000,0.000000,290,390,400,410,480,580,910,910,910,910,910,886,0,260,322.8103837471783,9,2059,5806.030474040632
1637174469,1,GET,/,0.700000,0.000000,400,400,400,400,420,420,420,420,420,420,420,225,0,300,353.3688888888889,147,885,9898.76888888889
1637174469,1,POST,/,0.100000,0.000000,910,910,910,910,910,910,910,910,910,910,910,30,0,870,872.0666666666667,496,2059,9557.8
1637174469,1,GET,/auth/find-friends/,1.200000,0.000000,180,190,230,230,290,290,290,290,290,290,290,282,0,190,237.53191489361703,94,1145,1974.0
1637174469,1,GET,/auth/login/,0.000000,0.000000,0,0,0,0,0,0,0,0,0,0,0,1,0,597,597.0,597,597,2961.0
1637174469,1,POST,/auth/login/,0.000000,0.000000,820,820,820,820,820,820,820,820,820,820,820,34,0,480,617.0882352941177,227,1812,10189.058823529413
1637174469,1,GET,/auth/logout/,0.000000,0.000000,130,130,130,130,130,130,130,130,130,130,130,33,0,130,131.42424242424244,9,430,1712.0
1637174469,1,POST,/auth/modify-friend/,0.600000,0.000000,260,270,270,340,340,340,340,340,340,340,340,141,0,260,279.5390070921986,135,770,1713.0
1637174469,1,GET,/public/,0.600000,0.000000,480,480,580,580,580,580,580,580,580,580,580,141,0,300,346.39716312056737,160,1191,10187.212765957447
1637174469,1,,Aggregated,3.200000,0.000000,290,400,410,440,580,820,910,910,910,910,910,887,0,260,323.3664036076663,9,2059,5811.09357384442
1637174470,1,GET,/,0.700000,0.000000,400,400,400,740,740,740,740,740,740,740,740,226,0,300,355.0575221238938,147,885,9900.46017699115
1637174470,1,POST,/,0.100000,0.000000,910,910,910,910,910,910,910,910,910,910,910,30,0,870,872.0666666666667,496,2059,9557.8
1637174470,1,GET,/auth/find-friends/,1.200000,0.000000,180,190,230,230,290,290,290,290,290,290,290,282,0,190,237.53191489361703,94,1145,1974.0
1637174470,1,GET,/auth/login/,0.000000,0.000000,0,0,0,0,0,0,0,0,0,0,0,1,0,597,597.0,597,597,2961.0
1637174470,1,POST,/auth/login/,0.000000,0.000000,820,820,820,820,820,820,820,820,820,820,820,34,0,480,617.0882352941177,227,1812,10189.058823529413
1637174470,1,GET,/auth/logout/,0.000000,0.000000,130,130,130,130,130,130,130,130,130,130,130,33,0,130,131.42424242424244,9,430,1712.0
1637174470,1,POST,/auth/modify-friend/,0.600000,0.000000,270,270,340,340,340,340,340,340,340,340,340,141,0,260,279.5390070921986,135,770,1713.0
1637174470,1,GET,/public/,0.500000,0.000000,480,480,580,580,580,580,580,580,580,580,580,141,0,300,346.39716312056737,160,1191,10187.212765957447
1637174470,1,,Aggregated,3.100000,0.000000,330,400,410,480,740,820,910,910,910,910,910,888,0,260,323.8299549549549,9,2059,5816.127252252252
1637174471,1,GET,/,0.600000,0.000000,400,400,400,740,740,740,740,740,740,740,740,226,0,300,355.0575221238938,147,885,9900.46017699115
1637174471,1,POST,/,0.100000,0.000000,910,910,910,910,910,910,910,910,910,910,910,30,0,870,872.0666666666667,496,2059,9557.8
1637174471,1,GET,/auth/find-friends/,0.900000,0.000000,190,290,370,370,500,500,500,500,500,500,500,284,0,190,238.92253521126761,94,1145,1974.0
1637174471,1,GET,/auth/login/,0.000000,0.000000,0,0,0,0,0,0,0,0,0,0,0,1,0,597,597.0,597,597,2961.0
1637174471,1,POST,/auth/login/,0.100000,0.000000,820,820,820,820,820,820,820,820,820,820,820,34,0,480,617.0882352941177,227,1812,10189.058823529413
1637174471,1,GET,/auth/logout/,0.100000,0.000000,130,130,130,130,130,130,130,130,130,130,130,33,0,130,131.42424242424244,9,430,1712.0
1637174471,1,POST,/auth/modify-friend/,0.500000,0.000000,270,270,340,340,340,340,340,340,340,340,340,141,0,260,279.5390070921986,135,770,1713.0
1637174471,1,GET,/public/,0.400000,0.000000,580,580,580,580,580,580,580,580,580,580,580,142,0,300,348.0211267605634,160,1191,10188.133802816901
1637174471,1,,Aggregated,2.700000,0.000000,330,410,500,580,740,820,910,910,910,910,910,891,0,260,324.3636363636364,9,2059,5812.555555555556
1637174472,1,GET,/,0.600000,0.000000,400,400,740,740,740,740,740,740,740,740,740,226,0,300,355.0575221238938,147,885,9900.46017699115
1637174472,1,POST,/,0.100000,0.000000,910,910,910,910,910,910,910,910,910,910,910,30,0,870,872.0666666666667,496,2059,9557.8
1637174472,1,GET,/auth/find-friends/,0.900000,0.000000,290,290,370,370,500,500,500,500,500,500,500,284,0,190,238.92253521126761,94,1145,1974.0
1637174472,1,GET,/auth/login/,0.000000,0.000000,0,0,0,0,0,0,0,0,0,0,0,1,0,597,597.0,597,597,2961.0
1637174472,1,POST,/auth/login/,0.100000,0.000000,820,820,820,820,820,820,820,820,820,820,820,34,0,480,617.0882352941177,227,1812,10189.058823529413
1637174472,1,GET,/auth/logout/,0.100000,0.000000,130,130,130,130,130,130,130,130,130,130,130,33,0,130,131.42424242424244,9,430,1712.0
1637174472,1,POST,/auth/modify-friend/,0.500000,0.000000,270,270,580,580,580,580,580,580,580,580,580,142,0,260,281.65492957746477,135,770,1713.0
1637174472,1,GET,/public/,0.400000,0.000000,480,480,580,580,580,580,580,580,580,580,580,142,0,300,348.0211267605634,160,1191,10188.133802816901
1637174472,1,,Aggregated,2.700000,0.000000,370,480,580,580,820,910,910,910,910,910,910,892,0,260,324.6502242152466,9,2059,5807.959641255606
1637174473,1,GET,/,0.500000,0.000000,400,400,740,740,740,740,740,740,740,740,740,226,0,300,355.0575221238938,147,885,9900.46017699115
1637174473,1,POST,/,0.100000,0.000000,910,910,910,910,910,910,910,910,910,910,910,30,0,870,872.0666666666667,496,2059,9557.8
1637174473,1,GET,/auth/find-friends/,0.800000,0.000000,290,370,500,500,540,540,540,540,540,540,540,285,0,190,239.98245614035088,94,1145,1974.0
1637174473,1,GET,/auth/login/,0.000000,0.000000,0,0,0,0,0,0,0,0,0,0,0,1,0,597,597.0,597,597,2961.0
1637174473,1,POST,/auth/login/,0.100000,0.000000,820,820,820,820,820,820,820,820,820,820,820,34,0,480,617.0882352941177,227,1812,10189.058823529413
1637174473,1,GET,/auth/logout/,0.100000,0.000000,130,130,130,130,130,130,130,130,130,130,130,33,0,130,131.42424242424244,9,430,1712.0
1637174473,1,POST,/auth/modify-friend/,0.400000,0.000000,270,270,580,580,580,580,580,580,580,580,580,142,0,260,281.65492957746477,135,770,1713.0
1637174473,1,GET,/public/,0.400000,0.000000,560,560,580,580,580,580,580,580,580,580,580,143,0,300,349.4755244755245,160,1191,10188.20979020979
1637174473,1,,Aggregated,2.400000,0.000000,480,560,580,580,820,910,910,910,910,910,910,894,0,270,325.1510067114094,9,2059,5808.582774049217
1637174474,1,GET,/,0.500000,0.000000,400,400,740,740,740,740,740,740,740,740,740,226,0,300,355.0575221238938,147,885,9900.46017699115
1637174474,1,POST,/,0.100000,0.000000,910,910,910,910,910,910,910,910,910,910,910,30,0,870,872.0666666666667,496,2059,9557.8
1637174474,1,GET,/auth/find-friends/,0.700000,0.000000,500,500,520,520,540,540,540,540,540,540,540,286,0,190,240.95804195804195,94,1145,1974.0
1637174474,1,GET,/auth/login/,0.000000,0.000000,0,0,0,0,0,0,0,0,0,0,0,1,0,597,597.0,597,597,2961.0
1637174474,1,POST,/auth/login/,0.100000,0.000000,820,820,820,820,820,820,820,820,820,820,820,34,0,480,617.0882352941177,227,1812,10189.058823529413
1637174474,1,GET,/auth/logout/,0.100000,0.000000,130,130,130,130,130,130,130,130,130,130,130,33,0,130,131.42424242424244,9,430,1712.0
1637174474,1,POST,/auth/modify-friend/,0.400000,0.000000,580,580,590,590,590,590,590,590,590,590,590,143,0,260,283.8251748251748,135,770,1713.0
1637174474,1,GET,/public/,0.400000,0.000000,560,560,580,580,580,580,580,580,580,580,580,143,0,300,349.4755244755245,160,1191,10188.20979020979
1637174474,1,,Aggregated,2.300000,0.000000,520,580,580,590,820,910,910,910,910,910,910,896,0,270,325.66517857142856,9,2059,5799.732142857143
1637174475,1,GET,/,0.300000,0.000000,740,740,740,740,740,740,740,740,740,740,740,226,0,300,355.0575221238938,147,885,9900.46017699115
1637174475,1,POST,/,0.100000,0.000000,910,910,910,910,910,910,910,910,910,910,910,30,0,870,872.0666666666667,496,2059,9557.8
1637174475,1,GET,/auth/find-friends/,0.800000,0.000000,500,500,520,520,540,540,540,540,540,540,540,286,0,190,240.95804195804195,94,1145,1974.0
1637174475,1,GET,/auth/login/,0.000000,0.000000,0,0,0,0,0,0,0,0,0,0,0,1,0,597,597.0,597,597,2961.0
1637174475,1,POST,/auth/login/,0.100000,0.000000,820,820,820,820,820,820,820,820,820,820,820,34,0,480,617.0882352941177,227,1812,10189.058823529413
1637174475,1,GET,/auth/logout/,0.100000,0.000000,130,130,130,130,130,130,130,130,130,130,130,33,0,130,131.42424242424244,9,430,1712.0
1637174475,1,POST,/auth/modify-friend/,0.400000,0.000000,580,580,590,590,590,590,590,590,590,590,590,143,0,260,283.8251748251748,135,770,1713.0
1637174475,1,GET,/public/,0.400000,0.000000,580,580,690,690,690,690,690,690,690,690,690,144,0,300,351.8263888888889,160,1191,10186.694444444445
1637174475,1,,Aggregated,2.200000,0.000000,540,580,590,590,740,820,820,820,820,820,820,897,0,270,326.0691192865106,9,2059,5804.38127090301
1637174476,1,GET,/,0.300000,0.000000,740,740,740,740,740,740,740,740,740,740,740,226,0,300,355.0575221238938,147,885,9900.46017699115
1637174476,1,POST,/,0.100000,0.000000,910,910,910,910,910,910,910,910,910,910,910,30,0,870,872.0666666666667,496,2059,9557.8
1637174476,1,GET,/auth/find-friends/,0.600000,0.000000,520,540,610,610,820,820,820,820,820,820,820,288,0,190,244.25347222222223,94,1145,1974.0
1637174476,1,GET,/auth/login/,0.000000,0.000000,0,0,0,0,0,0,0,0,0,0,0,1,0,597,597.0,597,597,2961.0
1637174476,1,POST,/auth/login/,0.100000,0.000000,820,820,820,820,820,820,820,820,820,820,820,34,0,480,617.0882352941177,227,1812,10189.058823529413
1637174476,1,GET,/auth/logout/,0.100000,0.000000,130,130,130,130,130,130,130,130,130,130,130,33,0,130,131.42424242424244,9,430,1712.0
1637174476,1,POST,/auth/modify-friend/,0.400000,0.000000,580,580,590,590,590,590,590,590,590,590,590,143,0,260,283.8251748251748,135,770,1713.0
1637174476,1,GET,/public/,0.300000,0.000000,580,580,690,690,690,690,690,690,690,690,690,144,0,300,351.8263888888889,160,1191,10186.694444444445
1637174476,1,,Aggregated,1.900000,0.000000,580,590,690,740,820,820,820,820,820,820,820,899,0,270,326.93548387096774,9,2059,5795.859844271413
1637174477,1,GET,/,0.300000,0.000000,740,740,740,740,740,740,740,740,740,740,740,226,0,300,355.0575221238938,147,885,9900.46017699115
1637174477,1,POST,/,0.100000,0.000000,910,910,910,910,910,910,910,910,910,910,910,30,0,870,872.0666666666667,496,2059,9557.8
1637174477,1,GET,/auth/find-friends/,0.600000,0.000000,520,540,610,610,820,820,820,820,820,820,820,288,0,190,244.25347222222223,94,1145,1974.0
1637174477,1,GET,/auth/login/,0.000000,0.000000,0,0,0,0,0,0,0,0,0,0,0,1,0,597,597.0,597,597,2961.0
1637174477,1,POST,/auth/login/,0.100000,0.000000,820,820,820,820,820,820,820,820,820,820,820,34,0,480,617.0882352941177,227,1812,10189.058823529413
1637174477,1,GET,/auth/logout/,0.100000,0.000000,130,130,130,130,130,130,130,130,130,130,130,33,0,130,131.42424242424244,9,430,1712.0
1637174477,1,POST,/auth/modify-friend/,0.400000,0.000000,590,590,760,760,760,760,760,760,760,760,760,144,0,260,287.13194444444446,135,770,1713.0
1637174477,1,GET,/public/,0.300000,0.000000,580,580,690,690,690,690,690,690,690,690,690,144,0,300,351.8263888888889,160,1191,10186.694444444445
1637174477,1,,Aggregated,1.900000,0.000000,590,690,740,760,820,820,820,820,820,820,820,900,0,270,327.4166666666667,9,2059,5791.323333333334
1637174478,1,GET,/,0.200000,0.000000,740,740,740,740,740,740,740,740,740,740,740,226,0,300,355.0575221238938,147,885,9900.46017699115
1637174478,1,POST,/,0.100000,0.000000,910,910,910,910,910,910,910,910,910,910,910,30,0,870,872.0666666666667,496,2059,9557.8
1637174478,1,GET,/auth/find-friends/,0.600000,0.000000,540,540,610,610,820,820,820,820,820,820,820,288,0,190,244.25347222222223,94,1145,1974.0
1637174478,1,GET,/auth/login/,0.000000,0.000000,0,0,0,0,0,0,0,0,0,0,0,1,0,597,597.0,597,597,2961.0
1637174478,1,POST,/auth/login/,0.100000,0.000000,820,820,820,820,820,820,820,820,820,820,820,34,0,480,617.0882352941177,227,1812,10189.058823529413
1637174478,1,GET,/auth/logout/,0.100000,0.000000,130,130,130,130,130,130,130,130,130,130,130,33,0,130,131.42424242424244,9,430,1712.0
1637174478,1,POST,/auth/modify-friend/,0.300000,0.000000,590,590,760,760,760,760,760,760,760,760,760,144,0,260,287.13194444444446,135,770,1713.0
1637174478,1,GET,/public/,0.400000,0.000000,690,690,1000,1000,1000,1000,1000,1000,1000,1000,1000,145,0,300,356.4344827586207,160,1191,10189.537931034483
1637174478,1,,Aggregated,1.800000,0.000000,590,690,740,760,820,1000,1000,1000,1000,1000,1000,901,0,270,328.18534961154273,9,2059,5796.659267480577
1637174479,1,GET,/,0.200000,0.000000,740,740,740,740,740,740,740,740,740,740,740,226,0,300,355.0575221238938,147,885,9900.46017699115
1637174479,1,POST,/,0.000000,0.000000,910,910,910,910,910,910,910,910,910,910,910,30,0,870,872.0666666666667,496,2059,9557.8
1637174479,1,GET,/auth/find-friends/,0.700000,0.000000,540,610,760,760,820,820,820,820,820,820,820,289,0,190,246.03460207612457,94,1145,1974.0
1637174479,1,GET,/auth/login/,0.000000,0.000000,0,0,0,0,0,0,0,0,0,0,0,1,0,597,597.0,597,597,2961.0
1637174479,1,POST,/auth/login/,0.100000,0.000000,820,820,820,820,820,820,820,820,820,820,820,34,0,480,617.0882352941177,227,1812,10189.058823529413
1637174479,1,GET,/auth/logout/,0.100000,0.000000,130,130,130,130,130,130,130,130,130,130,130,33,0,130,131.42424242424244,9,430,1712.0
1637174479,1,POST,/auth/modify-friend/,0.300000,0.000000,590,590,760,760,760,760,760,760,760,760,760,144,0,260,287.13194444444446,135,770,1713.0
1637174479,1,GET,/public/,0.300000,0.000000,690,690,1000,1000,1000,1000,1000,1000,1000,1000,1000,145,0,300,356.4344827586207,160,1191,10189.537931034483
1637174479,1,,Aggregated,1.700000,0.000000,590,690,760,760,820,1000,1000,1000,1000,1000,1000,902,0,270,328.6629711751663,9,2059,5792.421286031042
1637174480,1,GET,/,0.200000,0.000000,740,740,740,740,740,740,740,740,740,740,740,226,0,300,355.0575221238938,147,885,9900.46017699115
1637174480,1,POST,/,0.000000,0.000000,910,910,910,910,910,910,910,910,910,910,910,30,0,870,872.0666666666667,496,2059,9557.8
1637174480,1,GET,/auth/find-friends/,0.600000,0.000000,610,760,820,820,920,920,920,920,920,920,920,290,0,190,248.3655172413793,94,1145,1974.0
1637174480,1,GET,/auth/login/,0.000000,0.000000,0,0,0,0,0,0,0,0,0,0,0,1,0,597,597.0,597,597,2961.0
1637174480,1,POST,/auth/login/,0.100000,0.000000,820,820,820,820,820,820,820,820,820,820,820,34,0,480,617.0882352941177,227,1812,10189.058823529413
1637174480,1,GET,/auth/logout/,0.100000,0.000000,130,130,130,130,130,130,130,130,130,130,130,33,0,130,131.42424242424244,9,430,1712.0
1637174480,1,POST,/auth/modify-friend/,0.300000,0.000000,590,590,760,760,760,760,760,760,760,760,760,144,0,260,287.13194444444446,135,770,1713.0
1637174480,1,GET,/public/,0.300000,0.000000,690,690,1000,1000,1000,1000,1000,1000,1000,1000,1000,145,0,300,356.4344827586207,160,1191,10189.537931034483
1637174480,1,,Aggregated,1.600000,0.000000,610,760,760,820,920,1000,1000,1000,1000,1000,1000,903,0,270,329.32004429678847,9,2059,5788.192691029901
1637174481,1,GET,/,0.100000,0.000000,740,740,740,740,740,740,740,740,740,740,740,226,0,300,355.0575221238938,147,885,9900.46017699115
1637174481,1,POST,/,0.000000,0.000000,910,910,910,910,910,910,910,910,910,910,910,30,0,870,872.0666666666667,496,2059,9557.8
1637174481,1,GET,/auth/find-friends/,0.600000,0.000000,760,760,820,820,920,920,920,920,920,920,920,290,0,190,248.3655172413793,94,1145,1974.0
1637174481,1,GET,/auth/login/,0.000000,0.000000,0,0,0,0,0,0,0,0,0,0,0,1,0,597,597.0,597,597,2961.0
1637174481,1,POST,/auth/login/,0.100000,0.000000,820,820,820,820,820,820,820,820,820,820,820,34,0,480,617.0882352941177,227,1812,10189.058823529413
1637174481,1,GET,/auth/logout/,0.000000,0.000000,130,130,130,130,130,130,130,130,130,130,130,33,0,130,131.42424242424244,9,430,1712.0
1637174481,1,POST,/auth/modify-friend/,0.300000,0.000000,760,760,1100,1100,1100,1100,1100,1100,1100,1100,1100,145,0,260,292.95862068965516,135,1132,1713.0
1637174481,1,GET,/public/,0.400000,0.000000,690,690,1000,1000,1000,1000,1000,1000,1000,1000,1000,145,0,300,356.4344827586207,160,1191,10189.537931034483
1637174481,1,,Aggregated,1.500000,0.000000,760,760,920,920,1000,1100,1100,1100,1100,1100,1100,904,0,270,330.2079646017699,9,2059,5783.684734513275
1637174482,1,GET,/,0.100000,0.000000,1100,1100,1100,1100,1100,1100,1100,1100,1100,1100,1100,227,0,310,358.26431718061673,147,1083,9902.277533039647
1637174482,1,POST,/,0.000000,0.000000,910,910,910,910,910,910,910,910,910,910,910,30,0,870,872.0666666666667,496,2059,9557.8
1637174482,1,GET,/auth/find-friends/,0.700000,0.000000,760,820,820,920,920,920,920,920,920,920,920,290,0,190,248.3655172413793,94,1145,1974.0
1637174482,1,GET,/auth/login/,0.000000,0.000000,0,0,0,0,0,0,0,0,0,0,0,1,0,597,597.0,597,597,2961.0
1637174482,1,POST,/auth/login/,0.000000,0.000000,820,820,820,820,820,820,820,820,820,820,820,34,0,480,617.0882352941177,227,1812,10189.058823529413
1637174482,1,GET,/auth/logout/,0.000000,0.000000,130,130,130,130,130,130,130,130,130,130,130,33,0,130,131.42424242424244,9,430,1712.0
1637174482,1,POST,/auth/modify-friend/,0.300000,0.000000,760,760,1100,1100,1100,1100,1100,1100,1100,1100,1100,145,0,260,292.95862068965516,135,1132,1713.0
1637174482,1,GET,/public/,0.400000,0.000000,690,690,1000,1000,1000,1000,1000,1000,1000,1000,1000,145,0,300,356.4344827586207,160,1191,10189.537931034483
1637174482,1,,Aggregated,1.500000,0.000000,760,920,1000,1000,1100,1100,1100,1100,1100,1100,1100,905,0,270,331.03977900552485,9,2059,5788.6895027624305
1637174483,1,GET,/,0.000000,0.000000,1000,1000,1100,1100,1100,1100,1100,1100,1100,1100,1100,228,0,310,361.2543859649123,147,1083,9904.543859649122
1637174483,1,POST,/,0.000000,0.000000,0,0,0,0,0,0,0,0,0,0,0,30,0,870,872.0666666666667,496,2059,9557.8
1637174483,1,GET,/auth/find-friends/,0.800000,0.000000,760,820,820,920,920,920,920,920,920,920,920,290,0,190,248.3655172413793,94,1145,1974.0
1637174483,1,GET,/auth/login/,0.000000,0.000000,0,0,0,0,0,0,0,0,0,0,0,1,0,597,597.0,597,597,2961.0
1637174483,1,POST,/auth/login/,0.000000,0.000000,820,820,820,820,820,820,820,820,820,820,820,34,0,480,617.0882352941177,227,1812,10189.058823529413
1637174483,1,GET,/auth/logout/,0.000000,0.000000,130,130,130,130,130,130,130,130,130,130,130,33,0,130,131.42424242424244,9,430,1712.0
1637174483,1,POST,/auth/modify-friend/,0.300000,0.000000,760,760,1100,1100,1100,1100,1100,1100,1100,1100,1100,145,0,260,292.95862068965516,135,1132,1713.0
1637174483,1,GET,/public/,0.400000,0.000000,1000,1000,1000,1000,1000,1000,1000,1000,1000,1000,1000,145,0,300,356.4344827586207,160,1191,10189.537931034483
1637174483,1,,Aggregated,1.500000,0.000000,920,1000,1000,1100,1100,1100,1100,1100,1100,1100,1100,906,0,270,331.8222958057395,9,2059,5793.8002207505515
1637174484,1,GET,/,0.000000,0.000000,1000,1000,1100,1100,1100,1100,1100,1100,1100,1100,1100,229,0,310,363.44978165938863,147,1083,9907.0
1637174484,1,POST,/,0.000000,0.000000,0,0,0,0,0,0,0,0,0,0,0,30,0,870,872.0666666666667,496,2059,9557.8
1637174484,1,GET,/auth/find-friends/,0.700000,0.000000,820,820,920,920,920,920,920,920,920,920,920,290,0,190,248.3655172413793,94,1145,1974.0
1637174484,1,GET,/auth/login/,0.000000,0.000000,0,0,0,0,0,0,0,0,0,0,0,1,0,597,597.0,597,597,2961.0
1637174484,1,POST,/auth/login/,0.000000,0.000000,820,820,820,820,820,820,820,820,820,820,820,34,0,480,617.0882352941177,227,1812,10189.058823529413
1637174484,1,GET,/auth/logout/,0.000000,0.000000,130,130,130,130,130,130,130,130,130,130,130,33,0,130,131.42424242424244,9,430,1712.0
1637174484,1,POST,/auth/modify-friend/,0.400000,0.000000,1100,1100,1100,1100,1100,1100,1100,1100,1100,1100,1100,145,0,260,292.95862068965516,135,1132,1713.0
1637174484,1,GET,/public/,0.300000,0.000000,1000,1000,1000,1000,1000,1000,1000,1000,1000,1000,1000,145,0,300,356.4344827586207,160,1191,10189.537931034483
1637174484,1,,Aggregated,1.400000,0.000000,920,1000,1000,1100,1100,1100,1100,1100,1100,1100,1100,907,0,270,332.4090407938258,9,2059,5798.952590959206
1637174485,1,GET,/,0.100000,0.000000,860,1000,1000,1100,1100,1100,1100,1100,1100,1100,1100,231,0,310,365.7359307359307,147,1083,9911.948051948051
1637174485,1,POST,/,0.000000,0.000000,0,0,0,0,0,0,0,0,0,0,0,30,0,870,872.0666666666667,496,2059,9557.8
1637174485,1,GET,/auth/find-friends/,0.600000,0.000000,820,820,920,920,920,920,920,920,920,920,920,290,0,190,248.3655172413793,94,1145,1974.0
1637174485,1,GET,/auth/login/,0.000000,0.000000,0,0,0,0,0,0,0,0,0,0,0,1,0,597,597.0,597,597,2961.0
1637174485,1,POST,/auth/login/,0.000000,0.000000,820,820,820,820,820,820,820,820,820,820,820,34,0,480,617.0882352941177,227,1812,10189.058823529413
1637174485,1,GET,/auth/logout/,0.000000,0.000000,0,0,0,0,0,0,0,0,0,0,0,33,0,130,131.42424242424244,9,430,1712.0
1637174485,1,POST,/auth/modify-friend/,0.300000,0.000000,1100,1100,1100,1100,1100,1100,1100,1100,1100,1100,1100,145,0,260,292.95862068965516,135,1132,1713.0
1637174485,1,GET,/public/,0.300000,0.000000,1000,1000,1000,1000,1000,1000,1000,1000,1000,1000,1000,145,0,300,356.4344827586207,160,1191,10189.537931034483
1637174485,1,,Aggregated,1.300000,0.000000,860,1000,1000,1000,1100,1100,1100,1100,1100,1100,1100,909,0,270,333.05830583058304,9,2059,5809.248624862486
1637174486,1,GET,/,0.100000,0.000000,860,1000,1000,1100,1100,1100,1100,1100,1100,1100,1100,231,0,310,365.7359307359307,147,1083,9911.948051948051
1637174486,1,POST,/,0.000000,0.000000,0,0,0,0,0,0,0,0,0,0,0,30,0,870,872.0666666666667,496,2059,9557.8
1637174486,1,GET,/auth/find-friends/,0.600000,0.000000,820,820,920,920,920,920,920,920,920,920,920,290,0,190,248.3655172413793,94,1145,1974.0
1637174486,1,GET,/auth/login/,0.000000,0.000000,0,0,0,0,0,0,0,0,0,0,0,1,0,597,597.0,597,597,2961.0
1637174486,1,POST,/auth/login/,0.000000,0.000000,0,0,0,0,0,0,0,0,0,0,0,34,0,480,617.0882352941177,227,1812,10189.058823529413
1637174486,1,GET,/auth/logout/,0.000000,0.000000,0,0,0,0,0,0,0,0,0,0,0,33,0,130,131.42424242424244,9,430,1712.0
1637174486,1,POST,/auth/modify-friend/,0.300000,0.000000,1100,1100,1100,1100,1100,1100,1100,1100,1100,1100,1100,145,0,260,292.95862068965516,135,1132,1713.0
1637174486,1,GET,/public/,0.300000,0.000000,1000,1000,1000,1000,1000,1000,1000,1000,1000,1000,1000,145,0,300,356.4344827586207,160,1191,10189.537931034483
1637174486,1,,Aggregated,1.300000,0.000000,920,1000,1000,1100,1100,1100,1100,1100,1100,1100,1100,909,0,270,333.05830583058304,9,2059,5809.248624862486
1637174487,1,GET,/,0.300000,0.000000,860,860,1000,1000,1100,1100,1100,1100,1100,1100,1100,232,0,310,366.3189655172414,147,1083,9913.60775862069
1637174487,1,POST,/,0.000000,0.000000,1400,1400,1400,1400,1400,1400,1400,1400,1400,1400,1400,31,0,910,889.741935483871,496,2059,9578.612903225807
1637174487,1,GET,/auth/find-friends/,0.400000,0.000000,920,920,920,920,920,920,920,920,920,920,920,290,0,190,248.3655172413793,94,1145,1974.0
1637174487,1,GET,/auth/login/,0.000000,0.000000,0,0,0,0,0,0,0,0,0,0,0,1,0,597,597.0,597,597,2961.0
1637174487,1,POST,/auth/login/,0.000000,0.000000,0,0,0,0,0,0,0,0,0,0,0,34,0,480,617.0882352941177,227,1812,10189.058823529413
1637174487,1,GET,/auth/logout/,0.000000,0.000000,0,0,0,0,0,0,0,0,0,0,0,33,0,130,131.42424242424244,9,430,1712.0
1637174487,1,POST,/auth/modify-friend/,0.200000,0.000000,1100,1100,1100,1100,1100,1100,1100,1100,1100,1100,1100,145,0,260,292.95862068965516,135,1132,1713.0
1637174487,1,GET,/public/,0.200000,0.000000,1000,1000,1000,1000,1000,1000,1000,1000,1000,1000,1000,145,0,300,356.4344827586207,160,1191,10189.537931034483
1637174487,1,,Aggregated,1.100000,0.000000,920,1000,1100,1100,1400,1400,1400,1400,1400,1400,1400,911,0,270,334.4357848518112,9,2059,5818.997804610319
1637174488,1,GET,/,0.500000,0.000000,760,860,1000,1000,1100,1100,1100,1100,1100,1100,1100,233,0,310,367.9184549356223,147,1083,9915.042918454936
1637174488,1,POST,/,0.000000,0.000000,1400,1400,1400,1400,1400,1400,1400,1400,1400,1400,1400,31,0,910,889.741935483871,496,2059,9578.612903225807
1637174488,1,GET,/auth/find-friends/,0.400000,0.000000,920,920,920,920,920,920,920,920,920,920,920,290,0,190,248.3655172413793,94,1145,1974.0
1637174488,1,GET,/auth/login/,0.000000,0.000000,0,0,0,0,0,0,0,0,0,0,0,1,0,597,597.0,597,597,2961.0
1637174488,1,POST,/auth/login/,0.000000,0.000000,0,0,0,0,0,0,0,0,0,0,0,34,0,480,617.0882352941177,227,1812,10189.058823529413
1637174488,1,GET,/auth/logout/,0.000000,0.000000,0,0,0,0,0,0,0,0,0,0,0,33,0,130,131.42424242424244,9,430,1712.0
1637174488,1,POST,/auth/modify-friend/,0.200000,0.000000,1100,1100,1100,1100,1100,1100,1100,1100,1100,1100,1100,145,0,260,292.95862068965516,135,1132,1713.0
1637174488,1,GET,/public/,0.100000,0.000000,1000,1000,1000,1000,1000,1000,1000,1000,1000,1000,1000,145,0,300,356.4344827586207,160,1191,10189.537931034483
1637174488,1,,Aggregated,1.200000,0.000000,920,1000,1100,1100,1400,1400,1400,1400,1400,1400,1400,912,0,270,334.8793859649123,9,2059,5823.854166666667
1637174489,1,GET,/,0.500000,0.000000,760,860,1000,1000,1100,1100,1100,1100,1100,1100,1100,233,0,310,367.9184549356223,147,1083,9915.042918454936
1637174489,1,POST,/,0.000000,0.000000,1400,1400,1400,1400,1400,1400,1400,1400,1400,1400,1400,32,0,910,902.03125,496,2059,9603.5
1637174489,1,GET,/auth/find-friends/,0.300000,0.000000,920,920,920,920,920,920,920,920,920,920,920,290,0,190,248.3655172413793,94,1145,1974.0
1637174489,1,GET,/auth/login/,0.000000,0.000000,0,0,0,0,0,0,0,0,0,0,0,1,0,597,597.0,597,597,2961.0
1637174489,1,POST,/auth/login/,0.000000,0.000000,0,0,0,0,0,0,0,0,0,0,0,34,0,480,617.0882352941177,227,1812,10189.058823529413
1637174489,1,GET,/auth/logout/,0.000000,0.000000,0,0,0,0,0,0,0,0,0,0,0,33,0,130,131.42424242424244,9,430,1712.0
1637174489,1,POST,/auth/modify-friend/,0.200000,0.000000,1100,1100,1100,1100,1100,1100,1100,1100,1100,1100,1100,145,0,260,292.95862068965516,135,1132,1713.0
1637174489,1,GET,/public/,0.100000,0.000000,1000,1000,1000,1000,1000,1000,1000,1000,1000,1000,1000,145,0,300,356.4344827586207,160,1191,10189.537931034483
1637174489,1,,Aggregated,1.100000,0.000000,1000,1100,1100,1300,1400,1400,1400,1400,1400,1400,1400,913,0,270,335.9178532311062,9,2059,5828.838992332968
1637174490,1,GET,/,0.700000,0.000000,760,860,1000,1000,1100,1100,1100,1100,1100,1100,1100,234,0,310,368.7393162393162,147,1083,9917.888888888889
1637174490,1,POST,/,0.100000,0.000000,1400,1400,1400,1400,1400,1400,1400,1400,1400,1400,1400,32,0,910,902.03125,496,2059,9603.5
1637174490,1,GET,/auth/find-friends/,0.200000,0.000000,920,920,920,920,920,920,920,920,920,920,920,291,0,190,248.7422680412371,94,1145,1974.0
1637174490,1,GET,/auth/login/,0.000000,0.000000,0,0,0,0,0,0,0,0,0,0,0,1,0,597,597.0,597,597,2961.0
1637174490,1,POST,/auth/login/,0.000000,0.000000,0,0,0,0,0,0,0,0,0,0,0,34,0,480,617.0882352941177,227,1812,10189.058823529413
1637174490,1,GET,/auth/logout/,0.000000,0.000000,0,0,0,0,0,0,0,0,0,0,0,33,0,130,131.42424242424244,9,430,1712.0
1637174490,1,POST,/auth/modify-friend/,0.100000,0.000000,1100,1100,1100,1100,1100,1100,1100,1100,1100,1100,1100,145,0,260,292.95862068965516,135,1132,1713.0
1637174490,1,GET,/public/,0.000000,0.000000,1000,1000,1000,1000,1000,1000,1000,1000,1000,1000,1000,146,0,300,356.472602739726,160,1191,10190.671232876712
1637174490,1,,Aggregated,1.100000,0.000000,760,860,1100,1100,1300,1400,1400,1400,1400,1400,1400,916,0,270,336.2150655021834,9,2059,5834.759825327511
1637174491,1,GET,/,0.700000,0.000000,740,760,860,860,1000,1000,1000,1000,1000,1000,1000,234,0,310,368.7393162393162,147,1083,9917.888888888889
1637174491,1,POST,/,0.200000,0.000000,1400,1400,1400,1400,1400,1400,1400,1400,1400,1400,1400,32,0,910,902.03125,496,2059,9603.5
1637174491,1,GET,/auth/find-friends/,0.100000,0.000000,360,360,920,920,920,920,920,920,920,920,920,292,0,190,248.98972602739727,94,1145,1974.0
1637174491,1,GET,/auth/login/,0.000000,0.000000,0,0,0,0,0,0,0,0,0,0,0,1,0,597,597.0,597,597,2961.0
1637174491,1,POST,/auth/login/,0.000000,0.000000,0,0,0,0,0,0,0,0,0,0,0,34,0,480,617.0882352941177,227,1812,10189.058823529413
1637174491,1,GET,/auth/logout/,0.000000,0.000000,0,0,0,0,0,0,0,0,0,0,0,33,0,130,131.42424242424244,9,430,1712.0
1637174491,1,POST,/auth/modify-friend/,0.100000,0.000000,1100,1100,1100,1100,1100,1100,1100,1100,1100,1100,1100,146,0,260,294.71232876712327,135,1132,1713.0
1637174491,1,GET,/public/,0.000000,0.000000,1000,1000,1000,1000,1000,1000,1000,1000,1000,1000,1000,146,0,300,356.472602739726,160,1191,10190.671232876712
1637174491,1,,Aggregated,1.100000,0.000000,560,760,860,1000,1300,1400,1400,1400,1400,1400,1400,918,0,270,336.43028322440085,9,2059,5826.064270152506
1637174492,1,GET,/,0.800000,0.000000,740,740,760,760,860,860,860,860,860,860,860,234,0,310,368.7393162393162,147,1083,9917.888888888889
1637174492,1,POST,/,0.200000,0.000000,1400,1400,1400,1400,1400,1400,1400,1400,1400,1400,1400,32,0,910,902.03125,496,2059,9603.5
1637174492,1,GET,/auth/find-friends/,0.000000,0.000000,360,410,410,920,920,920,920,920,920,920,920,294,0,190,249.64625850340136,94,1145,1974.0
1637174492,1,GET,/auth/login/,0.000000,0.000000,0,0,0,0,0,0,0,0,0,0,0,1,0,597,597.0,597,597,2961.0
1637174492,1,POST,/auth/login/,0.000000,0.000000,0,0,0,0,0,0,0,0,0,0,0,34,0,480,617.0882352941177,227,1812,10189.058823529413
1637174492,1,GET,/auth/logout/,0.000000,0.000000,0,0,0,0,0,0,0,0,0,0,0,33,0,130,131.42424242424244,9,430,1712.0
1637174492,1,POST,/auth/modify-friend/,0.100000,0.000000,1100,1100,1100,1100,1100,1100,1100,1100,1100,1100,1100,146,0,260,294.71232876712327,135,1132,1713.0
1637174492,1,GET,/public/,0.100000,0.000000,400,400,1000,1000,1000,1000,1000,1000,1000,1000,1000,147,0,300,356.80272108843536,160,1191,10192.408163265307
1637174492,1,,Aggregated,1.200000,0.000000,500,560,760,860,1300,1400,1400,1400,1400,1400,1400,921,0,270,336.5244299674267,9,2059,5822.71552660152
1637174493,1,GET,/,0.800000,0.000000,560,740,740,760,760,760,760,760,760,760,760,234,0,310,368.7393162393162,147,1083,9917.888888888889
1637174493,1,POST,/,0.200000,0.000000,1400,1400,1400,1400,1400,1400,1400,1400,1400,1400,1400,32,0,910,902.03125,496,2059,9603.5
1637174493,1,GET,/auth/find-friends/,0.000000,0.000000,360,410,410,920,920,920,920,920,920,920,920,294,0,190,249.64625850340136,94,1145,1974.0
1637174493,1,GET,/auth/login/,0.000000,0.000000,0,0,0,0,0,0,0,0,0,0,0,1,0,597,597.0,597,597,2961.0
1637174493,1,POST,/auth/login/,0.000000,0.000000,0,0,0,0,0,0,0,0,0,0,0,34,0,480,617.0882352941177,227,1812,10189.058823529413
1637174493,1,GET,/auth/logout/,0.000000,0.000000,0,0,0,0,0,0,0,0,0,0,0,33,0,130,131.42424242424244,9,430,1712.0
1637174493,1,POST,/auth/modify-friend/,0.100000,0.000000,550,550,1100,1100,1100,1100,1100,1100,1100,1100,1100,147,0,260,294.8979591836735,135,1132,1713.0
1637174493,1,GET,/public/,0.100000,0.000000,390,390,400,400,400,400,400,400,400,400,400,148,0,300,357.0337837837838,160,1191,10193.412162162162
1637174493,1,,Aggregated,1.200000,0.000000,500,550,740,740,1300,1400,1400,1400,1400,1400,1400,923,0,270,336.56771397616467,9,2059,5823.15817984832
1637174494,1,GET,/,0.700000,0.000000,560,740,740,760,760,760,760,760,760,760,760,234,0,310,368.7393162393162,147,1083,9917.888888888889
1637174494,1,POST,/,0.200000,0.000000,1400,1400,1400,1400,1400,1400,1400,1400,1400,1400,1400,32,0,910,902.03125,496,2059,9603.5
1637174494,1,GET,/auth/find-friends/,0.300000,0.000000,360,360,410,410,410,410,410,410,410,410,410,296,0,200,250.08445945945945,94,1145,1974.0
1637174494,1,GET,/auth/login/,0.000000,0.000000,0,0,0,0,0,0,0,0,0,0,0,1,0,597,597.0,597,597,2961.0
1637174494,1,POST,/auth/login/,0.000000,0.000000,0,0,0,0,0,0,0,0,0,0,0,34,0,480,617.0882352941177,227,1812,10189.058823529413
1637174494,1,GET,/auth/logout/,0.000000,0.000000,0,0,0,0,0,0,0,0,0,0,0,33,0,130,131.42424242424244,9,430,1712.0
1637174494,1,POST,/auth/modify-friend/,0.100000,0.000000,550,550,1100,1100,1100,1100,1100,1100,1100,1100,1100,148,0,260,296.1621621621622,135,1132,1713.0
1637174494,1,GET,/public/,0.200000,0.000000,390,390,400,400,400,400,400,400,400,400,400,148,0,300,357.0337837837838,160,1191,10193.412162162162
1637174494,1,,Aggregated,1.500000,0.000000,410,500,560,740,1300,1400,1400,1400,1400,1400,1400,926,0,270,336.6771058315335,9,2059,5810.406047516199
1637174495,1,GET,/,0.700000,0.000000,570,570,740,740,740,740,740,740,740,740,740,235,0,310,369.6127659574468,147,1083,9921.093617021277
1637174495,1,POST,/,0.200000,0.000000,1400,1400,1400,1400,1400,1400,1400,1400,1400,1400,1400,32,0,910,902.03125,496,2059,9603.5
1637174495,1,GET,/auth/find-friends/,0.300000,0.000000,360,360,410,410,410,410,410,410,410,410,410,296,0,200,250.08445945945945,94,1145,1974.0
1637174495,1,GET,/auth/login/,0.000000,0.000000,0,0,0,0,0,0,0,0,0,0,0,1,0,597,597.0,597,597,2961.0
1637174495,1,POST,/auth/login/,0.000000,0.000000,0,0,0,0,0,0,0,0,0,0,0,34,0,480,617.0882352941177,227,1812,10189.058823529413
1637174495,1,GET,/auth/logout/,0.000000,0.000000,0,0,0,0,0,0,0,0,0,0,0,33,0,130,131.42424242424244,9,430,1712.0
1637174495,1,POST,/auth/modify-friend/,0.100000,0.000000,480,480,550,550,550,550,550,550,550,550,550,148,0,260,296.1621621621622,135,1132,1713.0
1637174495,1,GET,/public/,0.200000,0.000000,390,390,400,400,400,400,400,400,400,400,400,148,0,300,357.0337837837838,160,1191,10193.412162162162
1637174495,1,,Aggregated,1.500000,0.000000,410,500,560,570,1300,1400,1400,1400,1400,1400,1400,927,0,270,336.933117583603,9,2059,5815.6494066882415
1637174496,1,GET,/,0.500000,0.000000,570,570,740,740,740,740,740,740,740,740,740,236,0,310,370.04661016949154,147,1083,9924.42372881356
1637174496,1,POST,/,0.200000,0.000000,1300,1300,1400,1400,1400,1400,1400,1400,1400,1400,1400,33,0,910,910.0909090909091,496,2059,9640.30303030303
1637174496,1,GET,/auth/find-friends/,0.600000,0.000000,360,360,410,410,410,410,410,410,410,410,410,296,0,200,250.08445945945945,94,1145,1974.0
1637174496,1,GET,/auth/login/,0.000000,0.000000,0,0,0,0,0,0,0,0,0,0,0,1,0,597,597.0,597,597,2961.0
1637174496,1,POST,/auth/login/,0.000000,0.000000,0,0,0,0,0,0,0,0,0,0,0,34,0,480,617.0882352941177,227,1812,10189.058823529413
1637174496,1,GET,/auth/logout/,0.000000,0.000000,0,0,0,0,0,0,0,0,0,0,0,33,0,130,131.42424242424244,9,430,1712.0
1637174496,1,POST,/auth/modify-friend/,0.200000,0.000000,480,480,550,550,550,550,550,550,550,550,550,148,0,260,296.1621621621622,135,1132,1713.0
1637174496,1,GET,/public/,0.300000,0.000000,390,390,400,400,400,400,400,400,400,400,400,148,0,300,357.0337837837838,160,1191,10193.412162162162
1637174496,1,,Aggregated,1.800000,0.000000,410,480,560,570,1200,1300,1300,1300,1300,1300,1300,929,0,270,337.97308934337997,9,2059,5826.299246501615
1637174497,1,GET,/,0.400000,0.000000,560,560,570,570,740,740,740,740,740,740,740,238,0,310,371.2352941176471,147,1083,9931.567226890757
1637174497,1,POST,/,0.200000,0.000000,1300,1300,1300,1300,1300,1300,1300,1300,1300,1300,1300,33,0,910,910.0909090909091,496,2059,9640.30303030303
1637174497,1,GET,/auth/find-friends/,0.600000,0.000000,360,360,410,410,410,410,410,410,410,410,410,296,0,200,250.08445945945945,94,1145,1974.0
1637174497,1,GET,/auth/login/,0.000000,0.000000,0,0,0,0,0,0,0,0,0,0,0,1,0,597,597.0,597,597,2961.0
1637174497,1,POST,/auth/login/,0.000000,0.000000,0,0,0,0,0,0,0,0,0,0,0,34,0,480,617.0882352941177,227,1812,10189.058823529413
1637174497,1,GET,/auth/logout/,0.000000,0.000000,0,0,0,0,0,0,0,0,0,0,0,33,0,130,131.42424242424244,9,430,1712.0
1637174497,1,POST,/auth/modify-friend/,0.300000,0.000000,480,480,550,550,550,550,550,550,550,550,550,148,0,260,296.1621621621622,135,1132,1713.0
1637174497,1,GET,/public/,0.300000,0.000000,390,390,400,400,400,400,400,400,400,400,400,148,0,300,357.0337837837838,160,1191,10193.412162162162
1637174497,1,,Aggregated,1.800000,0.000000,410,480,560,560,1200,1300,1300,1300,1300,1300,1300,931,0,270,338.34586466165416,9,2059,5836.9291084854995
1637174498,1,GET,/,0.400000,0.000000,560,560,570,570,700,700,700,700,700,700,700,239,0,320,372.58995815899584,147,1083,9935.029288702928
1637174498,1,POST,/,0.200000,0.000000,1300,1300,1300,1300,1300,1300,1300,1300,1300,1300,1300,33,0,910,910.0909090909091,496,2059,9640.30303030303
1637174498,1,GET,/auth/find-friends/,0.600000,0.000000,360,360,410,410,410,410,410,410,410,410,410,296,0,200,250.08445945945945,94,1145,1974.0
1637174498,1,GET,/auth/login/,0.000000,0.000000,0,0,0,0,0,0,0,0,0,0,0,1,0,597,597.0,597,597,2961.0
1637174498,1,POST,/auth/login/,0.000000,0.000000,0,0,0,0,0,0,0,0,0,0,0,34,0,480,617.0882352941177,227,1812,10189.058823529413
1637174498,1,GET,/auth/logout/,0.000000,0.000000,0,0,0,0,0,0,0,0,0,0,0,33,0,130,131.42424242424244,9,430,1712.0
1637174498,1,POST,/auth/modify-friend/,0.300000,0.000000,480,480,550,550,550,550,550,550,550,550,550,148,0,260,296.1621621621622,135,1132,1713.0
1637174498,1,GET,/public/,0.300000,0.000000,390,390,400,400,400,400,400,400,400,400,400,148,0,300,357.0337837837838,160,1191,10193.412162162162
1637174498,1,,Aggregated,1.800000,0.000000,410,480,560,560,700,1200,1200,1200,1200,1200,1200,932,0,270,338.7285407725322,9,2059,5842.210300429185
1637174499,1,GET,/,0.500000,0.000000,560,560,570,570,700,700,700,700,700,700,700,239,0,320,372.58995815899584,147,1083,9935.029288702928
1637174499,1,POST,/,0.200000,0.000000,1300,1300,1300,1300,1300,1300,1300,1300,1300,1300,1300,33,0,910,910.0909090909091,496,2059,9640.30303030303
1637174499,1,GET,/auth/find-friends/,0.600000,0.000000,360,410,410,410,420,420,420,420,420,420,420,298,0,200,250.8221476510067,94,1145,1974.0
1637174499,1,GET,/auth/login/,0.000000,0.000000,0,0,0,0,0,0,0,0,0,0,0,1,0,597,597.0,597,597,2961.0
1637174499,1,POST,/auth/login/,0.000000,0.000000,0,0,0,0,0,0,0,0,0,0,0,34,0,480,617.0882352941177,227,1812,10189.058823529413
1637174499,1,GET,/auth/logout/,0.000000,0.000000,0,0,0,0,0,0,0,0,0,0,0,33,0,130,131.42424242424244,9,430,1712.0
1637174499,1,POST,/auth/modify-friend/,0.300000,0.000000,480,480,550,550,550,550,550,550,550,550,550,148,0,260,296.1621621621622,135,1132,1713.0
1637174499,1,GET,/public/,0.300000,0.000000,400,400,510,510,510,510,510,510,510,510,510,149,0,310,358.0402684563758,160,1191,10193.630872483222
1637174499,1,,Aggregated,1.900000,0.000000,420,480,550,560,700,1200,1200,1200,1200,1200,1200,935,0,270,338.95401069518715,9,2059,5838.624598930482
1637174500,1,GET,/,0.500000,0.000000,560,560,570,570,700,700,700,700,700,700,700,239,0,320,372.58995815899584,147,1083,9935.029288702928
1637174500,1,POST,/,0.200000,0.000000,1300,1300,1300,1300,1300,1300,1300,1300,1300,1300,1300,33,0,910,910.0909090909091,496,2059,9640.30303030303
1637174500,1,GET,/auth/find-friends/,0.600000,0.000000,410,410,410,410,420,420,420,420,420,420,420,298,0,200,250.8221476510067,94,1145,1974.0
1637174500,1,GET,/auth/login/,0.000000,0.000000,0,0,0,0,0,0,0,0,0,0,0,1,0,597,597.0,597,597,2961.0
1637174500,1,POST,/auth/login/,0.000000,0.000000,0,0,0,0,0,0,0,0,0,0,0,34,0,480,617.0882352941177,227,1812,10189.058823529413
1637174500,1,GET,/auth/logout/,0.000000,0.000000,0,0,0,0,0,0,0,0,0,0,0,33,0,130,131.42424242424244,9,430,1712.0
1637174500,1,POST,/auth/modify-friend/,0.300000,0.000000,540,540,550,550,550,550,550,550,550,550,550,149,0,270,297.81208053691273,135,1132,1713.0
1637174500,1,GET,/public/,0.300000,0.000000,400,400,510,510,510,510,510,510,510,510,510,149,0,310,358.0402684563758,160,1191,10193.630872483222
1637174500,1,,Aggregated,1.900000,0.000000,470,510,550,560,700,1200,1200,1200,1200,1200,1200,936,0,270,339.1709401709402,9,2059,5834.21688034188
1637174501,1,GET,/,0.600000,0.000000,570,570,650,650,700,700,700,700,700,700,700,240,0,320,373.7625,147,1083,9937.991666666667
1637174501,1,POST,/,0.200000,0.000000,1200,1200,1200,1200,1200,1200,1200,1200,1200,1200,1200,33,0,910,910.0909090909091,496,2059,9640.30303030303
1637174501,1,GET,/auth/find-friends/,0.600000,0.000000,410,410,410,420,420,420,420,420,420,420,420,298,0,200,250.8221476510067,94,1145,1974.0
1637174501,1,GET,/auth/login/,0.000000,0.000000,0,0,0,0,0,0,0,0,0,0,0,1,0,597,597.0,597,597,2961.0
1637174501,1,POST,/auth/login/,0.000000,0.000000,0,0,0,0,0,0,0,0,0,0,0,34,0,480,617.0882352941177,227,1812,10189.058823529413
1637174501,1,GET,/auth/logout/,0.000000,0.000000,0,0,0,0,0,0,0,0,0,0,0,33,0,130,131.42424242424244,9,430,1712.0
1637174501,1,POST,/auth/modify-friend/,0.300000,0.000000,480,480,540,540,540,540,540,540,540,540,540,149,0,270,297.81208053691273,135,1132,1713.0
1637174501,1,GET,/public/,0.300000,0.000000,510,510,510,510,510,510,510,510,510,510,510,149,0,310,358.0402684563758,160,1191,10193.630872483222
1637174501,1,,Aggregated,2.000000,0.000000,470,540,560,570,700,1200,1200,1200,1200,1200,1200,937,0,270,339.5069370330843,9,2059,5839.352187833511
1637174502,1,GET,/,0.600000,0.000000,570,570,650,650,700,700,700,700,700,700,700,240,0,320,373.7625,147,1083,9937.991666666667
1637174502,1,POST,/,0.200000,0.000000,1200,1200,1200,1200,1200,1200,1200,1200,1200,1200,1200,33,0,910,910.0909090909091,496,2059,9640.30303030303
1637174502,1,GET,/auth/find-friends/,0.600000,0.000000,410,410,420,420,420,420,420,420,420,420,420,298,0,200,250.8221476510067,94,1145,1974.0
1637174502,1,GET,/auth/login/,0.000000,0.000000,0,0,0,0,0,0,0,0,0,0,0,1,0,597,597.0,597,597,2961.0
1637174502,1,POST,/auth/login/,0.000000,0.000000,0,0,0,0,0,0,0,0,0,0,0,34,0,480,617.0882352941177,227,1812,10189.058823529413
1637174502,1,GET,/auth/logout/,0.000000,0.000000,0,0,0,0,0,0,0,0,0,0,0,33,0,130,131.42424242424244,9,430,1712.0
1637174502,1,POST,/auth/modify-friend/,0.300000,0.000000,480,480,540,540,540,540,540,540,540,540,540,149,0,270,297.81208053691273,135,1132,1713.0
1637174502,1,GET,/public/,0.300000,0.000000,510,510,510,510,510,510,510,510,510,510,510,149,0,310,358.0402684563758,160,1191,10193.630872483222
1637174502,1,,Aggregated,2.000000,0.000000,510,560,570,650,700,1200,1200,1200,1200,1200,1200,937,0,270,339.5069370330843,9,2059,5839.352187833511
1637174503,1,GET,/,0.500000,0.000000,570,570,650,650,700,700,700,700,700,700,700,240,0,320,373.7625,147,1083,9937.991666666667
1637174503,1,POST,/,0.100000,0.000000,2000,2000,2000,2000,2000,2000,2000,2000,2000,2000,2000,34,0,910,942.5294117647059,496,2059,9676.70588235294
1637174503,1,GET,/auth/find-friends/,0.800000,0.000000,410,410,420,420,420,420,420,420,420,420,420,298,0,200,250.8221476510067,94,1145,1974.0
1637174503,1,GET,/auth/login/,0.000000,0.000000,0,0,0,0,0,0,0,0,0,0,0,1,0,597,597.0,597,597,2961.0
1637174503,1,POST,/auth/login/,0.000000,0.000000,0,0,0,0,0,0,0,0,0,0,0,34,0,480,617.0882352941177,227,1812,10189.058823529413
1637174503,1,GET,/auth/logout/,0.000000,0.000000,0,0,0,0,0,0,0,0,0,0,0,33,0,130,131.42424242424244,9,430,1712.0
1637174503,1,POST,/auth/modify-friend/,0.400000,0.000000,540,540,540,540,540,540,540,540,540,540,540,149,0,270,297.81208053691273,135,1132,1713.0
1637174503,1,GET,/public/,0.300000,0.000000,510,510,510,510,510,510,510,510,510,510,510,149,0,310,358.0402684563758,160,1191,10193.630872483222
1637174503,1,,Aggregated,2.100000,0.000000,540,570,650,700,1200,2000,2000,2000,2000,2000,2000,938,0,270,341.2910447761194,9,2059,5844.723880597015
1637174504,1,GET,/,0.600000,0.000000,570,650,700,700,1100,1100,1100,1100,1100,1100,1100,241,0,320,376.701244813278,147,1083,9941.41908713693
1637174504,1,POST,/,0.100000,0.000000,2000,2000,2000,2000,2000,2000,2000,2000,2000,2000,2000,34,0,910,942.5294117647059,496,2059,9676.70588235294
1637174504,1,GET,/auth/find-friends/,0.600000,0.000000,410,410,420,420,420,420,420,420,420,420,420,298,0,200,250.8221476510067,94,1145,1974.0
1637174504,1,GET,/auth/login/,0.000000,0.000000,0,0,0,0,0,0,0,0,0,0,0,1,0,597,597.0,597,597,2961.0
1637174504,1,POST,/auth/login/,0.000000,0.000000,0,0,0,0,0,0,0,0,0,0,0,34,0,480,617.0882352941177,227,1812,10189.058823529413
1637174504,1,GET,/auth/logout/,0.000000,0.000000,0,0,0,0,0,0,0,0,0,0,0,33,0,130,131.42424242424244,9,430,1712.0
1637174504,1,POST,/auth/modify-friend/,0.400000,0.000000,540,540,540,540,540,540,540,540,540,540,540,149,0,270,297.81208053691273,135,1132,1713.0
1637174504,1,GET,/public/,0.300000,0.000000,510,510,510,510,510,510,510,510,510,510,510,149,0,310,358.0402684563758,160,1191,10193.630872483222
1637174504,1,,Aggregated,2.000000,0.000000,560,650,1100,1100,1200,2000,2000,2000,2000,2000,2000,939,0,270,342.07987220447285,9,2059,5849.9627263045795
1637174505,1,GET,/,0.600000,0.000000,650,650,700,700,1100,1100,1100,1100,1100,1100,1100,241,0,320,376.701244813278,147,1083,9941.41908713693
1637174505,1,POST,/,0.200000,0.000000,1800,1800,2000,2000,2000,2000,2000,2000,2000,2000,2000,35,0,940,968.4,496,2059,9704.314285714287
1637174505,1,GET,/auth/find-friends/,0.400000,0.000000,420,420,420,420,420,420,420,420,420,420,420,298,0,200,250.8221476510067,94,1145,1974.0
1637174505,1,GET,/auth/login/,0.000000,0.000000,0,0,0,0,0,0,0,0,0,0,0,1,0,597,597.0,597,597,2961.0
1637174505,1,POST,/auth/login/,0.000000,0.000000,0,0,0,0,0,0,0,0,0,0,0,34,0,480,617.0882352941177,227,1812,10189.058823529413
1637174505,1,GET,/auth/logout/,0.000000,0.000000,0,0,0,0,0,0,0,0,0,0,0,33,0,130,131.42424242424244,9,430,1712.0
1637174505,1,POST,/auth/modify-friend/,0.200000,0.000000,540,540,540,540,540,540,540,540,540,540,540,149,0,270,297.81208053691273,135,1132,1713.0
1637174505,1,GET,/public/,0.100000,0.000000,510,510,510,510,510,510,510,510,510,510,510,149,0,310,358.0402684563758,160,1191,10193.630872483222
1637174505,1,,Aggregated,1.500000,0.000000,560,650,1100,1100,1800,2000,2000,2000,2000,2000,2000,940,0,270,343.68191489361703,9,2059,5855.061702127659
1637174506,1,GET,/,0.700000,0.000000,700,700,1100,1100,1100,1100,1100,1100,1100,1100,1100,241,0,320,376.701244813278,147,1083,9941.41908713693
1637174506,1,POST,/,0.200000,0.000000,1800,1800,2000,2000,2000,2000,2000,2000,2000,2000,2000,35,0,940,968.4,496,2059,9704.314285714287
1637174506,1,GET,/auth/find-friends/,0.200000,0.000000,420,420,420,420,420,420,420,420,420,420,420,298,0,200,250.8221476510067,94,1145,1974.0
1637174506,1,GET,/auth/login/,0.000000,0.000000,0,0,0,0,0,0,0,0,0,0,0,1,0,597,597.0,597,597,2961.0
1637174506,1,POST,/auth/login/,0.000000,0.000000,0,0,0,0,0,0,0,0,0,0,0,34,0,480,617.0882352941177,227,1812,10189.058823529413
1637174506,1,GET,/auth/logout/,0.000000,0.000000,0,0,0,0,0,0,0,0,0,0,0,33,0,130,131.42424242424244,9,430,1712.0
1637174506,1,POST,/auth/modify-friend/,0.200000,0.000000,540,540,540,540,540,540,540,540,540,540,540,149,0,270,297.81208053691273,135,1132,1713.0
1637174506,1,GET,/public/,0.100000,0.000000,840,840,840,840,840,840,840,840,840,840,840,150,0,310,361.2733333333333,160,1191,10192.286666666667
1637174506,1,,Aggregated,1.400000,0.000000,650,840,1100,1100,1800,2000,2000,2000,2000,2000,2000,941,0,270,344.2125398512221,9,2059,5859.458023379384
1637174507,1,GET,/,0.600000,0.000000,700,700,1100,1100,1100,1100,1100,1100,1100,1100,1100,241,0,320,376.701244813278,147,1083,9941.41908713693
1637174507,1,POST,/,0.200000,0.000000,1800,1800,2000,2000,2000,2000,2000,2000,2000,2000,2000,35,0,940,968.4,496,2059,9704.314285714287
1637174507,1,GET,/auth/find-friends/,0.200000,0.000000,420,420,960,960,960,960,960,960,960,960,960,299,0,200,253.19732441471572,94,1145,1974.0
1637174507,1,GET,/auth/login/,0.000000,0.000000,0,0,0,0,0,0,0,0,0,0,0,1,0,597,597.0,597,597,2961.0
1637174507,1,POST,/auth/login/,0.000000,0.000000,0,0,0,0,0,0,0,0,0,0,0,34,0,480,617.0882352941177,227,1812,10189.058823529413
1637174507,1,GET,/auth/logout/,0.000000,0.000000,0,0,0,0,0,0,0,0,0,0,0,33,0,130,131.42424242424244,9,430,1712.0
1637174507,1,POST,/auth/modify-friend/,0.100000,0.000000,540,540,540,540,540,540,540,540,540,540,540,149,0,270,297.81208053691273,135,1132,1713.0
1637174507,1,GET,/public/,0.100000,0.000000,840,840,840,840,840,840,840,840,840,840,840,150,0,310,361.2733333333333,160,1191,10192.286666666667
1637174507,1,,Aggregated,1.200000,0.000000,840,960,1100,1800,2000,2000,2000,2000,2000,2000,2000,942,0,270,344.86730360934183,9,2059,5855.333333333333
1637174508,1,GET,/,0.600000,0.000000,1100,1100,1100,1100,1100,1100,1100,1100,1100,1100,1100,241,0,320,376.701244813278,147,1083,9941.41908713693
1637174508,1,POST,/,0.200000,0.000000,2000,2000,2000,2000,2000,2000,2000,2000,2000,2000,2000,35,0,940,968.4,496,2059,9704.314285714287
1637174508,1,GET,/auth/find-friends/,0.200000,0.000000,650,650,960,960,960,960,960,960,960,960,960,300,0,200,254.53,94,1145,1974.0
1637174508,1,GET,/auth/login/,0.000000,0.000000,0,0,0,0,0,0,0,0,0,0,0,1,0,597,597.0,597,597,2961.0
1637174508,1,POST,/auth/login/,0.000000,0.000000,0,0,0,0,0,0,0,0,0,0,0,34,0,480,617.0882352941177,227,1812,10189.058823529413
1637174508,1,GET,/auth/logout/,0.000000,0.000000,0,0,0,0,0,0,0,0,0,0,0,33,0,130,131.42424242424244,9,430,1712.0
1637174508,1,POST,/auth/modify-friend/,0.100000,0.000000,540,540,540,540,540,540,540,540,540,540,540,149,0,270,297.81208053691273,135,1132,1713.0
1637174508,1,GET,/public/,0.100000,0.000000,840,840,840,840,840,840,840,840,840,840,840,150,0,310,361.2733333333333,160,1191,10192.286666666667
1637174508,1,,Aggregated,1.200000,0.000000,840,960,1100,1800,2000,2000,2000,2000,2000,2000,2000,943,0,270,345.19406150583245,9,2059,5851.217391304348
1637174509,1,GET,/,0.600000,0.000000,1100,1100,1100,1100,1100,1100,1100,1100,1100,1100,1100,241,0,320,376.701244813278,147,1083,9941.41908713693
1637174509,1,POST,/,0.200000,0.000000,2000,2000,2000,2000,2000,2000,2000,2000,2000,2000,2000,35,0,940,968.4,496,2059,9704.314285714287
1637174509,1,GET,/auth/find-friends/,0.200000,0.000000,650,650,960,960,960,960,960,960,960,960,960,300,0,200,254.53,94,1145,1974.0
1637174509,1,GET,/auth/login/,0.000000,0.000000,0,0,0,0,0,0,0,0,0,0,0,1,0,597,597.0,597,597,2961.0
1637174509,1,POST,/auth/login/,0.000000,0.000000,0,0,0,0,0,0,0,0,0,0,0,34,0,480,617.0882352941177,227,1812,10189.058823529413
1637174509,1,GET,/auth/logout/,0.000000,0.000000,0,0,0,0,0,0,0,0,0,0,0,33,0,130,131.42424242424244,9,430,1712.0
1637174509,1,POST,/auth/modify-friend/,0.100000,0.000000,830,830,830,830,830,830,830,830,830,830,830,150,0,270,301.37333333333333,135,1132,1713.0
1637174509,1,GET,/public/,0.100000,0.000000,840,840,840,840,840,840,840,840,840,840,840,150,0,310,361.2733333333333,160,1191,10192.286666666667
1637174509,1,,Aggregated,1.200000,0.000000,960,1100,1800,1800,2000,2000,2000,2000,2000,2000,2000,944,0,270,345.70974576271186,9,2059,5846.833686440678
1637174510,1,GET,/,0.200000,0.000000,1100,1100,1700,1700,1700,1700,1700,1700,1700,1700,1700,242,0,320,382.07438016528926,147,1677,9942.53305785124
1637174510,1,POST,/,0.200000,0.000000,2000,2000,2000,2000,2000,2000,2000,2000,2000,2000,2000,35,0,940,968.4,496,2059,9704.314285714287
1637174510,1,GET,/auth/find-friends/,0.400000,0.000000,650,650,960,960,960,960,960,960,960,960,960,300,0,200,254.53,94,1145,1974.0
1637174510,1,GET,/auth/login/,0.000000,0.000000,0,0,0,0,0,0,0,0,0,0,0,1,0,597,597.0,597,597,2961.0
1637174510,1,POST,/auth/login/,0.000000,0.000000,0,0,0,0,0,0,0,0,0,0,0,34,0,480,617.0882352941177,227,1812,10189.058823529413
1637174510,1,GET,/auth/logout/,0.000000,0.000000,0,0,0,0,0,0,0,0,0,0,0,33,0,130,131.42424242424244,9,430,1712.0
1637174510,1,POST,/auth/modify-friend/,0.100000,0.000000,830,830,830,830,830,830,830,830,830,830,830,150,0,270,301.37333333333333,135,1132,1713.0
1637174510,1,GET,/public/,0.200000,0.000000,840,840,840,840,840,840,840,840,840,840,840,150,0,310,361.2733333333333,160,1191,10192.286666666667
1637174510,1,,Aggregated,1.100000,0.000000,960,1100,1700,1800,2000,2000,2000,2000,2000,2000,2000,945,0,280,347.1185185185185,9,2059,5851.451851851852
1637174511,1,GET,/,0.200000,0.000000,1700,1700,1700,1700,1700,1700,1700,1700,1700,1700,1700,242,0,320,382.07438016528926,147,1677,9942.53305785124
1637174511,1,POST,/,0.200000,0.000000,2000,2000,2000,2000,2000,2000,2000,2000,2000,2000,2000,35,0,940,968.4,496,2059,9704.314285714287
1637174511,1,GET,/auth/find-friends/,0.400000,0.000000,650,650,960,960,960,960,960,960,960,960,960,300,0,200,254.53,94,1145,1974.0
1637174511,1,GET,/auth/login/,0.000000,0.000000,0,0,0,0,0,0,0,0,0,0,0,1,0,597,597.0,597,597,2961.0
1637174511,1,POST,/auth/login/,0.000000,0.000000,0,0,0,0,0,0,0,0,0,0,0,34,0,480,617.0882352941177,227,1812,10189.058823529413
1637174511,1,GET,/auth/logout/,0.000000,0.000000,0,0,0,0,0,0,0,0,0,0,0,33,0,130,131.42424242424244,9,430,1712.0
1637174511,1,POST,/auth/modify-friend/,0.100000,0.000000,830,830,830,830,830,830,830,830,830,830,830,150,0,270,301.37333333333333,135,1132,1713.0
1637174511,1,GET,/public/,0.200000,0.000000,840,840,840,840,840,840,840,840,840,840,840,150,0,310,361.2733333333333,160,1191,10192.286666666667
1637174511,1,,Aggregated,1.100000,0.000000,1100,1700,1800,1800,2000,2000,2000,2000,2000,2000,2000,945,0,280,347.1185185185185,9,2059,5851.451851851852
1637174512,1,GET,/,0.200000,0.000000,1700,1700,1700,1700,1700,1700,1700,1700,1700,1700,1700,242,0,320,382.07438016528926,147,1677,9942.53305785124
1637174512,1,POST,/,0.200000,0.000000,2000,2000,2000,2000,2000,2000,2000,2000,2000,2000,2000,35,0,940,968.4,496,2059,9704.314285714287
1637174512,1,GET,/auth/find-friends/,0.300000,0.000000,650,650,960,960,960,960,960,960,960,960,960,300,0,200,254.53,94,1145,1974.0
1637174512,1,GET,/auth/login/,0.000000,0.000000,0,0,0,0,0,0,0,0,0,0,0,1,0,597,597.0,597,597,2961.0
1637174512,1,POST,/auth/login/,0.000000,0.000000,0,0,0,0,0,0,0,0,0,0,0,34,0,480,617.0882352941177,227,1812,10189.058823529413
1637174512,1,GET,/auth/logout/,0.000000,0.000000,0,0,0,0,0,0,0,0,0,0,0,33,0,130,131.42424242424244,9,430,1712.0
1637174512,1,POST,/auth/modify-friend/,0.200000,0.000000,830,830,830,830,830,830,830,830,830,830,830,150,0,270,301.37333333333333,135,1132,1713.0
1637174512,1,GET,/public/,0.100000,0.000000,1300,1300,1300,1300,1300,1300,1300,1300,1300,1300,1300,151,0,310,367.78145695364236,160,1344,10192.74834437086
1637174512,1,,Aggregated,1.000000,0.000000,1100,1300,1700,1700,1800,1800,1800,1800,1800,1800,1800,946,0,280,348.1723044397463,9,2059,5856.114164904862
1637174513,1,GET,/,0.200000,0.000000,1700,1700,1700,1700,1700,1700,1700,1700,1700,1700,1700,242,0,320,382.07438016528926,147,1677,9942.53305785124
1637174513,1,POST,/,0.200000,0.000000,1800,1800,1800,1800,1800,1800,1800,1800,1800,1800,1800,35,0,940,968.4,496,2059,9704.314285714287
1637174513,1,GET,/auth/find-friends/,0.200000,0.000000,960,960,1000,1000,1000,1000,1000,1000,1000,1000,1000,302,0,200,257.37417218543044,94,1145,1974.0
1637174513,1,GET,/auth/login/,0.000000,0.000000,0,0,0,0,0,0,0,0,0,0,0,1,0,597,597.0,597,597,2961.0
1637174513,1,POST,/auth/login/,0.000000,0.000000,0,0,0,0,0,0,0,0,0,0,0,34,0,480,617.0882352941177,227,1812,10189.058823529413
1637174513,1,GET,/auth/logout/,0.000000,0.000000,0,0,0,0,0,0,0,0,0,0,0,33,0,130,131.42424242424244,9,430,1712.0
1637174513,1,POST,/auth/modify-friend/,0.100000,0.000000,830,830,830,830,830,830,830,830,830,830,830,150,0,270,301.37333333333333,135,1132,1713.0
1637174513,1,GET,/public/,0.100000,0.000000,1300,1300,1300,1300,1300,1300,1300,1300,1300,1300,1300,151,0,310,367.78145695364236,160,1344,10192.74834437086
1637174513,1,,Aggregated,0.800000,0.000000,1000,1100,1300,1700,1800,1800,1800,1800,1800,1800,1800,948,0,280,348.8808016877637,9,2059,5847.9240506329115
1637174514,1,GET,/,0.200000,0.000000,1700,1700,1700,1700,1700,1700,1700,1700,1700,1700,1700,242,0,320,382.07438016528926,147,1677,9942.53305785124
1637174514,1,POST,/,0.200000,0.000000,1800,1800,1800,1800,1800,1800,1800,1800,1800,1800,1800,35,0,940,968.4,496,2059,9704.314285714287
1637174514,1,GET,/auth/find-friends/,0.200000,0.000000,960,960,1000,1000,1000,1000,1000,1000,1000,1000,1000,302,0,200,257.37417218543044,94,1145,1974.0
1637174514,1,GET,/auth/login/,0.000000,0.000000,0,0,0,0,0,0,0,0,0,0,0,1,0,597,597.0,597,597,2961.0
1637174514,1,POST,/auth/login/,0.000000,0.000000,0,0,0,0,0,0,0,0,0,0,0,34,0,480,617.0882352941177,227,1812,10189.058823529413
1637174514,1,GET,/auth/logout/,0.000000,0.000000,0,0,0,0,0,0,0,0,0,0,0,34,0,130,141.76470588235293,9,483,1712.0
1637174514,1,POST,/auth/modify-friend/,0.100000,0.000000,830,830,830,830,830,830,830,830,830,830,830,151,0,270,303.2384105960265,135,1132,1713.0
1637174514,1,GET,/public/,0.200000,0.000000,1300,1300,1300,1300,1300,1300,1300,1300,1300,1300,1300,151,0,310,367.78145695364236,160,1344,10192.74834437086
1637174514,1,,Aggregated,0.900000,0.000000,840,1000,1300,1300,1700,1800,1800,1800,1800,1800,1800,950,0,280,349.2684210526316,9,2059,5839.217894736842
1637174515,1,GET,/,0.200000,0.000000,1700,1700,1700,1700,1700,1700,1700,1700,1700,1700,1700,242,0,320,382.07438016528926,147,1677,9942.53305785124
1637174515,1,POST,/,0.100000,0.000000,1800,1800,1800,1800,1800,1800,1800,1800,1800,1800,1800,35,0,940,968.4,496,2059,9704.314285714287
1637174515,1,GET,/auth/find-friends/,0.300000,0.000000,960,960,1000,1000,1000,1000,1000,1000,1000,1000,1000,302,0,200,257.37417218543044,94,1145,1974.0
1637174515,1,GET,/auth/login/,0.000000,0.000000,0,0,0,0,0,0,0,0,0,0,0,1,0,597,597.0,597,597,2961.0
1637174515,1,POST,/auth/login/,0.000000,0.000000,0,0,0,0,0,0,0,0,0,0,0,35,0,480,605.7142857142857,219,1812,10198.828571428572
1637174515,1,GET,/auth/logout/,0.000000,0.000000,480,480,480,480,480,480,480,480,480,480,480,34,0,130,141.76470588235293,9,483,1712.0
1637174515,1,POST,/auth/modify-friend/,0.100000,0.000000,830,830,830,830,830,830,830,830,830,830,830,151,0,270,303.2384105960265,135,1132,1713.0
1637174515,1,GET,/public/,0.200000,0.000000,1300,1300,1300,1300,1300,1300,1300,1300,1300,1300,1300,151,0,310,367.78145695364236,160,1344,10192.74834437086
1637174515,1,,Aggregated,0.900000,0.000000,830,960,1000,1000,1300,1700,1700,1700,1700,1700,1700,951,0,280,349.1314405888538,9,2059,5844.1514195583595
1637174516,1,GET,/,0.100000,0.000000,330,330,1700,1700,1700,1700,1700,1700,1700,1700,1700,244,0,320,380.75409836065575,116,1677,9946.561475409837
1637174516,1,POST,/,0.100000,0.000000,1800,1800,1800,1800,1800,1800,1800,1800,1800,1800,1800,35,0,940,968.4,496,2059,9704.314285714287
1637174516,1,GET,/auth/find-friends/,0.400000,0.000000,360,650,960,960,1000,1000,1000,1000,1000,1000,1000,305,0,200,255.42950819672132,54,1145,1974.0
1637174516,1,GET,/auth/login/,0.000000,0.000000,0,0,0,0,0,0,0,0,0,0,0,1,0,597,597.0,597,597,2961.0
1637174516,1,POST,/auth/login/,0.000000,0.000000,220,220,220,220,220,220,220,220,220,220,220,35,0,480,605.7142857142857,219,1812,10198.828571428572
1637174516,1,GET,/auth/logout/,0.000000,0.000000,480,480,480,480,480,480,480,480,480,480,480,34,0,130,141.76470588235293,9,483,1712.0
1637174516,1,POST,/auth/modify-friend/,0.200000,0.000000,580,580,830,830,830,830,830,830,830,830,830,152,0,270,301.7368421052632,75,1132,1713.0
1637174516,1,GET,/public/,0.200000,0.000000,840,840,1300,1300,1300,1300,1300,1300,1300,1300,1300,153,0,310,364.45098039215685,111,1344,10193.588235294117
1637174516,1,,Aggregated,1.000000,0.000000,360,580,830,960,1300,1700,1700,1700,1700,1700,1700,959,0,270,347.1803962460897,9,2059,5846.511991657977
1637174517,1,GET,/,0.100000,0.000000,220,330,330,1700,1700,1700,1700,1700,1700,1700,1700,246,0,320,379.0691056910569,116,1677,9950.341463414634
1637174517,1,POST,/,0.100000,0.000000,1800,1800,1800,1800,1800,1800,1800,1800,1800,1800,1800,35,0,940,968.4,496,2059,9704.314285714287
1637174517,1,GET,/auth/find-friends/,0.400000,0.000000,150,360,650,960,1000,1000,1000,1000,1000,1000,1000,308,0,200,253.80844155844156,54,1145,1974.0
1637174517,1,GET,/auth/login/,0.000000,0.000000,0,0,0,0,0,0,0,0,0,0,0,1,0,597,597.0,597,597,2961.0
1637174517,1,POST,/auth/login/,0.000000,0.000000,220,220,220,220,220,220,220,220,220,220,220,35,0,480,605.7142857142857,219,1812,10198.828571428572
1637174517,1,GET,/auth/logout/,0.100000,0.000000,480,480,480,480,480,480,480,480,480,480,480,34,0,130,141.76470588235293,9,483,1712.0
1637174517,1,POST,/auth/modify-friend/,0.200000,0.000000,170,580,580,830,830,830,830,830,830,830,830,154,0,260,299.42857142857144,75,1132,1713.0
1637174517,1,GET,/public/,0.200000,0.000000,120,840,840,1300,1300,1300,1300,1300,1300,1300,1300,154,0,300,362.8376623376623,111,1344,10193.383116883117
1637174517,1,,Aggregated,1.100000,0.000000,150,220,480,580,1000,1300,1700,1700,1700,1700,1700,967,0,270,345.3195449844881,9,2059,5839.853154084798
1637174518,1,GET,/,0.100000,0.000000,220,220,330,330,1700,1700,1700,1700,1700,1700,1700,247,0,320,378.0,115,1677,9952.19028340081
1637174518,1,POST,/,0.100000,0.000000,1800,1800,1800,1800,1800,1800,1800,1800,1800,1800,1800,35,0,940,968.4,496,2059,9704.314285714287
1637174518,1,GET,/auth/find-friends/,0.400000,0.000000,150,360,650,960,1000,1000,1000,1000,1000,1000,1000,308,0,200,253.80844155844156,54,1145,1974.0
1637174518,1,GET,/auth/login/,0.000000,0.000000,0,0,0,0,0,0,0,0,0,0,0,1,0,597,597.0,597,597,2961.0
1637174518,1,POST,/auth/login/,0.000000,0.000000,220,220,220,220,220,220,220,220,220,220,220,35,0,480,605.7142857142857,219,1812,10198.828571428572
1637174518,1,GET,/auth/logout/,0.100000,0.000000,480,480,480,480,480,480,480,480,480,480,480,35,0,130,138.0,9,483,1712.0
1637174518,1,POST,/auth/modify-friend/,0.200000,0.000000,170,580,580,830,830,830,830,830,830,830,830,154,0,260,299.42857142857144,75,1132,1713.0
1637174518,1,GET,/public/,0.200000,0.000000,120,120,1300,1300,1300,1300,1300,1300,1300,1300,1300,154,0,300,362.8376623376623,111,1344,10193.383116883117
1637174518,1,,Aggregated,1.100000,0.000000,120,220,360,480,1000,1300,1700,1700,1700,1700,1700,969,0,270,344.7358101135191,9,2059,5840.306501547988
1637174519,1,GET,/,0.400000,0.000000,220,220,330,330,1700,1700,1700,1700,1700,1700,1700,247,0,320,378.0,115,1677,9952.19028340081
1637174519,1,POST,/,0.000000,0.000000,1800,1800,1800,1800,1800,1800,1800,1800,1800,1800,1800,35,0,940,968.4,496,2059,9704.314285714287
1637174519,1,GET,/auth/find-friends/,0.800000,0.000000,67,68,150,150,360,1000,1000,1000,1000,1000,1000,312,0,190,251.58333333333334,54,1145,1974.0
1637174519,1,GET,/auth/login/,0.000000,0.000000,0,0,0,0,0,0,0,0,0,0,0,1,0,597,597.0,597,597,2961.0
1637174519,1,POST,/auth/login/,0.100000,0.000000,220,220,220,220,220,220,220,220,220,220,220,36,0,470,593.6944444444445,173,1812,10208.972222222223
1637174519,1,GET,/auth/logout/,0.100000,0.000000,480,480,480,480,480,480,480,480,480,480,480,35,0,130,138.0,9,483,1712.0
1637174519,1,POST,/auth/modify-friend/,0.400000,0.000000,98,170,580,580,830,830,830,830,830,830,830,156,0,260,296.72435897435895,75,1132,1713.0
1637174519,1,GET,/public/,0.300000,0.000000,120,120,120,120,1300,1300,1300,1300,1300,1300,1300,156,0,300,359.69871794871796,111,1344,10192.128205128205
1637174519,1,,Aggregated,2.100000,0.000000,120,150,220,330,580,1300,1700,1700,1700,1700,1700,978,0,270,342.4907975460123,9,2059,5829.584867075665
1637174520,1,GET,/,0.600000,0.000000,130,220,330,330,1700,1700,1700,1700,1700,1700,1700,249,0,310,376.0120481927711,115,1677,9957.012048192772
1637174520,1,POST,/,0.000000,0.000000,1800,1800,1800,1800,1800,1800,1800,1800,1800,1800,1800,35,0,940,968.4,496,2059,9704.314285714287
1637174520,1,GET,/auth/find-friends/,0.800000,0.000000,68,130,140,150,360,1000,1000,1000,1000,1000,1000,314,0,190,250.72929936305732,54,1145,1974.0
1637174520,1,GET,/auth/login/,0.000000,0.000000,0,0,0,0,0,0,0,0,0,0,0,1,0,597,597.0,597,597,2961.0
1637174520,1,POST,/auth/login/,0.100000,0.000000,220,220,220,220,220,220,220,220,220,220,220,36,0,470,593.6944444444445,173,1812,10208.972222222223
1637174520,1,GET,/auth/logout/,0.200000,0.000000,480,480,480,480,480,480,480,480,480,480,480,35,0,130,138.0,9,483,1712.0
1637174520,1,POST,/auth/modify-friend/,0.500000,0.000000,79,98,170,170,580,580,580,580,580,580,580,157,0,260,295.312101910828,75,1132,1713.0
1637174520,1,GET,/public/,0.400000,0.000000,120,120,220,220,1300,1300,1300,1300,1300,1300,1300,157,0,300,358.828025477707,111,1344,10191.324840764331
1637174520,1,,Aggregated,2.600000,0.000000,120,130,170,220,480,1000,1300,1300,1300,1300,1300,984,0,270,341.2093495934959,9,2059,5831.469512195122
1637174521,1,GET,/,0.600000,0.000000,130,140,220,330,1700,1700,1700,1700,1700,1700,1700,250,0,310,375.064,115,1677,9959.244
1637174521,1,POST,/,0.000000,0.000000,1800,1800,1800,1800,1800,1800,1800,1800,1800,1800,1800,35,0,940,968.4,496,2059,9704.314285714287
1637174521,1,GET,/auth/find-friends/,1.000000,0.000000,61,68,130,140,360,1000,1000,1000,1000,1000,1000,318,0,190,248.29559748427673,54,1145,1974.0
1637174521,1,GET,/auth/login/,0.000000,0.000000,0,0,0,0,0,0,0,0,0,0,0,1,0,597,597.0,597,597,2961.0
1637174521,1,POST,/auth/login/,0.200000,0.000000,220,220,220,220,220,220,220,220,220,220,220,36,0,470,593.6944444444445,173,1812,10208.972222222223
1637174521,1,GET,/auth/logout/,0.200000,0.000000,480,480,480,480,480,480,480,480,480,480,480,35,0,130,138.0,9,483,1712.0
1637174521,1,POST,/auth/modify-friend/,0.400000,0.000000,77,79,98,170,580,580,580,580,580,580,580,159,0,260,292.5345911949685,74,1132,1713.0
1637174521,1,GET,/public/,0.500000,0.000000,120,120,130,220,1300,1300,1300,1300,1300,1300,1300,160,0,300,354.34375,111,1344,10189.24375
1637174521,1,,Aggregated,2.900000,0.000000,120,130,140,170,330,480,1000,1000,1000,1000,1000,994,0,270,338.6579476861167,9,2059,5825.195171026157
1637174522,1,GET,/,0.600000,0.000000,130,140,220,330,1700,1700,1700,1700,1700,1700,1700,250,0,310,375.064,115,1677,9959.244
1637174522,1,POST,/,0.000000,0.000000,1800,1800,1800,1800,1800,1800,1800,1800,1800,1800,1800,35,0,940,968.4,496,2059,9704.314285714287
1637174522,1,GET,/auth/find-friends/,1.300000,0.000000,61,110,140,150,310,360,360,360,360,360,360,320,0,190,248.490625,54,1145,1974.0
1637174522,1,GET,/auth/login/,0.000000,0.000000,0,0,0,0,0,0,0,0,0,0,0,1,0,597,597.0,597,597,2961.0
1637174522,1,POST,/auth/login/,0.200000,0.000000,220,220,220,220,220,220,220,220,220,220,220,36,0,470,593.6944444444445,173,1812,10208.972222222223
1637174522,1,GET,/auth/logout/,0.200000,0.000000,480,480,480,480,480,480,480,480,480,480,480,35,0,130,138.0,9,483,1712.0
1637174522,1,POST,/auth/modify-friend/,0.600000,0.000000,79,98,170,260,580,580,580,580,580,580,580,160,0,260,292.35625,74,1132,1713.0
1637174522,1,GET,/public/,0.700000,0.000000,120,120,130,220,1300,1300,1300,1300,1300,1300,1300,160,0,300,354.34375,111,1344,10189.24375
1637174522,1,,Aggregated,3.600000,0.000000,120,130,150,220,310,360,580,580,580,580,580,997,0,270,338.4643931795386,9,2059,5813.345035105316
1637174523,1,GET,/,0.600000,0.000000,140,220,220,330,580,580,580,580,580,580,580,252,0,310,375.23015873015873,115,1677,9962.277777777777
1637174523,1,POST,/,0.000000,0.000000,0,0,0,0,0,0,0,0,0,0,0,35,0,940,968.4,496,2059,9704.314285714287
1637174523,1,GET,/auth/find-friends/,1.300000,0.000000,61,110,140,150,310,360,360,360,360,360,360,320,0,190,248.490625,54,1145,1974.0
1637174523,1,GET,/auth/login/,0.000000,0.000000,0,0,0,0,0,0,0,0,0,0,0,1,0,597,597.0,597,597,2961.0
1637174523,1,POST,/auth/login/,0.200000,0.000000,220,220,220,220,220,220,220,220,220,220,220,36,0,470,593.6944444444445,173,1812,10208.972222222223
1637174523,1,GET,/auth/logout/,0.200000,0.000000,480,480,480,480,480,480,480,480,480,480,480,35,0,130,138.0,9,483,1712.0
1637174523,1,POST,/auth/modify-friend/,0.600000,0.000000,79,98,170,260,580,580,580,580,580,580,580,160,0,260,292.35625,74,1132,1713.0
1637174523,1,GET,/public/,0.700000,0.000000,120,120,120,130,220,220,220,220,220,220,220,160,0,300,354.34375,111,1344,10189.24375
1637174523,1,,Aggregated,3.600000,0.000000,120,130,150,220,260,330,580,580,580,580,580,999,0,270,338.57957957957956,9,2059,5822.410410410411
1637174524,1,GET,/,0.800000,0.000000,140,220,220,220,330,580,580,580,580,580,580,253,0,310,374.5810276679842,115,1677,9964.08300395257
1637174524,1,POST,/,0.000000,0.000000,650,650,650,650,650,650,650,650,650,650,650,36,0,910,959.4722222222222,496,2059,9719.638888888889
1637174524,1,GET,/auth/find-friends/,2.000000,0.000000,67,100,130,140,250,310,310,310,310,310,310,322,0,190,247.5310559006211,54,1145,1974.0
1637174524,1,GET,/auth/login/,0.000000,0.000000,0,0,0,0,0,0,0,0,0,0,0,1,0,597,597.0,597,597,2961.0
1637174524,1,POST,/auth/login/,0.200000,0.000000,220,220,220,220,220,220,220,220,220,220,220,36,0,470,593.6944444444445,173,1812,10208.972222222223
1637174524,1,GET,/auth/logout/,0.200000,0.000000,480,480,480,480,480,480,480,480,480,480,480,35,0,130,138.0,9,483,1712.0
1637174524,1,POST,/auth/modify-friend/,0.900000,0.000000,79,98,140,170,260,260,260,260,260,260,260,161,0,260,291.40372670807454,74,1132,1713.0
1637174524,1,GET,/public/,0.900000,0.000000,120,120,130,220,220,220,220,220,220,220,220,161,0,300,353.48447204968943,111,1344,10189.037267080745
1637174524,1,,Aggregated,5.000000,0.000000,120,130,170,220,250,330,580,650,650,650,650,1005,0,270,337.9522388059701,9,2059,5823.960199004975
1637174525,1,GET,/,1.000000,0.000000,130,210,220,220,330,580,580,580,580,580,580,255,0,310,372.54901960784315,111,1677,9967.462745098039
1637174525,1,POST,/,0.000000,0.000000,650,650,650,650,650,650,650,650,650,650,650,37,0,910,942.2162162162163,321,2059,9740.027027027027
1637174525,1,GET,/auth/find-friends/,1.900000,0.000000,67,100,130,140,250,310,310,310,310,310,310,324,0,190,246.35493827160494,54,1145,1974.0
1637174525,1,GET,/auth/login/,0.000000,0.000000,0,0,0,0,0,0,0,0,0,0,0,1,0,597,597.0,597,597,2961.0
1637174525,1,POST,/auth/login/,0.200000,0.000000,220,220,220,220,220,220,220,220,220,220,220,36,0,470,593.6944444444445,173,1812,10208.972222222223
1637174525,1,GET,/auth/logout/,0.200000,0.000000,10,10,10,10,10,10,10,10,10,10,10,35,0,130,138.0,9,483,1712.0
1637174525,1,POST,/auth/modify-friend/,1.000000,0.000000,79,98,140,170,260,260,260,260,260,260,260,162,0,260,290.0617283950617,74,1132,1713.0
1637174525,1,GET,/public/,0.900000,0.000000,120,130,150,150,220,220,220,220,220,220,220,163,0,290,350.7361963190184,109,1344,10190.803680981595
1637174525,1,,Aggregated,5.200000,0.000000,120,130,150,210,260,330,580,650,650,650,650,1013,0,270,336.2694965449161,9,2059,5834.818361303061
1637174526,1,GET,/,1.000000,0.000000,130,140,210,220,580,580,580,580,580,580,580,255,0,310,372.54901960784315,111,1677,9967.462745098039
1637174526,1,POST,/,0.000000,0.000000,650,650,650,650,650,650,650,650,650,650,650,37,0,910,942.2162162162163,321,2059,9740.027027027027
1637174526,1,GET,/auth/find-friends/,1.900000,0.000000,62,100,130,140,250,310,310,310,310,310,310,326,0,190,245.55828220858896,54,1145,1974.0
1637174526,1,GET,/auth/login/,0.000000,0.000000,0,0,0,0,0,0,0,0,0,0,0,1,0,597,597.0,597,597,2961.0
1637174526,1,POST,/auth/login/,0.200000,0.000000,170,170,170,170,170,170,170,170,170,170,170,36,0,470,593.6944444444445,173,1812,10208.972222222223
1637174526,1,GET,/auth/logout/,0.200000,0.000000,130,130,130,130,130,130,130,130,130,130,130,36,0,130,137.83333333333334,9,483,1712.0
1637174526,1,POST,/auth/modify-friend/,1.000000,0.000000,79,98,140,200,260,260,260,260,260,260,260,163,0,260,289.49693251533745,74,1132,1713.0
1637174526,1,GET,/public/,0.900000,0.000000,120,130,150,220,220,220,220,220,220,220,220,163,0,290,350.7361963190184,109,1344,10190.803680981595
1637174526,1,,Aggregated,5.200000,0.000000,120,130,150,200,250,320,580,650,650,650,650,1017,0,260,335.50049164208457,9,2059,5819.118977384464
1637174527,1,GET,/,1.300000,0.000000,130,140,210,220,580,580,580,580,580,580,580,255,0,310,372.54901960784315,111,1677,9967.462745098039
1637174527,1,POST,/,0.100000,0.000000,650,650,650,650,650,650,650,650,650,650,650,37,0,910,942.2162162162163,321,2059,9740.027027027027
1637174527,1,GET,/auth/find-friends/,2.200000,0.000000,67,100,130,140,250,310,310,310,310,310,310,326,0,190,245.55828220858896,54,1145,1974.0
1637174527,1,GET,/auth/login/,0.000000,0.000000,0,0,0,0,0,0,0,0,0,0,0,1,0,597,597.0,597,597,2961.0
1637174527,1,POST,/auth/login/,0.200000,0.000000,300,300,300,300,300,300,300,300,300,300,300,37,0,470,585.6756756756756,173,1812,10219.702702702703
1637174527,1,GET,/auth/logout/,0.100000,0.000000,130,130,130,130,130,130,130,130,130,130,130,36,0,130,137.83333333333334,9,483,1712.0
1637174527,1,POST,/auth/modify-friend/,1.100000,0.000000,79,98,140,200,260,260,260,260,260,260,260,163,0,260,289.49693251533745,74,1132,1713.0
1637174527,1,GET,/public/,1.100000,0.000000,120,130,150,220,220,220,220,220,220,220,220,163,0,290,350.7361963190184,109,1344,10190.803680981595
1637174527,1,,Aggregated,6.100000,0.000000,120,140,170,220,300,320,650,650,650,650,650,1018,0,260,335.46267190569745,9,2059,5823.821218074656
1637174528,1,GET,/,1.300000,0.000000,140,210,220,220,580,580,580,580,580,580,580,255,0,310,372.54901960784315,111,1677,9967.462745098039
1637174528,1,POST,/,0.100000,0.000000,650,650,650,650,650,650,650,650,650,650,650,37,0,910,942.2162162162163,321,2059,9740.027027027027
1637174528,1,GET,/auth/find-friends/,2.200000,0.000000,88,98,110,130,250,310,310,310,310,310,310,328,0,190,244.6310975609756,54,1145,1974.0
1637174528,1,GET,/auth/login/,0.000000,0.000000,0,0,0,0,0,0,0,0,0,0,0,1,0,597,597.0,597,597,2961.0
1637174528,1,POST,/auth/login/,0.200000,0.000000,300,300,300,300,300,300,300,300,300,300,300,37,0,470,585.6756756756756,173,1812,10219.702702702703
1637174528,1,GET,/auth/logout/,0.100000,0.000000,120,120,130,130,130,130,130,130,130,130,130,37,0,130,137.2972972972973,9,483,1712.0
1637174528,1,POST,/auth/modify-friend/,1.100000,0.000000,98,140,140,200,260,260,260,260,260,260,260,164,0,250,288.5731707317073,74,1132,1713.0
1637174528,1,GET,/public/,1.100000,0.000000,130,150,220,220,260,260,260,260,260,260,260,164,0,280,350.1585365853659,109,1344,10191.524390243903
1637174528,1,,Aggregated,6.100000,0.000000,120,140,200,220,300,320,650,650,650,650,650,1023,0,260,334.50635386119257,9,2059,5812.641251221897
1637174529,1,GET,/,1.000000,0.000000,140,210,220,220,580,580,580,580,580,580,580,255,0,310,372.54901960784315,111,1677,9967.462745098039
1637174529,1,POST,/,0.200000,0.000000,650,650,650,650,650,650,650,650,650,650,650,37,0,910,942.2162162162163,321,2059,9740.027027027027
1637174529,1,GET,/auth/find-friends/,2.000000,0.000000,88,98,130,170,250,310,310,310,310,310,310,328,0,190,244.6310975609756,54,1145,1974.0
1637174529,1,GET,/auth/login/,0.000000,0.000000,0,0,0,0,0,0,0,0,0,0,0,1,0,597,597.0,597,597,2961.0
1637174529,1,POST,/auth/login/,0.100000,0.000000,170,170,300,300,300,300,300,300,300,300,300,38,0,450,574.4736842105264,160,1812,10229.71052631579
1637174529,1,GET,/auth/logout/,0.200000,0.000000,120,120,130,130,130,130,130,130,130,130,130,38,0,120,133.89473684210526,8,483,1712.0
1637174529,1,POST,/auth/modify-friend/,1.000000,0.000000,140,140,200,200,260,260,260,260,260,260,260,164,0,250,288.5731707317073,74,1132,1713.0
1637174529,1,GET,/public/,1.000000,0.000000,130,150,220,220,260,260,260,260,260,260,260,164,0,280,350.1585365853659,109,1344,10191.524390243903
1637174529,1,,Aggregated,5.500000,0.000000,130,140,200,220,300,320,650,650,650,650,650,1025,0,260,334.01756097560974,8,2059,5813.311219512195
1637174530,1,GET,/,1.000000,0.000000,210,210,220,220,580,580,580,580,580,580,580,255,0,310,372.54901960784315,111,1677,9967.462745098039
1637174530,1,POST,/,0.200000,0.000000,650,650,650,650,650,650,650,650,650,650,650,37,0,910,942.2162162162163,321,2059,9740.027027027027
1637174530,1,GET,/auth/find-friends/,2.000000,0.000000,98,100,170,250,310,310,310,310,310,310,310,328,0,190,244.6310975609756,54,1145,1974.0
1637174530,1,GET,/auth/login/,0.000000,0.000000,0,0,0,0,0,0,0,0,0,0,0,1,0,597,597.0,597,597,2961.0
1637174530,1,POST,/auth/login/,0.100000,0.000000,170,170,300,300,300,300,300,300,300,300,300,38,0,450,574.4736842105264,160,1812,10229.71052631579
1637174530,1,GET,/auth/logout/,0.200000,0.000000,120,120,130,130,130,130,130,130,130,130,130,38,0,120,133.89473684210526,8,483,1712.0
1637174530,1,POST,/auth/modify-friend/,1.000000,0.000000,140,140,200,200,260,260,260,260,260,260,260,164,0,250,288.5731707317073,74,1132,1713.0
1637174530,1,GET,/public/,1.000000,0.000000,150,220,220,260,260,260,260,260,260,260,260,164,0,280,350.1585365853659,109,1344,10191.524390243903
1637174530,1,,Aggregated,5.500000,0.000000,140,200,220,260,310,580,650,650,650,650,650,1025,0,260,334.01756097560974,8,2059,5813.311219512195
1637174531,1,GET,/,0.800000,0.000000,210,220,220,580,580,580,580,580,580,580,580,255,0,310,372.54901960784315,111,1677,9967.462745098039
1637174531,1,POST,/,0.200000,0.000000,650,650,650,650,650,650,650,650,650,650,650,37,0,910,942.2162162162163,321,2059,9740.027027027027
1637174531,1,GET,/auth/find-friends/,1.800000,0.000000,100,150,170,170,250,310,310,310,310,310,310,330,0,190,244.12121212121212,54,1145,1974.0
1637174531,1,GET,/auth/login/,0.000000,0.000000,0,0,0,0,0,0,0,0,0,0,0,1,0,597,597.0,597,597,2961.0
1637174531,1,POST,/auth/login/,0.100000,0.000000,300,300,370,370,370,370,370,370,370,370,370,39,0,450,569.2564102564103,160,1812,10232.25641025641
1637174531,1,GET,/auth/logout/,0.200000,0.000000,120,120,130,130,130,130,130,130,130,130,130,38,0,120,133.89473684210526,8,483,1712.0
1637174531,1,POST,/auth/modify-friend/,1.000000,0.000000,200,200,210,210,260,260,260,260,260,260,260,165,0,250,288.07272727272726,74,1132,1713.0
1637174531,1,GET,/public/,0.900000,0.000000,220,220,220,220,260,260,260,260,260,260,260,165,0,280,349.3878787878788,109,1344,10190.818181818182
1637174531,1,,Aggregated,5.000000,0.000000,150,210,220,260,320,580,650,650,650,650,650,1030,0,260,333.4844660194175,8,2059,5810.397087378641
1637174532,1,GET,/,0.800000,0.000000,210,210,360,360,360,360,360,360,360,360,360,256,0,310,372.5078125,111,1677,9968.96875
1637174532,1,POST,/,0.200000,0.000000,650,650,650,650,650,650,650,650,650,650,650,37,0,910,942.2162162162163,321,2059,9740.027027027027
1637174532,1,GET,/auth/find-friends/,1.500000,0.000000,62,89,100,150,170,170,170,170,170,170,170,335,0,190,241.3223880597015,54,1145,1974.0
1637174532,1,GET,/auth/login/,0.000000,0.000000,0,0,0,0,0,0,0,0,0,0,0,1,0,597,597.0,597,597,2961.0
1637174532,1,POST,/auth/login/,0.200000,0.000000,300,300,370,370,370,370,370,370,370,370,370,39,0,450,569.2564102564103,160,1812,10232.25641025641
1637174532,1,GET,/auth/logout/,0.300000,0.000000,120,120,130,130,130,130,130,130,130,130,130,38,0,120,133.89473684210526,8,483,1712.0
1637174532,1,POST,/auth/modify-friend/,0.800000,0.000000,140,200,210,210,260,260,260,260,260,260,260,167,0,240,285.5149700598802,74,1132,1713.0
1637174532,1,GET,/public/,0.700000,0.000000,150,220,220,220,260,260,260,260,260,260,260,168,0,280,345.2916666666667,109,1344,10189.25
1637174532,1,,Aggregated,4.500000,0.000000,120,150,200,210,300,360,650,650,650,650,650,1041,0,260,331.0691642651297,8,2059,5800.832853025937
1637174533,1,GET,/,0.600000,0.000000,180,180,360,360,360,360,360,360,360,360,360,257,0,310,371.7431906614786,111,1677,9970.342412451362
1637174533,1,POST,/,0.200000,0.000000,650,650,650,650,650,650,650,650,650,650,650,37,0,910,942.2162162162163,321,2059,9740.027027027027
1637174533,1,GET,/auth/find-friends/,1.100000,0.000000,62,89,100,150,170,170,170,170,170,170,170,338,0,180,240.02662721893492,54,1145,1974.0
1637174533,1,GET,/auth/login/,0.000000,0.000000,0,0,0,0,0,0,0,0,0,0,0,1,0,597,597.0,597,597,2961.0
1637174533,1,POST,/auth/login/,0.300000,0.000000,300,300,370,370,370,370,370,370,370,370,370,39,0,450,569.2564102564103,160,1812,10232.25641025641
1637174533,1,GET,/auth/logout/,0.300000,0.000000,120,120,130,130,130,130,130,130,130,130,130,38,0,120,133.89473684210526,8,483,1712.0
1637174533,1,POST,/auth/modify-friend/,0.600000,0.000000,140,140,170,200,210,210,210,210,210,210,210,169,0,240,283.7455621301775,74,1132,1713.0
1637174533,1,GET,/public/,0.600000,0.000000,130,150,220,220,260,260,260,260,260,260,260,169,0,280,343.9940828402367,109,1344,10189.112426035503
1637174533,1,,Aggregated,3.700000,0.000000,120,150,170,180,260,320,370,370,370,370,370,1048,0,260,329.6784351145038,8,2059,5790.5562977099235
1637174534,1,GET,/,0.600000,0.000000,170,180,180,360,360,360,360,360,360,360,360,258,0,310,370.95348837209303,111,1677,9971.89534883721
1637174534,1,POST,/,0.200000,0.000000,320,320,320,320,320,320,320,320,320,320,320,38,0,910,925.2105263157895,296,2059,9758.21052631579
1637174534,1,GET,/auth/find-friends/,1.200000,0.000000,89,120,170,170,170,170,170,170,170,170,170,340,0,180,239.46176470588236,54,1145,1974.0
1637174534,1,GET,/auth/login/,0.000000,0.000000,0,0,0,0,0,0,0,0,0,0,0,1,0,597,597.0,597,597,2961.0
1637174534,1,POST,/auth/login/,0.300000,0.000000,300,300,370,370,370,370,370,370,370,370,370,39,0,450,569.2564102564103,160,1812,10232.25641025641
1637174534,1,GET,/auth/logout/,0.300000,0.000000,120,120,130,130,130,130,130,130,130,130,130,38,0,120,133.89473684210526,8,483,1712.0
1637174534,1,POST,/auth/modify-friend/,0.700000,0.000000,170,180,200,200,210,210,210,210,210,210,210,170,0,230,283.15294117647056,74,1132,1713.0
1637174534,1,GET,/public/,0.600000,0.000000,150,170,220,220,260,260,260,260,260,260,260,170,0,280,342.99411764705883,109,1344,10188.811764705883
1637174534,1,,Aggregated,3.900000,0.000000,140,170,180,200,300,320,370,370,370,370,370,1054,0,260,328.853889943074,8,2059,5792.318785578747
1637174535,1,GET,/,0.400000,0.000000,180,180,230,230,360,360,360,360,360,360,360,260,0,310,369.66923076923075,111,1677,9975.388461538461
1637174535,1,POST,/,0.200000,0.000000,320,320,320,320,320,320,320,320,320,320,320,38,0,910,925.2105263157895,296,2059,9758.21052631579
1637174535,1,GET,/auth/find-friends/,1.700000,0.000000,89,99,150,170,170,170,170,170,170,170,170,342,0,180,238.59649122807016,54,1145,1974.0
1637174535,1,GET,/auth/login/,0.000000,0.000000,0,0,0,0,0,0,0,0,0,0,0,1,0,597,597.0,597,597,2961.0
1637174535,1,POST,/auth/login/,0.300000,0.000000,300,300,370,370,370,370,370,370,370,370,370,39,0,450,569.2564102564103,160,1812,10232.25641025641
1637174535,1,GET,/auth/logout/,0.300000,0.000000,120,120,130,130,130,130,130,130,130,130,130,38,0,120,133.89473684210526,8,483,1712.0
1637174535,1,POST,/auth/modify-friend/,0.800000,0.000000,160,170,180,200,210,210,210,210,210,210,210,171,0,230,282.4035087719298,74,1132,1713.0
1637174535,1,GET,/public/,0.900000,0.000000,150,170,220,220,260,260,260,260,260,260,260,171,0,280,342.280701754386,109,1344,10187.959064327486
1637174535,1,,Aggregated,4.600000,0.000000,150,170,180,210,300,320,370,370,370,370,370,1060,0,260,327.9047169811321,8,2059,5794.018867924528
1637174536,1,GET,/,0.400000,0.000000,180,220,230,230,360,360,360,360,360,360,360,261,0,310,369.0919540229885,111,1677,9977.11877394636
1637174536,1,POST,/,0.100000,0.000000,320,320,320,320,320,320,320,320,320,320,320,38,0,910,925.2105263157895,296,2059,9758.21052631579
1637174536,1,GET,/auth/find-friends/,2.000000,0.000000,91,99,120,150,170,170,170,170,170,170,170,344,0,180,237.7703488372093,54,1145,1974.0
1637174536,1,GET,/auth/login/,0.000000,0.000000,0,0,0,0,0,0,0,0,0,0,0,1,0,597,597.0,597,597,2961.0
1637174536,1,POST,/auth/login/,0.300000,0.000000,300,300,370,370,370,370,370,370,370,370,370,39,0,450,569.2564102564103,160,1812,10232.25641025641
1637174536,1,GET,/auth/logout/,0.300000,0.000000,120,120,120,120,120,120,120,120,120,120,120,38,0,120,133.89473684210526,8,483,1712.0
1637174536,1,POST,/auth/modify-friend/,0.900000,0.000000,160,170,180,210,290,290,290,290,290,290,290,172,0,230,282.45348837209303,74,1132,1713.0
1637174536,1,GET,/public/,1.000000,0.000000,170,180,220,220,260,260,260,260,260,260,260,172,0,270,341.36046511627904,109,1344,10187.57558139535
1637174536,1,,Aggregated,5.000000,0.000000,150,170,180,220,290,300,370,370,370,370,370,1065,0,260,327.1981220657277,8,2059,5791.427230046948
1637174537,1,GET,/,0.400000,0.000000,230,240,270,270,360,360,360,360,360,360,360,263,0,310,368.2091254752852,111,1677,9980.403041825095
1637174537,1,POST,/,0.200000,0.000000,320,320,320,320,320,320,320,320,320,320,320,38,0,910,925.2105263157895,296,2059,9758.21052631579
1637174537,1,GET,/auth/find-friends/,1.700000,0.000000,96,100,120,150,170,170,170,170,170,170,170,346,0,180,236.97398843930637,54,1145,1974.0
1637174537,1,GET,/auth/login/,0.000000,0.000000,0,0,0,0,0,0,0,0,0,0,0,1,0,597,597.0,597,597,2961.0
1637174537,1,POST,/auth/login/,0.300000,0.000000,300,300,370,370,370,370,370,370,370,370,370,39,0,450,569.2564102564103,160,1812,10232.25641025641
1637174537,1,GET,/auth/logout/,0.300000,0.000000,120,120,120,120,120,120,120,120,120,120,120,38,0,120,133.89473684210526,8,483,1712.0
1637174537,1,POST,/auth/modify-friend/,0.800000,0.000000,160,170,180,210,290,290,290,290,290,290,290,173,0,230,281.5838150289017,74,1132,1713.0
1637174537,1,GET,/public/,0.900000,0.000000,180,210,220,220,260,260,260,260,260,260,260,173,0,270,340.5838150289017,109,1344,10187.872832369942
1637174537,1,,Aggregated,4.600000,0.000000,150,170,210,220,270,300,360,370,370,370,370,1071,0,260,326.3408029878618,8,2059,5793.266106442577
1637174538,1,GET,/,0.400000,0.000000,230,240,270,270,360,360,360,360,360,360,360,263,0,310,368.2091254752852,111,1677,9980.403041825095
1637174538,1,POST,/,0.200000,0.000000,320,320,320,320,320,320,320,320,320,320,320,38,0,910,925.2105263157895,296,2059,9758.21052631579
1637174538,1,GET,/auth/find-friends/,1.700000,0.000000,96,100,120,150,170,170,170,170,170,170,170,346,0,180,236.97398843930637,54,1145,1974.0
1637174538,1,GET,/auth/login/,0.000000,0.000000,0,0,0,0,0,0,0,0,0,0,0,1,0,597,597.0,597,597,2961.0
1637174538,1,POST,/auth/login/,0.300000,0.000000,370,370,370,370,370,370,370,370,370,370,370,39,0,450,569.2564102564103,160,1812,10232.25641025641
1637174538,1,GET,/auth/logout/,0.300000,0.000000,110,110,110,110,110,110,110,110,110,110,110,39,0,120,133.30769230769232,8,483,1712.0
1637174538,1,POST,/auth/modify-friend/,0.800000,0.000000,160,170,180,210,290,290,290,290,290,290,290,173,0,230,281.5838150289017,74,1132,1713.0
1637174538,1,GET,/public/,0.900000,0.000000,170,180,210,220,220,220,220,220,220,220,220,173,0,270,340.5838150289017,109,1344,10187.872832369942
1637174538,1,,Aggregated,4.600000,0.000000,150,170,180,220,270,300,370,370,370,370,370,1072,0,260,326.1399253731343,8,2059,5789.45895522388
1637174539,1,GET,/,0.800000,0.000000,220,230,240,270,360,360,360,360,360,360,360,264,0,300,367.530303030303,111,1677,9982.886363636364
1637174539,1,POST,/,0.100000,0.000000,300,300,300,300,300,300,300,300,300,300,300,38,0,910,925.2105263157895,296,2059,9758.21052631579
1637174539,1,GET,/auth/find-friends/,1.800000,0.000000,96,100,120,150,170,170,170,170,170,170,170,346,0,180,236.97398843930637,54,1145,1974.0
1637174539,1,GET,/auth/login/,0.000000,0.000000,0,0,0,0,0,0,0,0,0,0,0,1,0,597,597.0,597,597,2961.0
1637174539,1,POST,/auth/login/,0.300000,0.000000,370,370,370,370,370,370,370,370,370,370,370,40,0,390,560.6,160,1812,10240.5
1637174539,1,GET,/auth/logout/,0.200000,0.000000,110,110,110,110,110,110,110,110,110,110,110,40,0,110,132.825,8,483,1712.0
1637174539,1,POST,/auth/modify-friend/,0.900000,0.000000,160,170,180,210,290,290,290,290,290,290,290,173,0,230,281.5838150289017,74,1132,1713.0
1637174539,1,GET,/public/,0.900000,0.000000,170,180,210,220,220,220,220,220,220,220,220,173,0,270,340.5838150289017,109,1344,10187.872832369942
1637174539,1,,Aggregated,5.000000,0.000000,160,180,210,220,270,300,370,370,370,370,370,1075,0,260,325.71906976744185,8,2059,5794.613953488372
1637174540,1,GET,/,0.800000,0.000000,220,230,240,270,360,360,360,360,360,360,360,264,0,300,367.530303030303,111,1677,9982.886363636364
1637174540,1,POST,/,0.100000,0.000000,300,300,300,300,300,300,300,300,300,300,300,38,0,910,925.2105263157895,296,2059,9758.21052631579
1637174540,1,GET,/auth/find-friends/,1.800000,0.000000,91,99,100,120,170,170,170,170,170,170,170,347,0,180,236.46974063400577,54,1145,1974.0
1637174540,1,GET,/auth/login/,0.000000,0.000000,0,0,0,0,0,0,0,0,0,0,0,1,0,597,597.0,597,597,2961.0
1637174540,1,POST,/auth/login/,0.200000,0.000000,220,220,370,370,370,370,370,370,370,370,370,41,0,390,551.5853658536586,160,1812,10252.024390243903
1637174540,1,GET,/auth/logout/,0.200000,0.000000,110,110,110,110,110,110,110,110,110,110,110,40,0,110,132.825,8,483,1712.0
1637174540,1,POST,/auth/modify-friend/,0.900000,0.000000,160,170,180,210,290,290,290,290,290,290,290,173,0,230,281.5838150289017,74,1132,1713.0
1637174540,1,GET,/public/,0.900000,0.000000,130,170,180,210,220,220,220,220,220,220,220,174,0,270,339.2701149425287,109,1344,10189.01724137931
1637174540,1,,Aggregated,4.900000,0.000000,130,180,190,210,240,290,360,360,360,360,360,1078,0,260,325.15120593692023,8,2059,5799.892393320964
1637174541,1,GET,/,0.800000,0.000000,220,230,240,270,360,360,360,360,360,360,360,264,0,300,367.530303030303,111,1677,9982.886363636364
1637174541,1,POST,/,0.100000,0.000000,300,300,300,300,300,300,300,300,300,300,300,38,0,910,925.2105263157895,296,2059,9758.21052631579
1637174541,1,GET,/auth/find-friends/,1.800000,0.000000,96,100,120,120,170,170,170,170,170,170,170,348,0,180,236.2528735632184,54,1145,1974.0
1637174541,1,GET,/auth/login/,0.000000,0.000000,0,0,0,0,0,0,0,0,0,0,0,1,0,597,597.0,597,597,2961.0
1637174541,1,POST,/auth/login/,0.200000,0.000000,220,220,370,370,370,370,370,370,370,370,370,41,0,390,551.5853658536586,160,1812,10252.024390243903
1637174541,1,GET,/auth/logout/,0.200000,0.000000,110,110,110,110,110,110,110,110,110,110,110,41,0,110,130.8780487804878,8,483,1712.0
1637174541,1,POST,/auth/modify-friend/,0.900000,0.000000,170,170,180,180,290,290,290,290,290,290,290,174,0,230,280.94827586206895,74,1132,1713.0
1637174541,1,GET,/public/,0.900000,0.000000,170,180,210,210,220,220,220,220,220,220,220,174,0,270,339.2701149425287,109,1344,10189.01724137931
1637174541,1,,Aggregated,4.900000,0.000000,160,170,180,190,230,270,300,300,300,300,300,1081,0,260,324.6049953746531,8,2059,5788.790934320074
1637174542,1,GET,/,0.900000,0.000000,190,220,230,240,270,270,270,270,270,270,270,265,0,300,366.60377358490564,111,1677,9985.11320754717
1637174542,1,POST,/,0.100000,0.000000,300,300,300,300,300,300,300,300,300,300,300,38,0,910,925.2105263157895,296,2059,9758.21052631579
1637174542,1,GET,/auth/find-friends/,1.800000,0.000000,100,120,160,160,170,170,170,170,170,170,170,348,0,180,236.2528735632184,54,1145,1974.0
1637174542,1,GET,/auth/login/,0.000000,0.000000,0,0,0,0,0,0,0,0,0,0,0,1,0,597,597.0,597,597,2961.0
1637174542,1,POST,/auth/login/,0.200000,0.000000,240,240,370,370,370,370,370,370,370,370,370,42,0,370,544.2380952380952,160,1812,10261.357142857143
1637174542,1,GET,/auth/logout/,0.200000,0.000000,53,110,110,110,110,110,110,110,110,110,110,42,0,110,127.97619047619048,8,483,1712.0
1637174542,1,POST,/auth/modify-friend/,0.900000,0.000000,170,170,180,180,290,290,290,290,290,290,290,174,0,230,280.94827586206895,74,1132,1713.0
1637174542,1,GET,/public/,0.900000,0.000000,180,210,210,220,220,220,220,220,220,220,220,174,0,270,339.2701149425287,109,1344,10189.01724137931
1637174542,1,,Aggregated,5.000000,0.000000,170,180,210,220,240,290,300,300,300,300,300,1084,0,250,324.0516605166052,8,2059,5793.922509225093
1637174543,1,GET,/,0.900000,0.000000,220,230,240,240,270,270,270,270,270,270,270,265,0,300,366.60377358490564,111,1677,9985.11320754717
1637174543,1,POST,/,0.100000,0.000000,300,300,300,300,300,300,300,300,300,300,300,38,0,910,925.2105263157895,296,2059,9758.21052631579
1637174543,1,GET,/auth/find-friends/,1.800000,0.000000,99,100,100,100,160,160,160,160,160,160,160,348,0,180,236.2528735632184,54,1145,1974.0
1637174543,1,GET,/auth/login/,0.000000,0.000000,0,0,0,0,0,0,0,0,0,0,0,1,0,597,597.0,597,597,2961.0
1637174543,1,POST,/auth/login/,0.200000,0.000000,240,240,370,370,370,370,370,370,370,370,370,42,0,370,544.2380952380952,160,1812,10261.357142857143
1637174543,1,GET,/auth/logout/,0.200000,0.000000,110,110,110,110,110,110,110,110,110,110,110,42,0,110,127.97619047619048,8,483,1712.0
1637174543,1,POST,/auth/modify-friend/,0.900000,0.000000,170,180,180,290,290,290,290,290,290,290,290,174,0,230,280.94827586206895,74,1132,1713.0
1637174543,1,GET,/public/,0.900000,0.000000,210,210,220,220,220,220,220,220,220,220,220,174,0,270,339.2701149425287,109,1344,10189.01724137931
1637174543,1,,Aggregated,5.000000,0.000000,170,190,220,220,240,290,300,300,300,300,300,1084,0,250,324.0516605166052,8,2059,5793.922509225093
1637174544,1,GET,/,0.800000,0.000000,220,230,240,240,270,270,270,270,270,270,270,266,0,300,365.8383458646617,111,1677,9986.977443609023
1637174544,1,POST,/,0.100000,0.000000,300,300,300,300,300,300,300,300,300,300,300,38,0,910,925.2105263157895,296,2059,9758.21052631579
1637174544,1,GET,/auth/find-friends/,1.600000,0.000000,99,100,100,120,160,160,160,160,160,160,160,350,0,180,235.4257142857143,54,1145,1974.0
1637174544,1,GET,/auth/login/,0.000000,0.000000,0,0,0,0,0,0,0,0,0,0,0,1,0,597,597.0,597,597,2961.0
1637174544,1,POST,/auth/login/,0.200000,0.000000,240,240,330,330,330,330,330,330,330,330,330,43,0,370,539.2325581395348,160,1812,10267.209302325582
1637174544,1,GET,/auth/logout/,0.300000,0.000000,53,110,110,110,110,110,110,110,110,110,110,43,0,110,125.18604651162791,8,483,1712.0
1637174544,1,POST,/auth/modify-friend/,0.800000,0.000000,160,170,170,290,290,290,290,290,290,290,290,175,0,230,279.77142857142854,74,1132,1713.0
1637174544,1,GET,/public/,0.800000,0.000000,180,180,210,210,210,210,210,210,210,210,210,175,0,270,338.2742857142857,109,1344,10188.725714285714
1637174544,1,,Aggregated,4.600000,0.000000,160,180,210,220,240,290,330,330,330,330,330,1091,0,250,322.8185151237397,8,2059,5792.041246562786
1637174545,1,GET,/,0.900000,0.000000,220,220,240,240,270,270,270,270,270,270,270,266,0,300,365.8383458646617,111,1677,9986.977443609023
1637174545,1,POST,/,0.100000,0.000000,300,300,300,300,300,300,300,300,300,300,300,38,0,910,925.2105263157895,296,2059,9758.21052631579
1637174545,1,GET,/auth/find-friends/,1.100000,0.000000,99,100,100,120,160,160,160,160,160,160,160,350,0,180,235.4257142857143,54,1145,1974.0
1637174545,1,GET,/auth/login/,0.000000,0.000000,0,0,0,0,0,0,0,0,0,0,0,1,0,597,597.0,597,597,2961.0
1637174545,1,POST,/auth/login/,0.300000,0.000000,240,280,280,330,330,330,330,330,330,330,330,44,0,370,533.4090909090909,160,1812,10272.09090909091
1637174545,1,GET,/auth/logout/,0.400000,0.000000,53,110,110,110,110,110,110,110,110,110,110,43,0,110,125.18604651162791,8,483,1712.0
1637174545,1,POST,/auth/modify-friend/,0.600000,0.000000,170,170,290,290,290,290,290,290,290,290,290,175,0,230,279.77142857142854,74,1132,1713.0
1637174545,1,GET,/public/,0.500000,0.000000,180,180,210,210,210,210,210,210,210,210,210,175,0,270,338.2742857142857,109,1344,10188.725714285714
1637174545,1,,Aggregated,3.900000,0.000000,160,190,220,240,280,290,330,330,330,330,330,1092,0,250,322.78205128205127,8,2059,5796.33608058608
1637174546,1,GET,/,0.900000,0.000000,220,220,240,240,270,270,270,270,270,270,270,266,0,300,365.8383458646617,111,1677,9986.977443609023
1637174546,1,POST,/,0.100000,0.000000,300,300,300,300,300,300,300,300,300,300,300,38,0,910,925.2105263157895,296,2059,9758.21052631579
1637174546,1,GET,/auth/find-friends/,0.800000,0.000000,62,66,100,100,120,160,160,160,160,160,160,356,0,180,232.45224719101122,54,1145,1974.0
1637174546,1,GET,/auth/login/,0.000000,0.000000,0,0,0,0,0,0,0,0,0,0,0,1,0,597,597.0,597,597,2961.0
1637174546,1,POST,/auth/login/,0.400000,0.000000,240,280,280,330,330,330,330,330,330,330,330,44,0,370,533.4090909090909,160,1812,10272.09090909091
1637174546,1,GET,/auth/logout/,0.400000,0.000000,53,110,110,110,110,110,110,110,110,110,110,43,0,110,125.18604651162791,8,483,1712.0
1637174546,1,POST,/auth/modify-friend/,0.500000,0.000000,75,130,130,170,170,170,170,170,170,170,170,177,0,230,277.45197740112997,74,1132,1713.0
1637174546,1,GET,/public/,0.500000,0.000000,160,160,210,210,240,240,240,240,240,240,240,178,0,270,335.2247191011236,109,1344,10186.022471910112
1637174546,1,,Aggregated,3.600000,0.000000,110,130,170,190,240,280,330,330,330,330,330,1103,0,250,320.44696282864913,8,2059,5779.650045330915
1637174547,1,GET,/,0.700000,0.000000,160,190,190,250,250,250,250,250,250,250,250,268,0,300,364.5149253731343,111,1677,9989.421641791045
1637174547,1,POST,/,0.000000,0.000000,300,300,300,300,300,300,300,300,300,300,300,38,0,910,925.2105263157895,296,2059,9758.21052631579
1637174547,1,GET,/auth/find-friends/,0.900000,0.000000,66,100,120,150,160,180,180,180,180,180,180,358,0,180,232.06424581005587,54,1145,1974.0
1637174547,1,GET,/auth/login/,0.000000,0.000000,0,0,0,0,0,0,0,0,0,0,0,1,0,597,597.0,597,597,2961.0
1637174547,1,POST,/auth/login/,0.400000,0.000000,240,280,280,330,330,330,330,330,330,330,330,44,0,370,533.4090909090909,160,1812,10272.09090909091
1637174547,1,GET,/auth/logout/,0.500000,0.000000,53,110,110,110,110,110,110,110,110,110,110,43,0,110,125.18604651162791,8,483,1712.0
1637174547,1,POST,/auth/modify-friend/,0.500000,0.000000,78,78,130,130,170,170,170,170,170,170,170,178,0,230,276.3314606741573,74,1132,1713.0
1637174547,1,GET,/public/,0.400000,0.000000,160,180,210,210,240,240,240,240,240,240,240,179,0,270,334.35754189944134,109,1344,10184.128491620111
1637174547,1,,Aggregated,3.400000,0.000000,120,160,180,190,240,280,330,330,330,330,330,1109,0,250,319.5798016230839,8,2059,5780.965734896303
1637174548,1,GET,/,0.600000,0.000000,170,180,190,190,250,250,250,250,250,250,250,271,0,300,362.3468634686347,111,1677,9990.793357933579
1637174548,1,POST,/,0.000000,0.000000,300,300,300,300,300,300,300,300,300,300,300,38,0,910,925.2105263157895,296,2059,9758.21052631579
1637174548,1,GET,/auth/find-friends/,0.800000,0.000000,62,66,150,150,160,180,180,180,180,180,180,358,0,180,232.06424581005587,54,1145,1974.0
1637174548,1,GET,/auth/login/,0.000000,0.000000,0,0,0,0,0,0,0,0,0,0,0,1,0,597,597.0,597,597,2961.0
1637174548,1,POST,/auth/login/,0.500000,0.000000,240,280,280,330,330,330,330,330,330,330,330,44,0,370,533.4090909090909,160,1812,10272.09090909091
1637174548,1,GET,/auth/logout/,0.500000,0.000000,53,53,110,110,110,110,110,110,110,110,110,43,0,110,125.18604651162791,8,483,1712.0
1637174548,1,POST,/auth/modify-friend/,0.500000,0.000000,78,78,170,170,190,190,190,190,190,190,190,179,0,230,275.8435754189944,74,1132,1713.0
1637174548,1,GET,/public/,0.400000,0.000000,160,160,180,180,240,240,240,240,240,240,240,179,0,270,334.35754189944134,109,1344,10184.128491620111
1637174548,1,,Aggregated,3.300000,0.000000,120,160,180,180,240,280,330,330,330,330,330,1113,0,250,319.05570530098834,8,2059,5788.988319856245
1637174549,1,GET,/,0.500000,0.000000,170,180,190,190,250,250,250,250,250,250,250,271,0,300,362.3468634686347,111,1677,9990.793357933579
1637174549,1,POST,/,0.000000,0.000000,300,300,300,300,300,300,300,300,300,300,300,38,0,910,925.2105263157895,296,2059,9758.21052631579
1637174549,1,GET,/auth/find-friends/,1.200000,0.000000,88,100,120,120,160,180,180,180,180,180,180,362,0,180,230.61049723756906,54,1145,1974.0
1637174549,1,GET,/auth/login/,0.000000,0.000000,0,0,0,0,0,0,0,0,0,0,0,1,0,597,597.0,597,597,2961.0
1637174549,1,POST,/auth/login/,0.500000,0.000000,280,280,330,330,330,330,330,330,330,330,330,44,0,370,533.4090909090909,160,1812,10272.09090909091
1637174549,1,GET,/auth/logout/,0.500000,0.000000,9,9,53,53,53,53,53,53,53,53,53,43,0,110,125.18604651162791,8,483,1712.0
1637174549,1,POST,/auth/modify-friend/,0.600000,0.000000,140,140,170,170,190,190,190,190,190,190,190,181,0,230,274.353591160221,74,1132,1713.0
1637174549,1,GET,/public/,0.600000,0.000000,180,210,240,240,450,450,450,450,450,450,450,181,0,270,334.3259668508287,109,1344,10181.845303867403
1637174549,1,,Aggregated,3.900000,0.000000,120,160,180,180,240,280,450,450,450,450,450,1121,0,250,317.98037466547726,8,2059,5775.576271186441
1637174550,1,GET,/,0.700000,0.000000,170,180,180,220,250,250,250,250,250,250,250,273,0,300,361.15750915750914,111,1677,9992.92673992674
1637174550,1,POST,/,0.000000,0.000000,300,300,300,300,300,300,300,300,300,300,300,38,0,910,925.2105263157895,296,2059,9758.21052631579
1637174550,1,GET,/auth/find-friends/,1.200000,0.000000,91,100,120,150,160,180,180,180,180,180,180,364,0,180,230.03021978021977,54,1145,1974.0
1637174550,1,GET,/auth/login/,0.000000,0.000000,0,0,0,0,0,0,0,0,0,0,0,1,0,597,597.0,597,597,2961.0
1637174550,1,POST,/auth/login/,0.500000,0.000000,280,280,330,330,330,330,330,330,330,330,330,44,0,370,533.4090909090909,160,1812,10272.09090909091
1637174550,1,GET,/auth/logout/,0.400000,0.000000,9,9,53,53,53,53,53,53,53,53,53,43,0,110,125.18604651162791,8,483,1712.0
1637174550,1,POST,/auth/modify-friend/,0.600000,0.000000,120,140,140,170,190,190,190,190,190,190,190,182,0,220,273.532967032967,74,1132,1713.0
1637174550,1,GET,/public/,0.600000,0.000000,180,210,210,240,450,450,450,450,450,450,450,182,0,260,333.6263736263736,109,1344,10181.42857142857
1637174550,1,,Aggregated,4.000000,0.000000,120,160,180,190,240,280,330,450,450,450,450,1127,0,240,317.15882874889087,8,2059,5777.064773735581
1637174551,1,GET,/,0.700000,0.000000,180,200,210,210,220,250,250,250,250,250,250,278,0,290,358.04676258992805,111,1677,9997.535971223022
1637174551,1,POST,/,0.000000,0.000000,300,300,300,300,300,300,300,300,300,300,300,38,0,910,925.2105263157895,296,2059,9758.21052631579
1637174551,1,GET,/auth/find-friends/,1.400000,0.000000,91,100,120,150,160,180,180,180,180,180,180,364,0,180,230.03021978021977,54,1145,1974.0
1637174551,1,GET,/auth/login/,0.000000,0.000000,0,0,0,0,0,0,0,0,0,0,0,1,0,597,597.0,597,597,2961.0
1637174551,1,POST,/auth/login/,0.400000,0.000000,280,280,330,330,330,330,330,330,330,330,330,44,0,370,533.4090909090909,160,1812,10272.09090909091
1637174551,1,GET,/auth/logout/,0.400000,0.000000,9,9,9,9,9,9,9,9,9,9,9,43,0,110,125.18604651162791,8,483,1712.0
1637174551,1,POST,/auth/modify-friend/,0.700000,0.000000,120,140,140,170,190,190,190,190,190,190,190,182,0,220,273.532967032967,74,1132,1713.0
1637174551,1,GET,/public/,0.700000,0.000000,210,210,240,240,450,450,450,450,450,450,450,182,0,260,333.6263736263736,109,1344,10181.42857142857
1637174551,1,,Aggregated,4.300000,0.000000,140,170,190,210,240,280,330,450,450,450,450,1132,0,240,316.589222614841,8,2059,5796.818021201413
1637174552,1,GET,/,0.800000,0.000000,180,200,210,210,220,250,250,250,250,250,250,278,0,290,358.04676258992805,111,1677,9997.535971223022
1637174552,1,POST,/,0.000000,0.000000,0,0,0,0,0,0,0,0,0,0,0,39,0,910,915.7948717948718,296,2059,9767.76923076923
1637174552,1,GET,/auth/find-friends/,1.600000,0.000000,88,100,120,120,150,180,180,180,180,180,180,366,0,180,229.07650273224044,54,1145,1974.0
1637174552,1,GET,/auth/login/,0.000000,0.000000,0,0,0,0,0,0,0,0,0,0,0,1,0,597,597.0,597,597,2961.0
1637174552,1,POST,/auth/login/,0.400000,0.000000,330,330,330,330,330,330,330,330,330,330,330,44,0,370,533.4090909090909,160,1812,10272.09090909091
1637174552,1,GET,/auth/logout/,0.300000,0.000000,9,9,9,9,9,9,9,9,9,9,9,44,0,110,122.54545454545455,8,483,1712.0
1637174552,1,POST,/auth/modify-friend/,0.800000,0.000000,120,120,140,140,190,190,190,190,190,190,190,183,0,220,272.7049180327869,74,1132,1713.0
1637174552,1,GET,/public/,0.900000,0.000000,200,210,210,240,450,450,450,450,450,450,450,183,0,260,332.90710382513663,109,1344,10179.743169398907
1637174552,1,,Aggregated,4.800000,0.000000,140,170,190,210,240,330,450,560,560,560,560,1138,0,240,315.8005272407733,8,2059,5790.311950790861
1637174553,1,GET,/,0.800000,0.000000,180,200,210,210,220,250,250,250,250,250,250,278,0,290,358.04676258992805,111,1677,9997.535971223022
1637174553,1,POST,/,0.000000,0.000000,560,560,560,560,560,560,560,560,560,560,560,39,0,910,915.7948717948718,296,2059,9767.76923076923
1637174553,1,GET,/auth/find-friends/,1.600000,0.000000,88,100,120,120,150,180,180,180,180,180,180,366,0,180,229.07650273224044,54,1145,1974.0
1637174553,1,GET,/auth/login/,0.000000,0.000000,0,0,0,0,0,0,0,0,0,0,0,1,0,597,597.0,597,597,2961.0
1637174553,1,POST,/auth/login/,0.400000,0.000000,330,330,330,330,330,330,330,330,330,330,330,44,0,370,533.4090909090909,160,1812,10272.09090909091
1637174553,1,GET,/auth/logout/,0.300000,0.000000,9,9,9,9,9,9,9,9,9,9,9,44,0,110,122.54545454545455,8,483,1712.0
1637174553,1,POST,/auth/modify-friend/,0.800000,0.000000,120,120,140,140,190,190,190,190,190,190,190,183,0,220,272.7049180327869,74,1132,1713.0
1637174553,1,GET,/public/,0.900000,0.000000,200,210,210,240,450,450,450,450,450,450,450,183,0,260,332.90710382513663,109,1344,10179.743169398907
1637174553,1,,Aggregated,4.800000,0.000000,120,170,190,200,220,280,450,560,560,560,560,1138,0,240,315.8005272407733,8,2059,5790.311950790861
1637174554,1,GET,/,1.400000,0.000000,180,200,210,210,220,250,250,250,250,250,250,279,0,290,357.34767025089604,111,1677,9998.885304659498
1637174554,1,POST,/,0.000000,0.000000,560,560,560,560,560,560,560,560,560,560,560,40,0,870,906.925,296,2059,9782.775
1637174554,1,GET,/auth/find-friends/,1.600000,0.000000,88,100,120,120,150,180,180,180,180,180,180,366,0,180,229.07650273224044,54,1145,1974.0
1637174554,1,GET,/auth/login/,0.000000,0.000000,0,0,0,0,0,0,0,0,0,0,0,1,0,597,597.0,597,597,2961.0
1637174554,1,POST,/auth/login/,0.300000,0.000000,280,280,280,280,280,280,280,280,280,280,280,45,0,370,527.3111111111111,160,1812,10272.177777777777
1637174554,1,GET,/auth/logout/,0.200000,0.000000,9,9,9,9,9,9,9,9,9,9,9,44,0,110,122.54545454545455,8,483,1712.0
1637174554,1,POST,/auth/modify-friend/,0.800000,0.000000,120,140,140,140,190,190,190,190,190,190,190,183,0,220,272.7049180327869,74,1132,1713.0
1637174554,1,GET,/public/,0.800000,0.000000,210,210,240,240,450,450,450,450,450,450,450,183,0,260,332.90710382513663,109,1344,10179.743169398907
1637174554,1,,Aggregated,5.100000,0.000000,150,180,200,210,260,450,560,560,560,560,560,1141,0,240,315.83172655565295,8,2059,5802.272567922874
1637174555,1,GET,/,1.300000,0.000000,180,210,210,220,250,390,390,390,390,390,390,280,0,290,357.4535714285714,111,1677,10000.385714285714
1637174555,1,POST,/,0.100000,0.000000,560,560,560,560,560,560,560,560,560,560,560,40,0,870,906.925,296,2059,9782.775
1637174555,1,GET,/auth/find-friends/,1.800000,0.000000,88,100,120,120,150,180,180,180,180,180,180,368,0,180,228.14945652173913,54,1145,1974.0
1637174555,1,GET,/auth/login/,0.000000,0.000000,0,0,0,0,0,0,0,0,0,0,0,1,0,597,597.0,597,597,2961.0
1637174555,1,POST,/auth/login/,0.200000,0.000000,280,280,280,280,280,280,280,280,280,280,280,45,0,370,527.3111111111111,160,1812,10272.177777777777
1637174555,1,GET,/auth/logout/,0.200000,0.000000,9,9,9,9,9,9,9,9,9,9,9,44,0,110,122.54545454545455,8,483,1712.0
1637174555,1,POST,/auth/modify-friend/,0.900000,0.000000,120,140,140,140,190,190,190,190,190,190,190,184,0,220,271.8641304347826,74,1132,1713.0
1637174555,1,GET,/public/,0.900000,0.000000,210,210,240,240,450,450,450,450,450,450,450,184,0,260,332.42391304347825,109,1344,10179.434782608696
1637174555,1,,Aggregated,5.400000,0.000000,150,180,200,210,260,450,560,560,560,560,560,1146,0,240,315.20942408376965,8,2059,5799.821989528796
1637174556,1,GET,/,1.300000,0.000000,180,200,210,210,220,390,390,390,390,390,390,281,0,290,356.9110320284698,111,1677,10001.964412811389
1637174556,1,POST,/,0.100000,0.000000,560,560,560,560,560,560,560,560,560,560,560,41,0,870,896.0,296,2059,9795.90243902439
1637174556,1,GET,/auth/find-friends/,1.800000,0.000000,100,120,150,150,180,190,190,190,190,190,190,370,0,180,227.66486486486485,54,1145,1974.0
1637174556,1,GET,/auth/login/,0.000000,0.000000,0,0,0,0,0,0,0,0,0,0,0,1,0,597,597.0,597,597,2961.0
1637174556,1,POST,/auth/login/,0.200000,0.000000,280,280,280,280,280,280,280,280,280,280,280,45,0,370,527.3111111111111,160,1812,10272.177777777777
1637174556,1,GET,/auth/logout/,0.200000,0.000000,9,9,9,9,9,9,9,9,9,9,9,44,0,110,122.54545454545455,8,483,1712.0
1637174556,1,POST,/auth/modify-friend/,0.900000,0.000000,140,140,140,140,190,190,190,190,190,190,190,184,0,220,271.8641304347826,74,1132,1713.0
1637174556,1,GET,/public/,0.800000,0.000000,210,210,240,240,450,450,450,450,450,450,450,185,0,260,331.5027027027027,109,1344,10178.648648648648
1637174556,1,,Aggregated,5.300000,0.000000,170,190,210,210,390,460,560,560,560,560,560,1151,0,240,314.7984361424848,8,2059,5804.815812337099
1637174557,1,GET,/,1.400000,0.000000,200,210,210,210,220,390,390,390,390,390,390,281,0,290,356.9110320284698,111,1677,10001.964412811389
1637174557,1,POST,/,0.200000,0.000000,560,560,560,560,560,560,560,560,560,560,560,41,0,870,896.0,296,2059,9795.90243902439
1637174557,1,GET,/auth/find-friends/,1.600000,0.000000,91,100,120,120,150,190,190,190,190,190,190,372,0,180,227.0,54,1145,1974.0
1637174557,1,GET,/auth/login/,0.000000,0.000000,0,0,0,0,0,0,0,0,0,0,0,1,0,597,597.0,597,597,2961.0
1637174557,1,POST,/auth/login/,0.200000,0.000000,280,280,280,280,280,280,280,280,280,280,280,45,0,370,527.3111111111111,160,1812,10272.177777777777
1637174557,1,GET,/auth/logout/,0.100000,0.000000,9,9,9,9,9,9,9,9,9,9,9,44,0,110,122.54545454545455,8,483,1712.0
1637174557,1,POST,/auth/modify-friend/,0.800000,0.000000,140,140,190,190,190,190,190,190,190,190,190,186,0,220,271.0,74,1132,1713.0
1637174557,1,GET,/public/,0.800000,0.000000,210,230,240,240,450,450,450,450,450,450,450,187,0,260,330.03743315508024,109,1344,10178.962566844919
1637174557,1,,Aggregated,5.100000,0.000000,160,200,210,220,390,460,560,560,560,560,560,1157,0,240,314.01296456352634,8,2059,5798.732065687122
1637174558,1,GET,/,1.500000,0.000000,200,210,210,220,390,390,390,390,390,390,390,281,0,290,356.9110320284698,111,1677,10001.964412811389
1637174558,1,POST,/,0.200000,0.000000,560,560,560,560,560,560,560,560,560,560,560,41,0,870,896.0,296,2059,9795.90243902439
1637174558,1,GET,/auth/find-friends/,1.600000,0.000000,100,120,150,180,190,230,230,230,230,230,230,375,0,180,226.65333333333334,54,1145,1974.0
1637174558,1,GET,/auth/login/,0.000000,0.000000,0,0,0,0,0,0,0,0,0,0,0,1,0,597,597.0,597,597,2961.0
1637174558,1,POST,/auth/login/,0.100000,0.000000,280,280,280,280,280,280,280,280,280,280,280,45,0,370,527.3111111111111,160,1812,10272.177777777777
1637174558,1,GET,/auth/logout/,0.100000,0.000000,9,9,9,9,9,9,9,9,9,9,9,44,0,110,122.54545454545455,8,483,1712.0
1637174558,1,POST,/auth/modify-friend/,0.800000,0.000000,140,190,190,190,200,200,200,200,200,200,200,187,0,220,270.5935828877005,74,1132,1713.0
1637174558,1,GET,/public/,0.800000,0.000000,210,230,240,240,240,240,240,240,240,240,240,188,0,250,329.56382978723406,109,1344,10180.175531914894
1637174558,1,,Aggregated,5.100000,0.000000,180,200,210,230,260,460,560,560,560,560,560,1162,0,240,313.51118760757316,8,2059,5789.307228915663
1637174559,1,GET,/,1.300000,0.000000,200,210,230,230,240,390,390,390,390,390,390,284,0,290,355.48943661971833,111,1677,10011.084507042253
1637174559,1,POST,/,0.300000,0.000000,560,560,560,560,560,560,560,560,560,560,560,41,0,870,896.0,296,2059,9795.90243902439
1637174559,1,GET,/auth/find-friends/,1.500000,0.000000,120,150,160,180,190,230,230,230,230,230,230,376,0,180,226.48670212765958,54,1145,1974.0
1637174559,1,GET,/auth/login/,0.000000,0.000000,0,0,0,0,0,0,0,0,0,0,0,1,0,597,597.0,597,597,2961.0
1637174559,1,POST,/auth/login/,0.100000,0.000000,260,260,260,260,260,260,260,260,260,260,260,45,0,370,527.3111111111111,160,1812,10272.177777777777
1637174559,1,GET,/auth/logout/,0.100000,0.000000,9,9,9,9,9,9,9,9,9,9,9,44,0,110,122.54545454545455,8,483,1712.0
1637174559,1,POST,/auth/modify-friend/,0.700000,0.000000,180,190,190,190,200,200,200,200,200,200,200,188,0,220,270.1223404255319,74,1132,1713.0
1637174559,1,GET,/public/,0.800000,0.000000,210,230,240,240,240,240,240,240,240,240,240,188,0,250,329.56382978723406,109,1344,10180.175531914894
1637174559,1,,Aggregated,4.800000,0.000000,180,200,230,230,260,460,560,560,560,560,560,1167,0,240,313.03598971722363,8,2059,5795.59383033419
1637174560,1,GET,/,1.100000,0.000000,200,230,240,240,360,390,390,390,390,390,390,286,0,290,354.9160839160839,111,1677,10014.727272727272
1637174560,1,POST,/,0.300000,0.000000,560,560,560,560,560,560,560,560,560,560,560,42,0,830,885.3333333333334,296,2059,9813.285714285714
1637174560,1,GET,/auth/find-friends/,1.600000,0.000000,120,150,160,180,190,230,230,230,230,230,230,376,0,180,226.48670212765958,54,1145,1974.0
1637174560,1,GET,/auth/login/,0.000000,0.000000,0,0,0,0,0,0,0,0,0,0,0,1,0,597,597.0,597,597,2961.0
1637174560,1,POST,/auth/login/,0.100000,0.000000,260,260,260,260,260,260,260,260,260,260,260,45,0,370,527.3111111111111,160,1812,10272.177777777777
1637174560,1,GET,/auth/logout/,0.100000,0.000000,9,9,9,9,9,9,9,9,9,9,9,44,0,110,122.54545454545455,8,483,1712.0
1637174560,1,POST,/auth/modify-friend/,0.700000,0.000000,180,190,190,190,200,200,200,200,200,200,200,188,0,220,270.1223404255319,74,1132,1713.0
1637174560,1,GET,/public/,0.800000,0.000000,230,230,240,240,240,240,240,240,240,240,240,188,0,250,329.56382978723406,109,1344,10180.175531914894
1637174560,1,,Aggregated,4.700000,0.000000,190,210,230,240,390,460,560,560,560,560,560,1170,0,240,313.08376068376066,8,2059,5807.733333333334
1637174561,1,GET,/,1.000000,0.000000,200,230,240,240,360,390,390,390,390,390,390,286,0,290,354.9160839160839,111,1677,10014.727272727272
1637174561,1,POST,/,0.300000,0.000000,560,560,560,560,560,560,560,560,560,560,560,42,0,830,885.3333333333334,296,2059,9813.285714285714
1637174561,1,GET,/auth/find-friends/,1.600000,0.000000,99,150,160,180,190,230,230,230,230,230,230,378,0,180,225.77777777777777,54,1145,1974.0
1637174561,1,GET,/auth/login/,0.000000,0.000000,0,0,0,0,0,0,0,0,0,0,0,1,0,597,597.0,597,597,2961.0
1637174561,1,POST,/auth/login/,0.100000,0.000000,260,260,260,260,260,260,260,260,260,260,260,45,0,370,527.3111111111111,160,1812,10272.177777777777
1637174561,1,GET,/auth/logout/,0.100000,0.000000,450,450,450,450,450,450,450,450,450,450,450,45,0,110,129.77777777777777,8,483,1712.0
1637174561,1,POST,/auth/modify-friend/,0.800000,0.000000,180,190,190,190,200,200,200,200,200,200,200,189,0,220,269.4232804232804,74,1132,1713.0
1637174561,1,GET,/public/,0.800000,0.000000,220,230,240,240,240,240,240,240,240,240,240,189,0,250,328.97354497354496,109,1344,10181.349206349207
1637174561,1,,Aggregated,4.700000,0.000000,190,220,240,240,450,460,560,560,560,560,560,1175,0,240,312.5931914893617,8,2059,5798.1472340425535
1637174562,1,GET,/,1.000000,0.000000,230,240,360,360,390,390,390,390,390,390,390,286,0,290,354.9160839160839,111,1677,10014.727272727272
1637174562,1,POST,/,0.300000,0.000000,560,560,560,560,560,560,560,560,560,560,560,42,0,830,885.3333333333334,296,2059,9813.285714285714
1637174562,1,GET,/auth/find-friends/,1.600000,0.000000,99,150,160,180,190,230,230,230,230,230,230,378,0,180,225.77777777777777,54,1145,1974.0
1637174562,1,GET,/auth/login/,0.000000,0.000000,0,0,0,0,0,0,0,0,0,0,0,1,0,597,597.0,597,597,2961.0
1637174562,1,POST,/auth/login/,0.100000,0.000000,260,260,260,260,260,260,260,260,260,260,260,45,0,370,527.3111111111111,160,1812,10272.177777777777
1637174562,1,GET,/auth/logout/,0.100000,0.000000,450,450,450,450,450,450,450,450,450,450,450,45,0,110,129.77777777777777,8,483,1712.0
1637174562,1,POST,/auth/modify-friend/,0.800000,0.000000,180,190,190,190,200,200,200,200,200,200,200,189,0,220,269.4232804232804,74,1132,1713.0
1637174562,1,GET,/public/,0.800000,0.000000,220,230,240,240,240,240,240,240,240,240,240,189,0,250,328.97354497354496,109,1344,10181.349206349207
1637174562,1,,Aggregated,4.700000,0.000000,190,230,240,240,450,460,560,560,560,560,560,1175,0,240,312.5931914893617,8,2059,5798.1472340425535
1637174563,1,GET,/,1.100000,0.000000,230,240,360,360,390,390,390,390,390,390,390,286,0,290,354.9160839160839,111,1677,10014.727272727272
1637174563,1,POST,/,0.400000,0.000000,460,460,560,560,560,560,560,560,560,560,560,42,0,830,885.3333333333334,296,2059,9813.285714285714
1637174563,1,GET,/auth/find-friends/,1.400000,0.000000,130,160,170,180,190,230,230,230,230,230,230,380,0,180,225.3684210526316,54,1145,1974.0
1637174563,1,GET,/auth/login/,0.000000,0.000000,0,0,0,0,0,0,0,0,0,0,0,1,0,597,597.0,597,597,2961.0
1637174563,1,POST,/auth/login/,0.100000,0.000000,460,460,460,460,460,460,460,460,460,460,460,46,0,370,525.804347826087,160,1812,10279.717391304348
1637174563,1,GET,/auth/logout/,0.100000,0.000000,450,450,450,450,450,450,450,450,450,450,450,45,0,110,129.77777777777777,8,483,1712.0
1637174563,1,POST,/auth/modify-friend/,0.600000,0.000000,190,190,190,190,200,200,200,200,200,200,200,189,0,220,269.4232804232804,74,1132,1713.0
1637174563,1,GET,/public/,0.700000,0.000000,220,230,240,240,240,240,240,240,240,240,240,190,0,250,328.33684210526314,109,1344,10182.063157894738
1637174563,1,,Aggregated,4.400000,0.000000,190,220,240,240,450,460,560,560,560,560,560,1179,0,240,312.34860050890586,8,2059,5799.581849024597
1637174564,1,GET,/,0.800000,0.000000,240,270,270,270,360,360,360,360,360,360,360,288,0,290,354.34375,111,1677,10019.635416666666
1637174564,1,POST,/,0.400000,0.000000,460,460,560,560,560,560,560,560,560,560,560,42,0,830,885.3333333333334,296,2059,9813.285714285714
1637174564,1,GET,/auth/find-friends/,1.400000,0.000000,130,160,170,180,190,230,230,230,230,230,230,380,0,180,225.3684210526316,54,1145,1974.0
1637174564,1,GET,/auth/login/,0.000000,0.000000,0,0,0,0,0,0,0,0,0,0,0,1,0,597,597.0,597,597,2961.0
1637174564,1,POST,/auth/login/,0.100000,0.000000,460,460,460,460,460,460,460,460,460,460,460,46,0,370,525.804347826087,160,1812,10279.717391304348
1637174564,1,GET,/auth/logout/,0.200000,0.000000,450,450,450,450,450,450,450,450,450,450,450,45,0,110,129.77777777777777,8,483,1712.0
1637174564,1,POST,/auth/modify-friend/,0.700000,0.000000,190,190,200,200,240,240,240,240,240,240,240,190,0,220,269.2894736842105,74,1132,1713.0
1637174564,1,GET,/public/,0.700000,0.000000,220,230,240,240,240,240,240,240,240,240,240,190,0,250,328.33684210526314,109,1344,10182.063157894738
1637174564,1,,Aggregated,4.300000,0.000000,190,230,240,240,450,460,460,460,460,460,460,1182,0,240,312.2233502538071,8,2059,5804.452622673435
1637174565,1,GET,/,0.800000,0.000000,270,270,360,410,490,490,490,490,490,490,490,290,0,290,355.00344827586207,111,1677,10023.73448275862
1637174565,1,POST,/,0.300000,0.000000,460,460,460,460,460,460,460,460,460,460,460,42,0,830,885.3333333333334,296,2059,9813.285714285714
1637174565,1,GET,/auth/find-friends/,1.200000,0.000000,150,160,180,180,190,230,230,230,230,230,230,380,0,180,225.3684210526316,54,1145,1974.0
1637174565,1,GET,/auth/login/,0.000000,0.000000,0,0,0,0,0,0,0,0,0,0,0,1,0,597,597.0,597,597,2961.0
1637174565,1,POST,/auth/login/,0.100000,0.000000,460,460,460,460,460,460,460,460,460,460,460,46,0,370,525.804347826087,160,1812,10279.717391304348
1637174565,1,GET,/auth/logout/,0.100000,0.000000,450,450,450,450,450,450,450,450,450,450,450,45,0,110,129.77777777777777,8,483,1712.0
1637174565,1,POST,/auth/modify-friend/,0.600000,0.000000,190,190,200,200,240,240,240,240,240,240,240,190,0,220,269.2894736842105,74,1132,1713.0
1637174565,1,GET,/public/,0.600000,0.000000,220,220,230,230,240,240,240,240,240,240,240,190,0,250,328.33684210526314,109,1344,10182.063157894738
1637174565,1,,Aggregated,3.700000,0.000000,200,230,240,270,450,460,490,490,490,490,490,1184,0,240,312.4560810810811,8,2059,5812.576858108108
1637174566,1,GET,/,0.700000,0.000000,270,290,360,360,410,490,490,490,490,490,490,291,0,290,354.79037800687286,111,1677,10025.666666666666
1637174566,1,POST,/,0.300000,0.000000,460,460,620,620,620,620,620,620,620,620,620,43,0,830,879.2790697674419,296,2059,9831.93023255814
1637174566,1,GET,/auth/find-friends/,1.400000,0.000000,150,160,170,180,230,230,230,230,230,230,230,380,0,180,225.3684210526316,54,1145,1974.0
1637174566,1,GET,/auth/login/,0.000000,0.000000,0,0,0,0,0,0,0,0,0,0,0,1,0,597,597.0,597,597,2961.0
1637174566,1,POST,/auth/login/,0.100000,0.000000,460,460,460,460,460,460,460,460,460,460,460,46,0,370,525.804347826087,160,1812,10279.717391304348
1637174566,1,GET,/auth/logout/,0.100000,0.000000,450,450,450,450,450,450,450,450,450,450,450,45,0,110,129.77777777777777,8,483,1712.0
1637174566,1,POST,/auth/modify-friend/,0.700000,0.000000,190,200,200,240,240,240,240,240,240,240,240,190,0,220,269.2894736842105,74,1132,1713.0
1637174566,1,GET,/public/,0.700000,0.000000,230,240,240,360,360,360,360,360,360,360,360,191,0,250,328.4816753926702,109,1344,10182.811518324608
1637174566,1,,Aggregated,4.000000,0.000000,230,240,290,360,450,490,620,620,620,620,620,1187,0,240,312.7396798652064,8,2059,5824.445661331087
1637174567,1,GET,/,0.900000,0.000000,270,330,360,360,410,490,490,490,490,490,490,292,0,290,354.7191780821918,111,1677,10027.934931506848
1637174567,1,POST,/,0.200000,0.000000,460,460,620,620,620,620,620,620,620,620,620,43,0,830,879.2790697674419,296,2059,9831.93023255814
1637174567,1,GET,/auth/find-friends/,1.400000,0.000000,160,170,170,170,230,230,230,230,230,230,230,382,0,180,225.0523560209424,54,1145,1974.0
1637174567,1,GET,/auth/login/,0.000000,0.000000,0,0,0,0,0,0,0,0,0,0,0,1,0,597,597.0,597,597,2961.0
1637174567,1,POST,/auth/login/,0.100000,0.000000,460,460,460,460,460,460,460,460,460,460,460,46,0,370,525.804347826087,160,1812,10279.717391304348
1637174567,1,GET,/auth/logout/,0.100000,0.000000,450,450,450,450,450,450,450,450,450,450,450,45,0,110,129.77777777777777,8,483,1712.0
1637174567,1,POST,/auth/modify-friend/,0.700000,0.000000,200,240,240,240,240,240,240,240,240,240,240,191,0,220,269.1413612565445,74,1132,1713.0
1637174567,1,GET,/public/,0.700000,0.000000,240,240,360,360,360,360,360,360,360,360,360,191,0,250,328.4816753926702,109,1344,10182.811518324608
1637174567,1,,Aggregated,4.100000,0.000000,240,270,360,360,450,490,620,620,620,620,620,1191,0,240,312.44920235096555,8,2059,5818.611251049539
1637174568,1,GET,/,0.900000,0.000000,290,330,410,410,490,760,760,760,760,760,760,293,0,290,356.0887372013652,111,1677,10029.566552901024
1637174568,1,POST,/,0.300000,0.000000,620,620,620,620,620,620,620,620,620,620,620,43,0,830,879.2790697674419,296,2059,9831.93023255814
1637174568,1,GET,/auth/find-friends/,1.200000,0.000000,160,160,170,170,230,230,230,230,230,230,230,383,0,180,224.85639686684073,54,1145,1974.0
1637174568,1,GET,/auth/login/,0.000000,0.000000,0,0,0,0,0,0,0,0,0,0,0,1,0,597,597.0,597,597,2961.0
1637174568,1,POST,/auth/login/,0.100000,0.000000,460,460,460,460,460,460,460,460,460,460,460,46,0,370,525.804347826087,160,1812,10279.717391304348
1637174568,1,GET,/auth/logout/,0.100000,0.000000,450,450,450,450,450,450,450,450,450,450,450,45,0,110,129.77777777777777,8,483,1712.0
1637174568,1,POST,/auth/modify-friend/,0.600000,0.000000,200,240,240,240,240,240,240,240,240,240,240,191,0,220,269.1413612565445,74,1132,1713.0
1637174568,1,GET,/public/,0.600000,0.000000,240,250,250,360,360,360,360,360,360,360,360,192,0,250,328.09375,109,1344,10183.609375
1637174568,1,,Aggregated,3.800000,0.000000,240,290,360,450,490,620,760,760,760,760,760,1194,0,240,312.6356783919598,8,2059,5823.100502512563
1637174569,1,GET,/,1.000000,0.000000,340,360,410,490,760,760,760,760,760,760,760,294,0,290,356.0204081632653,111,1677,10031.887755102041
1637174569,1,POST,/,0.200000,0.000000,620,620,620,620,620,620,620,620,620,620,620,43,0,830,879.2790697674419,296,2059,9831.93023255814
1637174569,1,GET,/auth/find-friends/,1.100000,0.000000,160,170,170,170,200,200,200,200,200,200,200,384,0,180,224.78125,54,1145,1974.0
1637174569,1,GET,/auth/login/,0.000000,0.000000,0,0,0,0,0,0,0,0,0,0,0,1,0,597,597.0,597,597,2961.0
1637174569,1,POST,/auth/login/,0.100000,0.000000,460,460,460,460,460,460,460,460,460,460,460,46,0,370,525.804347826087,160,1812,10279.717391304348
1637174569,1,GET,/auth/logout/,0.100000,0.000000,450,450,450,450,450,450,450,450,450,450,450,45,0,110,129.77777777777777,8,483,1712.0
1637174569,1,POST,/auth/modify-friend/,0.500000,0.000000,240,240,280,280,280,280,280,280,280,280,280,192,0,220,269.2083333333333,74,1132,1713.0
1637174569,1,GET,/public/,0.500000,0.000000,250,250,360,360,360,360,360,360,360,360,360,192,0,250,328.09375,109,1344,10183.609375
1637174569,1,,Aggregated,3.500000,0.000000,270,330,360,450,490,620,760,760,760,760,760,1197,0,240,312.53216374269005,8,2059,5820.535505430243
1637174570,1,GET,/,1.100000,0.000000,330,360,410,410,490,760,760,760,760,760,760,295,0,290,355.6406779661017,111,1677,10034.369491525424
1637174570,1,POST,/,0.200000,0.000000,620,620,620,620,620,620,620,620,620,620,620,43,0,830,879.2790697674419,296,2059,9831.93023255814
1637174570,1,GET,/auth/find-friends/,0.800000,0.000000,170,170,180,200,240,240,240,240,240,240,240,386,0,180,224.70725388601036,54,1145,1974.0
1637174570,1,GET,/auth/login/,0.000000,0.000000,0,0,0,0,0,0,0,0,0,0,0,1,0,597,597.0,597,597,2961.0
1637174570,1,POST,/auth/login/,0.100000,0.000000,460,460,460,460,460,460,460,460,460,460,460,46,0,370,525.804347826087,160,1812,10279.717391304348
1637174570,1,GET,/auth/logout/,0.100000,0.000000,450,450,450,450,450,450,450,450,450,450,450,45,0,110,129.77777777777777,8,483,1712.0
1637174570,1,POST,/auth/modify-friend/,0.500000,0.000000,240,240,280,280,280,280,280,280,280,280,280,192,0,220,269.2083333333333,74,1132,1713.0
1637174570,1,GET,/public/,0.400000,0.000000,250,360,360,440,440,440,440,440,440,440,440,193,0,250,328.6580310880829,109,1344,10185.18134715026
1637174570,1,,Aggregated,3.200000,0.000000,270,330,410,440,490,620,760,760,760,760,760,1201,0,240,312.4088259783514,8,2059,5822.131557035804
1637174571,1,GET,/,1.200000,0.000000,330,340,410,410,490,760,760,760,760,760,760,296,0,290,355.26013513513516,111,1677,10036.601351351352
1637174571,1,POST,/,0.200000,0.000000,540,540,620,620,620,620,620,620,620,620,620,44,0,810,871.6590909090909,296,2059,9850.204545454546
1637174571,1,GET,/auth/find-friends/,0.800000,0.000000,170,180,200,200,240,240,240,240,240,240,240,386,0,180,224.70725388601036,54,1145,1974.0
1637174571,1,GET,/auth/login/,0.000000,0.000000,0,0,0,0,0,0,0,0,0,0,0,1,0,597,597.0,597,597,2961.0
1637174571,1,POST,/auth/login/,0.100000,0.000000,460,460,460,460,460,460,460,460,460,460,460,46,0,370,525.804347826087,160,1812,10279.717391304348
1637174571,1,GET,/auth/logout/,0.100000,0.000000,450,450,450,450,450,450,450,450,450,450,450,45,0,110,129.77777777777777,8,483,1712.0
1637174571,1,POST,/auth/modify-friend/,0.300000,0.000000,240,240,240,280,280,280,280,280,280,280,280,193,0,220,268.78756476683935,74,1132,1713.0
1637174571,1,GET,/public/,0.400000,0.000000,360,360,440,440,440,440,440,440,440,440,440,193,0,250,328.6580310880829,109,1344,10185.18134715026
1637174571,1,,Aggregated,3.100000,0.000000,250,330,410,440,490,620,760,760,760,760,760,1204,0,240,312.4401993355482,8,2059,5826.764119601329
1637174572,1,GET,/,1.100000,0.000000,270,330,340,410,490,760,760,760,760,760,760,300,0,290,352.8233333333333,111,1677,10045.753333333334
1637174572,1,POST,/,0.200000,0.000000,620,620,620,620,620,620,620,620,620,620,620,44,0,810,871.6590909090909,296,2059,9850.204545454546
1637174572,1,GET,/auth/find-friends/,0.800000,0.000000,170,180,200,200,240,240,240,240,240,240,240,386,0,180,224.70725388601036,54,1145,1974.0
1637174572,1,GET,/auth/login/,0.000000,0.000000,0,0,0,0,0,0,0,0,0,0,0,1,0,597,597.0,597,597,2961.0
1637174572,1,POST,/auth/login/,0.100000,0.000000,460,460,460,460,460,460,460,460,460,460,460,46,0,370,525.804347826087,160,1812,10279.717391304348
1637174572,1,GET,/auth/logout/,0.100000,0.000000,450,450,450,450,450,450,450,450,450,450,450,45,0,110,129.77777777777777,8,483,1712.0
1637174572,1,POST,/auth/modify-friend/,0.400000,0.000000,240,240,280,280,280,280,280,280,280,280,280,193,0,220,268.78756476683935,74,1132,1713.0
1637174572,1,GET,/public/,0.400000,0.000000,360,360,440,440,440,440,440,440,440,440,440,193,0,250,328.6580310880829,109,1344,10185.18134715026
1637174572,1,,Aggregated,3.100000,0.000000,240,280,340,410,490,620,760,760,760,760,760,1208,0,240,311.97682119205297,8,2059,5842.976821192053
1637174573,1,GET,/,0.900000,0.000000,270,330,340,410,490,760,760,760,760,760,760,301,0,290,352.75083056478405,111,1677,10047.451827242525
1637174573,1,POST,/,0.100000,0.000000,540,540,620,620,620,620,620,620,620,620,620,45,0,810,863.0888888888888,296,2059,9867.111111111111
1637174573,1,GET,/auth/find-friends/,0.800000,0.000000,170,180,200,200,240,240,240,240,240,240,240,386,0,180,224.70725388601036,54,1145,1974.0
1637174573,1,GET,/auth/login/,0.000000,0.000000,0,0,0,0,0,0,0,0,0,0,0,1,0,597,597.0,597,597,2961.0
1637174573,1,POST,/auth/login/,0.100000,0.000000,460,460,460,460,460,460,460,460,460,460,460,46,0,370,525.804347826087,160,1812,10279.717391304348
1637174573,1,GET,/auth/logout/,0.100000,0.000000,450,450,450,450,450,450,450,450,450,450,450,45,0,110,129.77777777777777,8,483,1712.0
1637174573,1,POST,/auth/modify-friend/,0.500000,0.000000,240,240,280,280,280,280,280,280,280,280,280,193,0,220,268.78756476683935,74,1132,1713.0
1637174573,1,GET,/public/,0.400000,0.000000,360,360,440,440,440,440,440,440,440,440,440,193,0,250,328.6580310880829,109,1344,10185.18134715026
1637174573,1,,Aggregated,2.900000,0.000000,270,330,360,440,540,620,760,760,760,760,760,1210,0,240,312.1363636363636,8,2059,5850.813223140496
1637174574,1,GET,/,0.900000,0.000000,290,330,340,340,410,760,760,760,760,760,760,301,0,290,352.75083056478405,111,1677,10047.451827242525
1637174574,1,POST,/,0.100000,0.000000,620,620,700,700,700,700,700,700,700,700,700,46,0,730,859.5652173913044,296,2059,9886.260869565218
1637174574,1,GET,/auth/find-friends/,0.800000,0.000000,180,180,200,200,240,240,240,240,240,240,240,386,0,180,224.70725388601036,54,1145,1974.0
1637174574,1,GET,/auth/login/,0.000000,0.000000,0,0,0,0,0,0,0,0,0,0,0,1,0,597,597.0,597,597,2961.0
1637174574,1,POST,/auth/login/,0.100000,0.000000,460,460,460,460,460,460,460,460,460,460,460,46,0,370,525.804347826087,160,1812,10279.717391304348
1637174574,1,GET,/auth/logout/,0.100000,0.000000,450,450,450,450,450,450,450,450,450,450,450,46,0,110,129.0,8,483,1712.0
1637174574,1,POST,/auth/modify-friend/,0.500000,0.000000,240,240,280,280,280,280,280,280,280,280,280,193,0,220,268.78756476683935,74,1132,1713.0
1637174574,1,GET,/public/,0.400000,0.000000,360,360,440,440,440,440,440,440,440,440,440,193,0,250,328.6580310880829,109,1344,10185.18134715026
1637174574,1,,Aggregated,2.900000,0.000000,240,330,360,440,620,700,760,760,760,760,760,1212,0,240,312.2772277227723,8,2059,5851.438943894389
1637174575,1,GET,/,1.400000,0.000000,240,330,330,330,340,760,760,760,760,760,760,301,0,290,352.75083056478405,111,1677,10047.451827242525
1637174575,1,POST,/,0.300000,0.000000,620,620,700,700,700,700,700,700,700,700,700,46,0,730,859.5652173913044,296,2059,9886.260869565218
1637174575,1,GET,/auth/find-friends/,0.800000,0.000000,180,180,200,200,240,240,240,240,240,240,240,386,0,180,224.70725388601036,54,1145,1974.0
1637174575,1,GET,/auth/login/,0.000000,0.000000,0,0,0,0,0,0,0,0,0,0,0,1,0,597,597.0,597,597,2961.0
1637174575,1,POST,/auth/login/,0.100000,0.000000,590,590,590,590,590,590,590,590,590,590,590,47,0,370,527.1276595744681,160,1812,10291.212765957447
1637174575,1,GET,/auth/logout/,0.000000,0.000000,450,450,450,450,450,450,450,450,450,450,450,46,0,110,129.0,8,483,1712.0
1637174575,1,POST,/auth/modify-friend/,0.400000,0.000000,240,240,280,280,280,280,280,280,280,280,280,193,0,220,268.78756476683935,74,1132,1713.0
1637174575,1,GET,/public/,0.400000,0.000000,360,360,440,440,440,440,440,440,440,440,440,193,0,250,328.6580310880829,109,1344,10185.18134715026
1637174575,1,,Aggregated,3.400000,0.000000,240,330,360,440,590,700,760,760,760,760,760,1213,0,240,312.5045342126958,8,2059,5855.535037098104
1637174576,1,GET,/,1.500000,0.000000,240,330,340,340,600,760,760,760,760,760,760,303,0,290,353.1353135313531,111,1677,10051.788778877888
1637174576,1,POST,/,0.400000,0.000000,620,620,700,700,700,700,700,700,700,700,700,46,0,730,859.5652173913044,296,2059,9886.260869565218
1637174576,1,GET,/auth/find-friends/,0.600000,0.000000,180,180,200,200,240,240,240,240,240,240,240,386,0,180,224.70725388601036,54,1145,1974.0
1637174576,1,GET,/auth/login/,0.000000,0.000000,0,0,0,0,0,0,0,0,0,0,0,1,0,597,597.0,597,597,2961.0
1637174576,1,POST,/auth/login/,0.000000,0.000000,590,590,590,590,590,590,590,590,590,590,590,47,0,370,527.1276595744681,160,1812,10291.212765957447
1637174576,1,GET,/auth/logout/,0.100000,0.000000,450,450,450,450,450,450,450,450,450,450,450,46,0,110,129.0,8,483,1712.0
1637174576,1,POST,/auth/modify-friend/,0.300000,0.000000,240,240,280,280,280,280,280,280,280,280,280,193,0,220,268.78756476683935,74,1132,1713.0
1637174576,1,GET,/public/,0.300000,0.000000,360,360,440,440,440,440,440,440,440,440,440,193,0,250,328.6580310880829,109,1344,10185.18134715026
1637174576,1,,Aggregated,3.200000,0.000000,240,330,440,490,600,700,760,760,760,760,760,1215,0,240,312.6666666666667,8,2059,5863.516872427984
1637174577,1,GET,/,1.200000,0.000000,240,340,450,600,650,760,760,760,760,760,760,305,0,290,354.4360655737705,111,1677,10054.937704918033
1637174577,1,POST,/,0.400000,0.000000,620,620,700,700,700,700,700,700,700,700,700,46,0,730,859.5652173913044,296,2059,9886.260869565218
1637174577,1,GET,/auth/find-friends/,0.600000,0.000000,200,200,240,240,240,240,240,240,240,240,240,386,0,180,224.70725388601036,54,1145,1974.0
1637174577,1,GET,/auth/login/,0.000000,0.000000,0,0,0,0,0,0,0,0,0,0,0,1,0,597,597.0,597,597,2961.0
1637174577,1,POST,/auth/login/,0.000000,0.000000,590,590,590,590,590,590,590,590,590,590,590,47,0,370,527.1276595744681,160,1812,10291.212765957447
1637174577,1,GET,/auth/logout/,0.100000,0.000000,94,94,94,94,94,94,94,94,94,94,94,46,0,110,129.0,8,483,1712.0
1637174577,1,POST,/auth/modify-friend/,0.300000,0.000000,240,240,280,280,280,280,280,280,280,280,280,193,0,220,268.78756476683935,74,1132,1713.0
1637174577,1,GET,/public/,0.300000,0.000000,440,440,440,440,440,440,440,440,440,440,440,193,0,250,328.6580310880829,109,1344,10185.18134715026
1637174577,1,,Aggregated,2.900000,0.000000,250,440,490,540,650,700,760,760,760,760,760,1217,0,240,313.05916187345935,8,2059,5871.188989317995
1637174578,1,GET,/,1.200000,0.000000,240,340,450,460,600,650,650,650,650,650,650,306,0,290,354.77777777777777,111,1677,10055.532679738562
1637174578,1,POST,/,0.400000,0.000000,540,540,700,700,700,700,700,700,700,700,700,46,0,730,859.5652173913044,296,2059,9886.260869565218
1637174578,1,GET,/auth/find-friends/,0.600000,0.000000,200,200,240,240,240,240,240,240,240,240,240,386,0,180,224.70725388601036,54,1145,1974.0
1637174578,1,GET,/auth/login/,0.000000,0.000000,0,0,0,0,0,0,0,0,0,0,0,1,0,597,597.0,597,597,2961.0
1637174578,1,POST,/auth/login/,0.000000,0.000000,590,590,590,590,590,590,590,590,590,590,590,47,0,370,527.1276595744681,160,1812,10291.212765957447
1637174578,1,GET,/auth/logout/,0.100000,0.000000,94,94,94,94,94,94,94,94,94,94,94,46,0,110,129.0,8,483,1712.0
1637174578,1,POST,/auth/modify-friend/,0.300000,0.000000,280,280,280,280,280,280,280,280,280,280,280,193,0,220,268.78756476683935,74,1132,1713.0
1637174578,1,GET,/public/,0.300000,0.000000,440,440,440,440,440,440,440,440,440,440,440,193,0,250,328.6580310880829,109,1344,10185.18134715026
1637174578,1,,Aggregated,2.900000,0.000000,280,450,490,540,600,650,700,700,700,700,700,1218,0,240,313.1789819376026,8,2059,5874.773399014778
1637174579,1,GET,/,1.300000,0.000000,240,340,450,460,600,650,650,650,650,650,650,306,0,290,354.77777777777777,111,1677,10055.532679738562
1637174579,1,POST,/,0.300000,0.000000,700,700,1100,1100,1100,1100,1100,1100,1100,1100,1100,47,0,810,865.3829787234042,296,2059,9891.36170212766
1637174579,1,GET,/auth/find-friends/,0.400000,0.000000,240,240,240,240,240,240,240,240,240,240,240,386,0,180,224.70725388601036,54,1145,1974.0
1637174579,1,GET,/auth/login/,0.000000,0.000000,0,0,0,0,0,0,0,0,0,0,0,1,0,597,597.0,597,597,2961.0
1637174579,1,POST,/auth/login/,0.100000,0.000000,590,590,590,590,590,590,590,590,590,590,590,47,0,370,527.1276595744681,160,1812,10291.212765957447
1637174579,1,GET,/auth/logout/,0.100000,0.000000,94,94,94,94,94,94,94,94,94,94,94,46,0,110,129.0,8,483,1712.0
1637174579,1,POST,/auth/modify-friend/,0.300000,0.000000,190,190,190,190,190,190,190,190,190,190,190,193,0,220,268.78756476683935,74,1132,1713.0
1637174579,1,GET,/public/,0.200000,0.000000,480,480,480,480,480,480,480,480,480,480,480,194,0,250,329.41237113402065,109,1344,10183.319587628866
1637174579,1,,Aggregated,2.700000,0.000000,440,480,540,590,650,700,1100,1100,1100,1100,1100,1220,0,240,313.9836065573771,8,2059,5881.495081967213
1637174580,1,GET,/,1.400000,0.000000,240,450,460,460,600,650,650,650,650,650,650,306,0,290,354.77777777777777,111,1677,10055.532679738562
1637174580,1,POST,/,0.300000,0.000000,700,700,1100,1100,1100,1100,1100,1100,1100,1100,1100,47,0,810,865.3829787234042,296,2059,9891.36170212766
1637174580,1,GET,/auth/find-friends/,0.400000,0.000000,370,370,460,460,460,460,460,460,460,460,460,388,0,180,225.69329896907217,54,1145,1974.0
1637174580,1,GET,/auth/login/,0.000000,0.000000,0,0,0,0,0,0,0,0,0,0,0,1,0,597,597.0,597,597,2961.0
1637174580,1,POST,/auth/login/,0.100000,0.000000,590,590,590,590,590,590,590,590,590,590,590,47,0,370,527.1276595744681,160,1812,10291.212765957447
1637174580,1,GET,/auth/logout/,0.100000,0.000000,94,94,94,94,94,94,94,94,94,94,94,46,0,110,129.0,8,483,1712.0
1637174580,1,POST,/auth/modify-friend/,0.200000,0.000000,190,190,190,190,190,190,190,190,190,190,190,193,0,220,268.78756476683935,74,1132,1713.0
1637174580,1,GET,/public/,0.200000,0.000000,480,480,480,480,480,480,480,480,480,480,480,194,0,250,329.41237113402065,109,1344,10183.319587628866
1637174580,1,,Aggregated,2.700000,0.000000,460,490,590,600,700,1100,1100,1100,1100,1100,1100,1222,0,240,314.1505728314239,8,2059,5875.099836333879
1637174581,1,GET,/,1.300000,0.000000,450,460,460,600,650,650,650,650,650,650,650,307,0,290,355.12703583061887,111,1677,10057.755700325733
1637174581,1,POST,/,0.400000,0.000000,700,700,1100,1100,1100,1100,1100,1100,1100,1100,1100,47,0,810,865.3829787234042,296,2059,9891.36170212766
1637174581,1,GET,/auth/find-friends/,0.200000,0.000000,370,370,460,460,460,460,460,460,460,460,460,388,0,180,225.69329896907217,54,1145,1974.0
1637174581,1,GET,/auth/login/,0.000000,0.000000,0,0,0,0,0,0,0,0,0,0,0,1,0,597,597.0,597,597,2961.0
1637174581,1,POST,/auth/login/,0.100000,0.000000,590,590,590,590,590,590,590,590,590,590,590,47,0,370,527.1276595744681,160,1812,10291.212765957447
1637174581,1,GET,/auth/logout/,0.100000,0.000000,94,94,94,94,94,94,94,94,94,94,94,46,0,110,129.0,8,483,1712.0
1637174581,1,POST,/auth/modify-friend/,0.200000,0.000000,500,500,500,500,500,500,500,500,500,500,500,194,0,220,269.9742268041237,74,1132,1713.0
1637174581,1,GET,/public/,0.100000,0.000000,480,480,480,480,480,480,480,480,480,480,480,194,0,250,329.41237113402065,109,1344,10183.319587628866
1637174581,1,,Aggregated,2.400000,0.000000,460,490,590,600,700,1100,1100,1100,1100,1100,1100,1224,0,240,314.422385620915,8,2059,5875.672385620915
1637174582,1,GET,/,1.100000,0.000000,460,460,600,650,670,670,670,670,670,670,670,309,0,290,356.3203883495146,111,1677,10064.394822006472
1637174582,1,POST,/,0.400000,0.000000,1100,1100,1100,1100,1100,1100,1100,1100,1100,1100,1100,47,0,810,865.3829787234042,296,2059,9891.36170212766
1637174582,1,GET,/auth/find-friends/,0.300000,0.000000,370,370,460,460,460,460,460,460,460,460,460,388,0,180,225.69329896907217,54,1145,1974.0
1637174582,1,GET,/auth/login/,0.000000,0.000000,0,0,0,0,0,0,0,0,0,0,0,1,0,597,597.0,597,597,2961.0
1637174582,1,POST,/auth/login/,0.100000,0.000000,590,590,590,590,590,590,590,590,590,590,590,47,0,370,527.1276595744681,160,1812,10291.212765957447
1637174582,1,GET,/auth/logout/,0.100000,0.000000,94,94,94,94,94,94,94,94,94,94,94,46,0,110,129.0,8,483,1712.0
1637174582,1,POST,/auth/modify-friend/,0.100000,0.000000,500,500,500,500,500,500,500,500,500,500,500,194,0,220,269.9742268041237,74,1132,1713.0
1637174582,1,GET,/public/,0.200000,0.000000,440,440,480,480,480,480,480,480,480,480,480,195,0,260,329.7435897435897,109,1344,10185.8
1637174582,1,,Aggregated,2.300000,0.000000,460,500,600,650,700,1100,1100,1100,1100,1100,1100,1227,0,240,314.8541157294214,8,2059,5888.0660146699265
1637174583,1,GET,/,1.100000,0.000000,460,510,600,650,670,670,670,670,670,670,670,310,0,290,356.80967741935484,111,1677,10067.158064516128
1637174583,1,POST,/,0.400000,0.000000,1100,1100,1100,1100,1100,1100,1100,1100,1100,1100,1100,47,0,810,865.3829787234042,296,2059,9891.36170212766
1637174583,1,GET,/auth/find-friends/,0.200000,0.000000,240,240,370,370,460,460,460,460,460,460,460,390,0,180,225.14871794871794,54,1145,1974.0
1637174583,1,GET,/auth/login/,0.000000,0.000000,0,0,0,0,0,0,0,0,0,0,0,1,0,597,597.0,597,597,2961.0
1637174583,1,POST,/auth/login/,0.100000,0.000000,590,590,590,590,590,590,590,590,590,590,590,47,0,370,527.1276595744681,160,1812,10291.212765957447
1637174583,1,GET,/auth/logout/,0.100000,0.000000,94,94,94,94,94,94,94,94,94,94,94,46,0,110,129.0,8,483,1712.0
1637174583,1,POST,/auth/modify-friend/,0.100000,0.000000,210,210,500,500,500,500,500,500,500,500,500,195,0,220,269.6820512820513,74,1132,1713.0
1637174583,1,GET,/public/,0.100000,0.000000,440,440,480,480,480,480,480,480,480,480,480,195,0,260,329.7435897435897,109,1344,10185.8
1637174583,1,,Aggregated,2.100000,0.000000,460,500,590,600,670,700,1100,1100,1100,1100,1100,1231,0,240,314.61088545897644,8,2059,5882.403736799351
1637174584,1,GET,/,1.000000,0.000000,460,510,600,650,670,670,670,670,670,670,670,310,0,290,356.80967741935484,111,1677,10067.158064516128
1637174584,1,POST,/,0.300000,0.000000,1100,1100,1100,1100,1100,1100,1100,1100,1100,1100,1100,47,0,810,865.3829787234042,296,2059,9891.36170212766
1637174584,1,GET,/auth/find-friends/,0.200000,0.000000,370,440,440,460,460,460,460,460,460,460,460,391,0,180,225.69565217391303,54,1145,1974.0
1637174584,1,GET,/auth/login/,0.000000,0.000000,0,0,0,0,0,0,0,0,0,0,0,1,0,597,597.0,597,597,2961.0
1637174584,1,POST,/auth/login/,0.100000,0.000000,590,590,590,590,590,590,590,590,590,590,590,47,0,370,527.1276595744681,160,1812,10291.212765957447
1637174584,1,GET,/auth/logout/,0.100000,0.000000,94,94,94,94,94,94,94,94,94,94,94,46,0,110,129.0,8,483,1712.0
1637174584,1,POST,/auth/modify-friend/,0.100000,0.000000,210,210,500,500,500,500,500,500,500,500,500,195,0,220,269.6820512820513,74,1132,1713.0
1637174584,1,GET,/public/,0.100000,0.000000,390,390,480,480,480,480,480,480,480,480,480,196,0,260,329.5765306122449,109,1344,10186.357142857143
1637174584,1,,Aggregated,1.900000,0.000000,460,480,510,590,650,670,1100,1100,1100,1100,1100,1233,0,240,314.69748580697484,8,2059,5882.812652068126
1637174585,1,GET,/,0.900000,0.000000,460,510,600,650,670,670,670,670,670,670,670,310,0,290,356.80967741935484,111,1677,10067.158064516128
1637174585,1,POST,/,0.200000,0.000000,1100,1100,1100,1100,1100,1100,1100,1100,1100,1100,1100,47,0,810,865.3829787234042,296,2059,9891.36170212766
1637174585,1,GET,/auth/find-friends/,0.400000,0.000000,440,440,460,460,580,580,580,580,580,580,580,392,0,180,226.60204081632654,54,1145,1974.0
1637174585,1,GET,/auth/login/,0.000000,0.000000,0,0,0,0,0,0,0,0,0,0,0,1,0,597,597.0,597,597,2961.0
1637174585,1,POST,/auth/login/,0.100000,0.000000,590,590,590,590,590,590,590,590,590,590,590,47,0,370,527.1276595744681,160,1812,10291.212765957447
1637174585,1,GET,/auth/logout/,0.100000,0.000000,94,94,94,94,94,94,94,94,94,94,94,46,0,110,129.0,8,483,1712.0
1637174585,1,POST,/auth/modify-friend/,0.100000,0.000000,500,500,500,500,500,500,500,500,500,500,500,195,0,220,269.6820512820513,74,1132,1713.0
1637174585,1,GET,/public/,0.200000,0.000000,390,390,480,480,480,480,480,480,480,480,480,196,0,260,329.5765306122449,109,1344,10186.357142857143
1637174585,1,,Aggregated,2.000000,0.000000,460,480,510,580,650,670,1100,1100,1100,1100,1100,1234,0,240,314.9132901134522,8,2059,5879.645056726094
1637174586,1,GET,/,0.900000,0.000000,460,510,650,650,670,670,670,670,670,670,670,312,0,290,357.03846153846155,111,1677,10070.98717948718
1637174586,1,POST,/,0.100000,0.000000,1100,1100,1100,1100,1100,1100,1100,1100,1100,1100,1100,47,0,810,865.3829787234042,296,2059,9891.36170212766
1637174586,1,GET,/auth/find-friends/,0.400000,0.000000,440,440,460,460,580,580,580,580,580,580,580,392,0,180,226.60204081632654,54,1145,1974.0
1637174586,1,GET,/auth/login/,0.000000,0.000000,0,0,0,0,0,0,0,0,0,0,0,1,0,597,597.0,597,597,2961.0
1637174586,1,POST,/auth/login/,0.100000,0.000000,590,590,590,590,590,590,590,590,590,590,590,47,0,370,527.1276595744681,160,1812,10291.212765957447
1637174586,1,GET,/auth/logout/,0.000000,0.000000,94,94,94,94,94,94,94,94,94,94,94,46,0,110,129.0,8,483,1712.0
1637174586,1,POST,/auth/modify-friend/,0.200000,0.000000,500,500,860,860,860,860,860,860,860,860,860,196,0,220,272.7142857142857,74,1132,1713.0
1637174586,1,GET,/public/,0.200000,0.000000,390,390,480,480,480,480,480,480,480,480,480,196,0,260,329.5765306122449,109,1344,10186.357142857143
1637174586,1,,Aggregated,1.900000,0.000000,460,480,510,580,670,860,1100,1100,1100,1100,1100,1237,0,240,315.482619240097,8,2059,5884.012934518998
1637174587,1,GET,/,0.900000,0.000000,460,510,650,650,670,670,670,670,670,670,670,312,0,290,357.03846153846155,111,1677,10070.98717948718
1637174587,1,POST,/,0.100000,0.000000,1100,1100,1100,1100,1100,1100,1100,1100,1100,1100,1100,47,0,810,865.3829787234042,296,2059,9891.36170212766
1637174587,1,GET,/auth/find-friends/,0.500000,0.000000,440,440,460,460,580,580,580,580,580,580,580,392,0,180,226.60204081632654,54,1145,1974.0
1637174587,1,GET,/auth/login/,0.000000,0.000000,0,0,0,0,0,0,0,0,0,0,0,1,0,597,597.0,597,597,2961.0
1637174587,1,POST,/auth/login/,0.100000,0.000000,590,590,590,590,590,590,590,590,590,590,590,47,0,370,527.1276595744681,160,1812,10291.212765957447
1637174587,1,GET,/auth/logout/,0.000000,0.000000,440,440,440,440,440,440,440,440,440,440,440,47,0,110,135.5531914893617,8,483,1712.0
1637174587,1,POST,/auth/modify-friend/,0.200000,0.000000,500,500,860,860,860,860,860,860,860,860,860,196,0,220,272.7142857142857,74,1132,1713.0
1637174587,1,GET,/public/,0.300000,0.000000,390,390,480,480,480,480,480,480,480,480,480,196,0,260,329.5765306122449,109,1344,10186.357142857143
1637174587,1,,Aggregated,2.100000,0.000000,440,480,510,580,860,1100,1100,1100,1100,1100,1100,1238,0,240,315.58077544426493,8,2059,5880.642972536349
1637174588,1,GET,/,0.900000,0.000000,460,510,650,650,670,670,670,670,670,670,670,312,0,290,357.03846153846155,111,1677,10070.98717948718
1637174588,1,POST,/,0.100000,0.000000,1100,1100,1100,1100,1100,1100,1100,1100,1100,1100,1100,47,0,810,865.3829787234042,296,2059,9891.36170212766
1637174588,1,GET,/auth/find-friends/,0.500000,0.000000,440,440,460,460,580,580,580,580,580,580,580,392,0,180,226.60204081632654,54,1145,1974.0
1637174588,1,GET,/auth/login/,0.000000,0.000000,0,0,0,0,0,0,0,0,0,0,0,1,0,597,597.0,597,597,2961.0
1637174588,1,POST,/auth/login/,0.100000,0.000000,590,590,590,590,590,590,590,590,590,590,590,47,0,370,527.1276595744681,160,1812,10291.212765957447
1637174588,1,GET,/auth/logout/,0.000000,0.000000,440,440,440,440,440,440,440,440,440,440,440,47,0,110,135.5531914893617,8,483,1712.0
1637174588,1,POST,/auth/modify-friend/,0.200000,0.000000,500,500,860,860,860,860,860,860,860,860,860,196,0,220,272.7142857142857,74,1132,1713.0
1637174588,1,GET,/public/,0.300000,0.000000,390,390,480,480,480,480,480,480,480,480,480,196,0,260,329.5765306122449,109,1344,10186.357142857143
1637174588,1,,Aggregated,2.100000,0.000000,440,460,500,510,670,860,860,860,860,860,860,1238,0,240,315.58077544426493,8,2059,5880.642972536349
1637174589,1,GET,/,0.800000,0.000000,440,460,510,510,670,670,670,670,670,670,670,313,0,290,357.26837060702877,111,1677,10071.712460063898
1637174589,1,POST,/,0.100000,0.000000,1100,1100,1100,1100,1100,1100,1100,1100,1100,1100,1100,47,0,810,865.3829787234042,296,2059,9891.36170212766
1637174589,1,GET,/auth/find-friends/,0.600000,0.000000,440,460,460,580,580,580,580,580,580,580,580,392,0,180,226.60204081632654,54,1145,1974.0
1637174589,1,GET,/auth/login/,0.000000,0.000000,0,0,0,0,0,0,0,0,0,0,0,1,0,597,597.0,597,597,2961.0
1637174589,1,POST,/auth/login/,0.000000,0.000000,700,700,700,700,700,700,700,700,700,700,700,48,0,370,530.7916666666666,160,1812,10290.583333333334
1637174589,1,GET,/auth/logout/,0.000000,0.000000,440,440,440,440,440,440,440,440,440,440,440,47,0,110,135.5531914893617,8,483,1712.0
1637174589,1,POST,/auth/modify-friend/,0.300000,0.000000,500,500,860,860,860,860,860,860,860,860,860,196,0,220,272.7142857142857,74,1132,1713.0
1637174589,1,GET,/public/,0.300000,0.000000,390,390,480,480,480,480,480,480,480,480,480,196,0,260,329.5765306122449,109,1344,10186.357142857143
1637174589,1,,Aggregated,2.100000,0.000000,440,460,510,580,700,860,860,860,860,860,860,1240,0,240,315.98467741935485,8,2059,5887.737903225807
1637174590,1,GET,/,0.600000,0.000000,440,460,510,510,670,670,670,670,670,670,670,314,0,290,357.0222929936306,111,1677,10073.331210191083
1637174590,1,POST,/,0.100000,0.000000,1100,1100,1100,1100,1100,1100,1100,1100,1100,1100,1100,48,0,810,867.9583333333334,296,2059,9904.083333333334
1637174590,1,GET,/auth/find-friends/,0.600000,0.000000,440,460,460,580,580,580,580,580,580,580,580,392,0,180,226.60204081632654,54,1145,1974.0
1637174590,1,GET,/auth/login/,0.000000,0.000000,0,0,0,0,0,0,0,0,0,0,0,1,0,597,597.0,597,597,2961.0
1637174590,1,POST,/auth/login/,0.000000,0.000000,700,700,700,700,700,700,700,700,700,700,700,48,0,370,530.7916666666666,160,1812,10290.583333333334
1637174590,1,GET,/auth/logout/,0.100000,0.000000,440,440,440,440,440,440,440,440,440,440,440,47,0,110,135.5531914893617,8,483,1712.0
1637174590,1,POST,/auth/modify-friend/,0.300000,0.000000,500,500,860,860,860,860,860,860,860,860,860,196,0,220,272.7142857142857,74,1132,1713.0
1637174590,1,GET,/public/,0.300000,0.000000,390,390,390,390,390,390,390,390,390,390,390,196,0,260,329.5765306122449,109,1344,10186.357142857143
1637174590,1,,Aggregated,2.000000,0.000000,440,460,580,670,860,990,990,990,990,990,990,1242,0,240,316.4975845410628,8,2059,5895.231078904992
1637174591,1,GET,/,0.600000,0.000000,430,440,480,480,510,510,510,510,510,510,510,315,0,290,357.42539682539683,111,1677,10074.784126984126
1637174591,1,POST,/,0.000000,0.000000,990,990,1100,1100,1100,1100,1100,1100,1100,1100,1100,49,0,810,862.795918367347,296,2059,9918.836734693878
1637174591,1,GET,/auth/find-friends/,0.600000,0.000000,440,440,580,580,580,580,580,580,580,580,580,392,0,180,226.60204081632654,54,1145,1974.0
1637174591,1,GET,/auth/login/,0.000000,0.000000,0,0,0,0,0,0,0,0,0,0,0,1,0,597,597.0,597,597,2961.0
1637174591,1,POST,/auth/login/,0.100000,0.000000,700,700,700,700,700,700,700,700,700,700,700,48,0,370,530.7916666666666,160,1812,10290.583333333334
1637174591,1,GET,/auth/logout/,0.100000,0.000000,440,440,440,440,440,440,440,440,440,440,440,47,0,110,135.5531914893617,8,483,1712.0
1637174591,1,POST,/auth/modify-friend/,0.300000,0.000000,860,860,860,860,860,860,860,860,860,860,860,196,0,220,272.7142857142857,74,1132,1713.0
1637174591,1,GET,/public/,0.300000,0.000000,390,390,390,390,390,390,390,390,390,390,390,196,0,260,329.5765306122449,109,1344,10186.357142857143
1637174591,1,,Aggregated,2.000000,0.000000,440,480,580,620,860,990,990,990,990,990,990,1244,0,240,316.87218649517683,8,2059,5902.761254019292
1637174592,1,GET,/,0.600000,0.000000,440,440,480,480,510,510,510,510,510,510,510,315,0,290,357.42539682539683,111,1677,10074.784126984126
1637174592,1,POST,/,0.000000,0.000000,990,990,1100,1100,1100,1100,1100,1100,1100,1100,1100,49,0,810,862.795918367347,296,2059,9918.836734693878
1637174592,1,GET,/auth/find-friends/,0.600000,0.000000,440,440,580,580,580,580,580,580,580,580,580,392,0,180,226.60204081632654,54,1145,1974.0
1637174592,1,GET,/auth/login/,0.000000,0.000000,0,0,0,0,0,0,0,0,0,0,0,1,0,597,597.0,597,597,2961.0
1637174592,1,POST,/auth/login/,0.100000,0.000000,700,700,700,700,700,700,700,700,700,700,700,48,0,370,530.7916666666666,160,1812,10290.583333333334
1637174592,1,GET,/auth/logout/,0.100000,0.000000,440,440,440,440,440,440,440,440,440,440,440,48,0,110,138.70833333333334,8,483,1712.0
1637174592,1,POST,/auth/modify-friend/,0.300000,0.000000,860,860,860,860,860,860,860,860,860,860,860,196,0,220,272.7142857142857,74,1132,1713.0
1637174592,1,GET,/public/,0.300000,0.000000,390,390,390,390,390,390,390,390,390,390,390,196,0,260,329.5765306122449,109,1344,10186.357142857143
1637174592,1,,Aggregated,2.000000,0.000000,440,510,620,620,860,990,990,990,990,990,990,1245,0,240,316.8481927710843,8,2059,5899.395180722891
1637174593,1,GET,/,0.800000,0.000000,430,440,480,480,510,510,510,510,510,510,510,316,0,290,357.09177215189874,111,1677,10075.48417721519
1637174593,1,POST,/,0.100000,0.000000,990,990,1100,1100,1100,1100,1100,1100,1100,1100,1100,49,0,810,862.795918367347,296,2059,9918.836734693878
1637174593,1,GET,/auth/find-friends/,0.400000,0.000000,580,580,580,580,580,580,580,580,580,580,580,392,0,180,226.60204081632654,54,1145,1974.0
1637174593,1,GET,/auth/login/,0.000000,0.000000,0,0,0,0,0,0,0,0,0,0,0,1,0,597,597.0,597,597,2961.0
1637174593,1,POST,/auth/login/,0.100000,0.000000,700,700,700,700,700,700,700,700,700,700,700,49,0,370,525.1632653061224,160,1812,10292.040816326531
1637174593,1,GET,/auth/logout/,0.100000,0.000000,440,440,440,440,440,440,440,440,440,440,440,48,0,110,138.70833333333334,8,483,1712.0
1637174593,1,POST,/auth/modify-friend/,0.200000,0.000000,860,860,860,860,860,860,860,860,860,860,860,196,0,220,272.7142857142857,74,1132,1713.0
1637174593,1,GET,/public/,0.200000,0.000000,300,300,300,300,300,300,300,300,300,300,300,196,0,260,329.5765306122449,109,1344,10186.357142857143
1637174593,1,,Aggregated,1.900000,0.000000,440,480,620,620,860,990,990,990,990,990,990,1247,0,240,316.7465918203689,8,2059,5906.49959903769
1637174594,1,GET,/,0.700000,0.000000,400,430,440,440,480,480,480,480,480,480,480,317,0,290,357.2429022082019,111,1677,10076.179810725553
1637174594,1,POST,/,0.200000,0.000000,990,990,990,990,990,990,990,990,990,990,990,49,0,810,862.795918367347,296,2059,9918.836734693878
1637174594,1,GET,/auth/find-friends/,0.400000,0.000000,580,580,580,580,580,580,580,580,580,580,580,393,0,180,226.87277353689566,54,1145,1974.0
1637174594,1,GET,/auth/login/,0.000000,0.000000,0,0,0,0,0,0,0,0,0,0,0,1,0,597,597.0,597,597,2961.0
1637174594,1,POST,/auth/login/,0.100000,0.000000,700,700,700,700,700,700,700,700,700,700,700,49,0,370,525.1632653061224,160,1812,10292.040816326531
1637174594,1,GET,/auth/logout/,0.200000,0.000000,440,440,440,440,440,440,440,440,440,440,440,48,0,110,138.70833333333334,8,483,1712.0
1637174594,1,POST,/auth/modify-friend/,0.200000,0.000000,860,860,860,860,860,860,860,860,860,860,860,196,0,220,272.7142857142857,74,1132,1713.0
1637174594,1,GET,/public/,0.200000,0.000000,500,500,500,500,500,500,500,500,500,500,500,197,0,260,330.4467005076142,109,1344,10184.203045685279
1637174594,1,,Aggregated,2.000000,0.000000,440,500,580,620,860,990,990,990,990,990,990,1250,0,240,316.9776,8,2059,5909.9496
1637174595,1,GET,/,0.600000,0.000000,400,430,440,440,480,480,480,480,480,480,480,318,0,290,356.7169811320755,111,1677,10076.031446540881
1637174595,1,POST,/,0.200000,0.000000,990,990,990,990,990,990,990,990,990,990,990,49,0,810,862.795918367347,296,2059,9918.836734693878
1637174595,1,GET,/auth/find-friends/,0.200000,0.000000,330,330,580,580,580,580,580,580,580,580,580,394,0,180,226.80456852791878,54,1145,1974.0
1637174595,1,GET,/auth/login/,0.000000,0.000000,0,0,0,0,0,0,0,0,0,0,0,1,0,597,597.0,597,597,2961.0
1637174595,1,POST,/auth/login/,0.100000,0.000000,700,700,700,700,700,700,700,700,700,700,700,49,0,370,525.1632653061224,160,1812,10292.040816326531
1637174595,1,GET,/auth/logout/,0.200000,0.000000,440,440,440,440,440,440,440,440,440,440,440,48,0,110,138.70833333333334,8,483,1712.0
1637174595,1,POST,/auth/modify-friend/,0.200000,0.000000,860,860,860,860,860,860,860,860,860,860,860,197,0,220,272.1421319796954,74,1132,1713.0
1637174595,1,GET,/public/,0.100000,0.000000,360,360,500,500,500,500,500,500,500,500,500,198,0,260,330.6111111111111,109,1344,10182.20707070707
1637174595,1,,Aggregated,1.600000,0.000000,360,440,480,500,700,990,990,990,990,990,990,1254,0,240,316.6945773524721,8,2059,5909.8421052631575
1637174596,1,GET,/,0.700000,0.000000,400,430,440,440,480,480,480,480,480,480,480,318,0,290,356.7169811320755,111,1677,10076.031446540881
1637174596,1,POST,/,0.200000,0.000000,990,990,990,990,990,990,990,990,990,990,990,49,0,810,862.795918367347,296,2059,9918.836734693878
1637174596,1,GET,/auth/find-friends/,0.200000,0.000000,310,330,330,580,580,580,580,580,580,580,580,396,0,180,227.07070707070707,54,1145,1974.0
1637174596,1,GET,/auth/login/,0.000000,0.000000,0,0,0,0,0,0,0,0,0,0,0,1,0,597,597.0,597,597,2961.0
1637174596,1,POST,/auth/login/,0.200000,0.000000,700,700,700,700,700,700,700,700,700,700,700,49,0,370,525.1632653061224,160,1812,10292.040816326531
1637174596,1,GET,/auth/logout/,0.200000,0.000000,440,440,440,440,440,440,440,440,440,440,440,48,0,110,138.70833333333334,8,483,1712.0
1637174596,1,POST,/auth/modify-friend/,0.100000,0.000000,610,610,860,860,860,860,860,860,860,860,860,198,0,220,273.82828282828285,74,1132,1713.0
1637174596,1,GET,/public/,0.100000,0.000000,360,360,500,500,500,500,500,500,500,500,500,198,0,260,330.6111111111111,109,1344,10182.20707070707
1637174596,1,,Aggregated,1.700000,0.000000,360,440,500,610,700,990,990,990,990,990,990,1257,0,240,316.86555290373906,8,2059,5900.241050119332
1637174597,1,GET,/,0.700000,0.000000,400,430,480,480,480,480,480,480,480,480,480,319,0,290,357.09090909090907,111,1677,10076.673981191223
1637174597,1,POST,/,0.200000,0.000000,990,990,990,990,990,990,990,990,990,990,990,49,0,810,862.795918367347,296,2059,9918.836734693878
1637174597,1,GET,/auth/find-friends/,0.300000,0.000000,310,330,330,580,580,580,580,580,580,580,580,396,0,180,227.07070707070707,54,1145,1974.0
1637174597,1,GET,/auth/login/,0.000000,0.000000,0,0,0,0,0,0,0,0,0,0,0,1,0,597,597.0,597,597,2961.0
1637174597,1,POST,/auth/login/,0.200000,0.000000,700,700,700,700,700,700,700,700,700,700,700,49,0,370,525.1632653061224,160,1812,10292.040816326531
1637174597,1,GET,/auth/logout/,0.200000,0.000000,440,440,440,440,440,440,440,440,440,440,440,48,0,110,138.70833333333334,8,483,1712.0
1637174597,1,POST,/auth/modify-friend/,0.100000,0.000000,610,610,860,860,860,860,860,860,860,860,860,198,0,220,273.82828282828285,74,1132,1713.0
1637174597,1,GET,/public/,0.100000,0.000000,360,360,500,500,500,500,500,500,500,500,500,198,0,260,330.6111111111111,109,1344,10182.20707070707
1637174597,1,,Aggregated,1.800000,0.000000,360,480,500,610,700,990,990,990,990,990,990,1258,0,240,316.9920508744038,8,2059,5903.723370429253
1637174598,1,GET,/,0.800000,0.000000,400,430,480,480,480,480,480,480,480,480,480,319,0,290,357.09090909090907,111,1677,10076.673981191223
1637174598,1,POST,/,0.200000,0.000000,990,990,1200,1200,1200,1200,1200,1200,1200,1200,1200,50,0,810,868.56,296,2059,9929.12
1637174598,1,GET,/auth/find-friends/,0.300000,0.000000,310,330,330,580,580,580,580,580,580,580,580,396,0,180,227.07070707070707,54,1145,1974.0
1637174598,1,GET,/auth/login/,0.000000,0.000000,0,0,0,0,0,0,0,0,0,0,0,1,0,597,597.0,597,597,2961.0
1637174598,1,POST,/auth/login/,0.200000,0.000000,700,700,700,700,700,700,700,700,700,700,700,49,0,370,525.1632653061224,160,1812,10292.040816326531
1637174598,1,GET,/auth/logout/,0.200000,0.000000,440,440,440,440,440,440,440,440,440,440,440,48,0,110,138.70833333333334,8,483,1712.0
1637174598,1,POST,/auth/modify-friend/,0.100000,0.000000,610,610,860,860,860,860,860,860,860,860,860,198,0,220,273.82828282828285,74,1132,1713.0
1637174598,1,GET,/public/,0.200000,0.000000,360,360,500,500,500,500,500,500,500,500,500,198,0,260,330.6111111111111,109,1344,10182.20707070707
1637174598,1,,Aggregated,2.000000,0.000000,360,480,500,610,990,1200,1200,1200,1200,1200,1200,1259,0,240,317.6544876886418,8,2059,5907.3208895949165
1637174599,1,GET,/,0.600000,0.000000,400,480,480,480,490,490,490,490,490,490,490,320,0,290,357.515625,111,1677,10077.621875
1637174599,1,POST,/,0.200000,0.000000,990,990,1200,1200,1200,1200,1200,1200,1200,1200,1200,50,0,810,868.56,296,2059,9929.12
1637174599,1,GET,/auth/find-friends/,0.400000,0.000000,310,330,330,450,450,450,450,450,450,450,450,397,0,180,227.63476070528966,54,1145,1974.0
1637174599,1,GET,/auth/login/,0.000000,0.000000,0,0,0,0,0,0,0,0,0,0,0,1,0,597,597.0,597,597,2961.0
1637174599,1,POST,/auth/login/,0.200000,0.000000,700,700,700,700,700,700,700,700,700,700,700,49,0,370,525.1632653061224,160,1812,10292.040816326531
1637174599,1,GET,/auth/logout/,0.200000,0.000000,290,290,290,290,290,290,290,290,290,290,290,48,0,110,138.70833333333334,8,483,1712.0
1637174599,1,POST,/auth/modify-friend/,0.200000,0.000000,610,610,860,860,860,860,860,860,860,860,860,198,0,220,273.82828282828285,74,1132,1713.0
1637174599,1,GET,/public/,0.200000,0.000000,390,390,500,500,500,500,500,500,500,500,500,199,0,260,330.90954773869345,109,1344,10181.457286432162
1637174599,1,,Aggregated,2.000000,0.000000,390,480,490,500,620,990,1200,1200,1200,1200,1200,1262,0,240,317.9564183835182,8,2059,5911.017432646593
1637174600,1,GET,/,0.700000,0.000000,480,480,480,480,490,490,490,490,490,490,490,320,0,290,357.515625,111,1677,10077.621875
1637174600,1,POST,/,0.200000,0.000000,1200,1200,1200,1200,1200,1200,1200,1200,1200,1200,1200,50,0,810,868.56,296,2059,9929.12
1637174600,1,GET,/auth/find-friends/,0.400000,0.000000,330,330,450,450,500,500,500,500,500,500,500,398,0,180,228.30904522613065,54,1145,1974.0
1637174600,1,GET,/auth/login/,0.000000,0.000000,0,0,0,0,0,0,0,0,0,0,0,1,0,597,597.0,597,597,2961.0
1637174600,1,POST,/auth/login/,0.200000,0.000000,260,260,260,260,260,260,260,260,260,260,260,49,0,370,525.1632653061224,160,1812,10292.040816326531
1637174600,1,GET,/auth/logout/,0.100000,0.000000,290,290,290,290,290,290,290,290,290,290,290,48,0,110,138.70833333333334,8,483,1712.0
1637174600,1,POST,/auth/modify-friend/,0.200000,0.000000,380,380,610,610,610,610,610,610,610,610,610,199,0,220,274.34170854271355,74,1132,1713.0
1637174600,1,GET,/public/,0.200000,0.000000,390,390,500,500,500,500,500,500,500,500,500,199,0,260,330.90954773869345,109,1344,10181.457286432162
1637174600,1,,Aggregated,2.000000,0.000000,390,480,490,500,610,620,1200,1200,1200,1200,1200,1264,0,250,318.14319620253167,8,2059,5904.581487341772
1637174601,1,GET,/,0.800000,0.000000,480,480,480,480,490,490,490,490,490,490,490,320,0,290,357.515625,111,1677,10077.621875
1637174601,1,POST,/,0.300000,0.000000,1200,1200,1200,1200,1200,1200,1200,1200,1200,1200,1200,50,0,810,868.56,296,2059,9929.12
1637174601,1,GET,/auth/find-friends/,0.400000,0.000000,330,450,500,500,580,580,580,580,580,580,580,399,0,180,229.17794486215539,54,1145,1974.0
1637174601,1,GET,/auth/login/,0.000000,0.000000,0,0,0,0,0,0,0,0,0,0,0,1,0,597,597.0,597,597,2961.0
1637174601,1,POST,/auth/login/,0.100000,0.000000,260,260,260,260,260,260,260,260,260,260,260,49,0,370,525.1632653061224,160,1812,10292.040816326531
1637174601,1,GET,/auth/logout/,0.100000,0.000000,290,290,290,290,290,290,290,290,290,290,290,48,0,110,138.70833333333334,8,483,1712.0
1637174601,1,POST,/auth/modify-friend/,0.200000,0.000000,380,380,610,610,610,610,610,610,610,610,610,199,0,220,274.34170854271355,74,1132,1713.0
1637174601,1,GET,/public/,0.200000,0.000000,390,390,500,500,500,500,500,500,500,500,500,200,0,260,331.185,109,1344,10181.61
1637174601,1,,Aggregated,2.100000,0.000000,390,480,500,500,610,620,1200,1200,1200,1200,1200,1266,0,250,318.3996840442338,8,2059,5904.879146919431
1637174602,1,GET,/,0.700000,0.000000,400,480,480,490,490,490,490,490,490,490,490,320,0,290,357.515625,111,1677,10077.621875
1637174602,1,POST,/,0.300000,0.000000,1200,1200,1200,1200,1200,1200,1200,1200,1200,1200,1200,50,0,810,868.56,296,2059,9929.12
1637174602,1,GET,/auth/find-friends/,0.500000,0.000000,450,500,560,560,580,580,580,580,580,580,580,400,0,180,230.0,54,1145,1974.0
1637174602,1,GET,/auth/login/,0.000000,0.000000,0,0,0,0,0,0,0,0,0,0,0,1,0,597,597.0,597,597,2961.0
1637174602,1,POST,/auth/login/,0.100000,0.000000,260,260,260,260,260,260,260,260,260,260,260,49,0,370,525.1632653061224,160,1812,10292.040816326531
1637174602,1,GET,/auth/logout/,0.100000,0.000000,290,290,290,290,290,290,290,290,290,290,290,48,0,110,138.70833333333334,8,483,1712.0
1637174602,1,POST,/auth/modify-friend/,0.200000,0.000000,380,380,610,610,610,610,610,610,610,610,610,200,0,220,274.77,74,1132,1713.0
1637174602,1,GET,/public/,0.300000,0.000000,390,390,390,500,500,500,500,500,500,500,500,201,0,260,330.53731343283584,109,1344,10182.253731343284
1637174602,1,,Aggregated,2.200000,0.000000,390,450,500,500,580,610,1200,1200,1200,1200,1200,1269,0,250,318.52876280535855,8,2059,5901.9503546099295
1637174603,1,GET,/,0.600000,0.000000,400,400,480,480,490,490,490,490,490,490,490,321,0,300,357.5109034267913,111,1677,10079.398753894082
1637174603,1,POST,/,0.200000,0.000000,1200,1200,1200,1200,1200,1200,1200,1200,1200,1200,1200,50,0,810,868.56,296,2059,9929.12
1637174603,1,GET,/auth/find-friends/,0.600000,0.000000,330,450,500,560,580,580,580,580,580,580,580,402,0,180,229.50746268656715,54,1145,1974.0
1637174603,1,GET,/auth/login/,0.000000,0.000000,0,0,0,0,0,0,0,0,0,0,0,1,0,597,597.0,597,597,2961.0
1637174603,1,POST,/auth/login/,0.100000,0.000000,260,260,260,260,260,260,260,260,260,260,260,49,0,370,525.1632653061224,160,1812,10292.040816326531
1637174603,1,GET,/auth/logout/,0.100000,0.000000,290,290,290,290,290,290,290,290,290,290,290,48,0,110,138.70833333333334,8,483,1712.0
1637174603,1,POST,/auth/modify-friend/,0.300000,0.000000,360,380,380,610,610,610,610,610,610,610,610,201,0,220,274.5124378109453,74,1132,1713.0
1637174603,1,GET,/public/,0.300000,0.000000,390,390,390,500,500,500,500,500,500,500,500,201,0,260,330.53731343283584,109,1344,10182.253731343284
1637174603,1,,Aggregated,2.200000,0.000000,360,450,490,500,580,610,1200,1200,1200,1200,1200,1273,0,250,318.1885310290652,8,2059,5896.216810683425
1637174604,1,GET,/,0.500000,0.000000,480,480,490,490,490,490,490,490,490,490,490,323,0,300,357.7647058823529,111,1677,10083.02786377709
1637174604,1,POST,/,0.100000,0.000000,1200,1200,1200,1200,1200,1200,1200,1200,1200,1200,1200,50,0,810,868.56,296,2059,9929.12
1637174604,1,GET,/auth/find-friends/,0.700000,0.000000,450,500,560,560,580,580,580,580,580,580,580,402,0,180,229.50746268656715,54,1145,1974.0
1637174604,1,GET,/auth/login/,0.000000,0.000000,0,0,0,0,0,0,0,0,0,0,0,1,0,597,597.0,597,597,2961.0
1637174604,1,POST,/auth/login/,0.100000,0.000000,260,260,260,260,260,260,260,260,260,260,260,49,0,370,525.1632653061224,160,1812,10292.040816326531
1637174604,1,GET,/auth/logout/,0.000000,0.000000,290,290,290,290,290,290,290,290,290,290,290,48,0,110,138.70833333333334,8,483,1712.0
1637174604,1,POST,/auth/modify-friend/,0.300000,0.000000,360,380,380,610,610,610,610,610,610,610,610,201,0,220,274.5124378109453,74,1132,1713.0
1637174604,1,GET,/public/,0.400000,0.000000,390,390,390,390,390,390,390,390,390,390,390,201,0,260,330.53731343283584,109,1344,10182.253731343284
1637174604,1,,Aggregated,2.100000,0.000000,380,450,490,500,580,610,1200,1200,1200,1200,1200,1275,0,250,318.31450980392157,8,2059,5903.698039215687
1637174605,1,GET,/,0.500000,0.000000,480,480,490,490,490,490,490,490,490,490,490,323,0,300,357.7647058823529,111,1677,10083.02786377709
1637174605,1,POST,/,0.100000,0.000000,1200,1200,1200,1200,1200,1200,1200,1200,1200,1200,1200,50,0,810,868.56,296,2059,9929.12
1637174605,1,GET,/auth/find-friends/,0.900000,0.000000,430,450,500,560,580,580,580,580,580,580,580,404,0,180,230.26732673267327,54,1145,1974.0
1637174605,1,GET,/auth/login/,0.000000,0.000000,0,0,0,0,0,0,0,0,0,0,0,1,0,597,597.0,597,597,2961.0
1637174605,1,POST,/auth/login/,0.100000,0.000000,260,260,260,260,260,260,260,260,260,260,260,49,0,370,525.1632653061224,160,1812,10292.040816326531
1637174605,1,GET,/auth/logout/,0.000000,0.000000,290,290,290,290,290,290,290,290,290,290,290,48,0,110,138.70833333333334,8,483,1712.0
1637174605,1,POST,/auth/modify-friend/,0.400000,0.000000,380,380,610,610,610,610,610,610,610,610,610,201,0,220,274.5124378109453,74,1132,1713.0
1637174605,1,GET,/public/,0.500000,0.000000,390,390,390,560,560,560,560,560,560,560,560,202,0,260,331.6930693069307,109,1344,10183.564356435643
1637174605,1,,Aggregated,2.500000,0.000000,390,490,500,560,580,610,1200,1200,1200,1200,1200,1278,0,250,318.6079812206573,8,2059,5901.103286384977
1637174606,1,GET,/,0.500000,0.000000,480,480,490,490,490,490,490,490,490,490,490,324,0,300,357.96604938271605,111,1677,10084.212962962964
1637174606,1,POST,/,0.100000,0.000000,1200,1200,1200,1200,1200,1200,1200,1200,1200,1200,1200,50,0,810,868.56,296,2059,9929.12
1637174606,1,GET,/auth/find-friends/,1.000000,0.000000,330,450,500,500,560,580,580,580,580,580,580,406,0,180,229.4704433497537,54,1145,1974.0
1637174606,1,GET,/auth/login/,0.000000,0.000000,0,0,0,0,0,0,0,0,0,0,0,1,0,597,597.0,597,597,2961.0
1637174606,1,POST,/auth/login/,0.000000,0.000000,260,260,260,260,260,260,260,260,260,260,260,49,0,370,525.1632653061224,160,1812,10292.040816326531
1637174606,1,GET,/auth/logout/,0.000000,0.000000,290,290,290,290,290,290,290,290,290,290,290,48,0,110,138.70833333333334,8,483,1712.0
1637174606,1,POST,/auth/modify-friend/,0.500000,0.000000,360,380,380,610,610,610,610,610,610,610,610,202,0,220,274.84653465346537,74,1132,1713.0
1637174606,1,GET,/public/,0.500000,0.000000,390,390,390,390,560,560,560,560,560,560,560,203,0,260,330.76847290640393,109,1344,10183.758620689656
1637174606,1,,Aggregated,2.600000,0.000000,390,450,490,490,560,580,1200,1200,1200,1200,1200,1283,0,250,318.18160561184726,8,2059,5898.644583008574
1637174607,1,GET,/,0.600000,0.000000,420,420,490,490,490,490,490,490,490,490,490,325,0,300,357.3169230769231,111,1677,10085.38153846154
1637174607,1,POST,/,0.100000,0.000000,1200,1200,1200,1200,1200,1200,1200,1200,1200,1200,1200,50,0,810,868.56,296,2059,9929.12
1637174607,1,GET,/auth/find-friends/,0.800000,0.000000,430,450,500,560,580,580,580,580,580,580,580,406,0,180,229.4704433497537,54,1145,1974.0
1637174607,1,GET,/auth/login/,0.000000,0.000000,0,0,0,0,0,0,0,0,0,0,0,1,0,597,597.0,597,597,2961.0
1637174607,1,POST,/auth/login/,0.000000,0.000000,260,260,260,260,260,260,260,260,260,260,260,49,0,370,525.1632653061224,160,1812,10292.040816326531
1637174607,1,GET,/auth/logout/,0.000000,0.000000,290,290,290,290,290,290,290,290,290,290,290,49,0,110,136.08163265306123,8,483,1712.0
1637174607,1,POST,/auth/modify-friend/,0.500000,0.000000,360,360,380,380,610,610,610,610,610,610,610,203,0,220,273.9655172413793,74,1132,1713.0
1637174607,1,GET,/public/,0.500000,0.000000,390,390,390,560,560,560,560,560,560,560,560,203,0,260,330.76847290640393,109,1344,10183.758620689656
1637174607,1,,Aggregated,2.500000,0.000000,360,420,490,490,560,580,1200,1200,1200,1200,1200,1286,0,250,317.63608087091757,8,2059,5895.684292379471
1637174608,1,GET,/,0.500000,0.000000,420,420,490,490,490,490,490,490,490,490,490,325,0,300,357.3169230769231,111,1677,10085.38153846154
1637174608,1,POST,/,0.100000,0.000000,1200,1200,1200,1200,1200,1200,1200,1200,1200,1200,1200,50,0,810,868.56,296,2059,9929.12
1637174608,1,GET,/auth/find-friends/,0.900000,0.000000,430,450,500,560,580,580,580,580,580,580,580,406,0,180,229.4704433497537,54,1145,1974.0
1637174608,1,GET,/auth/login/,0.000000,0.000000,0,0,0,0,0,0,0,0,0,0,0,1,0,597,597.0,597,597,2961.0
1637174608,1,POST,/auth/login/,0.000000,0.000000,690,690,690,690,690,690,690,690,690,690,690,50,0,370,528.52,160,1812,10297.06
1637174608,1,GET,/auth/logout/,0.000000,0.000000,290,290,290,290,290,290,290,290,290,290,290,49,0,110,136.08163265306123,8,483,1712.0
1637174608,1,POST,/auth/modify-friend/,0.400000,0.000000,340,360,360,380,380,380,380,380,380,380,380,203,0,220,273.9655172413793,74,1132,1713.0
1637174608,1,GET,/public/,0.400000,0.000000,390,390,390,560,560,560,560,560,560,560,560,203,0,260,330.76847290640393,109,1344,10183.758620689656
1637174608,1,,Aggregated,2.300000,0.000000,360,390,450,490,560,580,690,690,690,690,690,1287,0,250,317.9277389277389,8,2059,5899.29526029526
1637174609,1,GET,/,0.600000,0.000000,420,490,490,490,600,600,600,600,600,600,600,326,0,300,358.05214723926383,111,1677,10086.466257668711
1637174609,1,POST,/,0.100000,0.000000,1200,1200,1200,1200,1200,1200,1200,1200,1200,1200,1200,50,0,810,868.56,296,2059,9929.12
1637174609,1,GET,/auth/find-friends/,1.000000,0.000000,330,430,500,560,580,580,580,580,580,580,580,406,0,180,229.4704433497537,54,1145,1974.0
1637174609,1,GET,/auth/login/,0.000000,0.000000,0,0,0,0,0,0,0,0,0,0,0,1,0,597,597.0,597,597,2961.0
1637174609,1,POST,/auth/login/,0.000000,0.000000,690,690,690,690,690,690,690,690,690,690,690,50,0,370,528.52,160,1812,10297.06
1637174609,1,GET,/auth/logout/,0.000000,0.000000,10,10,10,10,10,10,10,10,10,10,10,49,0,110,136.08163265306123,8,483,1712.0
1637174609,1,POST,/auth/modify-friend/,0.500000,0.000000,340,360,360,380,380,380,380,380,380,380,380,203,0,220,273.9655172413793,74,1132,1713.0
1637174609,1,GET,/public/,0.500000,0.000000,390,390,390,560,560,560,560,560,560,560,560,203,0,260,330.76847290640393,109,1344,10183.758620689656
1637174609,1,,Aggregated,2.700000,0.000000,360,420,490,500,580,600,690,690,690,690,690,1288,0,250,318.1444099378882,8,2059,5902.819875776398
1637174610,1,GET,/,0.600000,0.000000,420,490,500,500,600,600,600,600,600,600,600,327,0,300,358.49847094801225,111,1677,10087.93883792049
1637174610,1,POST,/,0.100000,0.000000,1200,1200,1200,1200,1200,1200,1200,1200,1200,1200,1200,50,0,810,868.56,296,2059,9929.12
1637174610,1,GET,/auth/find-friends/,1.000000,0.000000,330,340,430,560,580,580,580,580,580,580,580,407,0,180,229.72972972972974,54,1145,1974.0
1637174610,1,GET,/auth/login/,0.000000,0.000000,0,0,0,0,0,0,0,0,0,0,0,1,0,597,597.0,597,597,2961.0
1637174610,1,POST,/auth/login/,0.000000,0.000000,690,690,690,690,690,690,690,690,690,690,690,50,0,370,528.52,160,1812,10297.06
1637174610,1,GET,/auth/logout/,0.100000,0.000000,10,10,10,10,10,10,10,10,10,10,10,49,0,110,136.08163265306123,8,483,1712.0
1637174610,1,POST,/auth/modify-friend/,0.500000,0.000000,340,360,360,380,380,380,380,380,380,380,380,203,0,220,273.9655172413793,74,1132,1713.0
1637174610,1,GET,/public/,0.500000,0.000000,390,560,560,590,590,590,590,590,590,590,590,204,0,260,332.05882352941177,109,1344,10184.122549019608
1637174610,1,,Aggregated,2.800000,0.000000,340,420,500,560,590,600,690,690,690,690,690,1291,0,250,318.5151045701007,8,2059,5906.763749031758
1637174611,1,GET,/,0.500000,0.000000,420,490,500,500,600,600,600,600,600,600,600,327,0,300,358.49847094801225,111,1677,10087.93883792049
1637174611,1,POST,/,0.000000,0.000000,1200,1200,1200,1200,1200,1200,1200,1200,1200,1200,1200,50,0,810,868.56,296,2059,9929.12
1637174611,1,GET,/auth/find-friends/,1.000000,0.000000,300,330,340,430,560,560,560,560,560,560,560,408,0,180,229.90686274509804,54,1145,1974.0
1637174611,1,GET,/auth/login/,0.000000,0.000000,0,0,0,0,0,0,0,0,0,0,0,1,0,597,597.0,597,597,2961.0
1637174611,1,POST,/auth/login/,0.100000,0.000000,690,690,690,690,690,690,690,690,690,690,690,50,0,370,528.52,160,1812,10297.06
1637174611,1,GET,/auth/logout/,0.100000,0.000000,10,10,10,10,10,10,10,10,10,10,10,49,0,110,136.08163265306123,8,483,1712.0
1637174611,1,POST,/auth/modify-friend/,0.500000,0.000000,340,360,360,530,530,530,530,530,530,530,530,204,0,220,275.22549019607845,74,1132,1713.0
1637174611,1,GET,/public/,0.500000,0.000000,560,560,590,590,590,590,590,590,590,590,590,204,0,260,332.05882352941177,109,1344,10184.122549019608
1637174611,1,,Aggregated,2.700000,0.000000,340,420,500,530,590,600,690,690,690,690,690,1293,0,250,318.6666666666667,8,2059,5900.478731631864
1637174612,1,GET,/,0.700000,0.000000,490,500,520,600,660,660,660,660,660,660,660,329,0,300,359.90577507598783,111,1677,10089.313069908814
1637174612,1,POST,/,0.000000,0.000000,1200,1200,1200,1200,1200,1200,1200,1200,1200,1200,1200,50,0,810,868.56,296,2059,9929.12
1637174612,1,GET,/auth/find-friends/,0.900000,0.000000,300,330,340,340,430,430,430,430,430,430,430,408,0,180,229.90686274509804,54,1145,1974.0
1637174612,1,GET,/auth/login/,0.000000,0.000000,0,0,0,0,0,0,0,0,0,0,0,1,0,597,597.0,597,597,2961.0
1637174612,1,POST,/auth/login/,0.100000,0.000000,690,690,690,690,690,690,690,690,690,690,690,50,0,370,528.52,160,1812,10297.06
1637174612,1,GET,/auth/logout/,0.100000,0.000000,10,10,10,10,10,10,10,10,10,10,10,49,0,110,136.08163265306123,8,483,1712.0
1637174612,1,POST,/auth/modify-friend/,0.500000,0.000000,340,340,530,530,530,530,530,530,530,530,530,204,0,220,275.22549019607845,74,1132,1713.0
1637174612,1,GET,/public/,0.400000,0.000000,560,560,590,590,590,590,590,590,590,590,590,204,0,260,332.05882352941177,109,1344,10184.122549019608
1637174612,1,,Aggregated,2.700000,0.000000,340,490,520,560,600,660,690,690,690,690,690,1295,0,250,319.0857142857143,8,2059,5907.294980694981
1637174613,1,GET,/,0.700000,0.000000,490,500,520,600,660,660,660,660,660,660,660,331,0,300,359.797583081571,111,1677,10090.027190332326
1637174613,1,POST,/,0.000000,0.000000,1200,1200,1200,1200,1200,1200,1200,1200,1200,1200,1200,50,0,810,868.56,296,2059,9929.12
1637174613,1,GET,/auth/find-friends/,0.900000,0.000000,150,300,330,340,430,430,430,430,430,430,430,410,0,180,229.13170731707316,54,1145,1974.0
1637174613,1,GET,/auth/login/,0.000000,0.000000,0,0,0,0,0,0,0,0,0,0,0,1,0,597,597.0,597,597,2961.0
1637174613,1,POST,/auth/login/,0.100000,0.000000,690,690,690,690,690,690,690,690,690,690,690,50,0,370,528.52,160,1812,10297.06
1637174613,1,GET,/auth/logout/,0.100000,0.000000,10,10,10,10,10,10,10,10,10,10,10,49,0,110,136.08163265306123,8,483,1712.0
1637174613,1,POST,/auth/modify-friend/,0.400000,0.000000,340,340,530,530,530,530,530,530,530,530,530,204,0,220,275.22549019607845,74,1132,1713.0
1637174613,1,GET,/public/,0.500000,0.000000,560,560,590,590,590,590,590,590,590,590,590,205,0,260,331.190243902439,109,1344,10182.575609756097
1637174613,1,,Aggregated,2.700000,0.000000,340,490,520,530,600,660,690,690,690,690,690,1300,0,250,318.6123076923077,8,2059,5910.905384615385
1637174614,1,GET,/,0.700000,0.000000,490,500,520,600,660,660,660,660,660,660,660,332,0,300,359.2379518072289,111,1677,10090.331325301206
1637174614,1,POST,/,0.000000,0.000000,1200,1200,1200,1200,1200,1200,1200,1200,1200,1200,1200,50,0,810,868.56,296,2059,9929.12
1637174614,1,GET,/auth/find-friends/,0.900000,0.000000,300,330,340,340,430,430,430,430,430,430,430,410,0,180,229.13170731707316,54,1145,1974.0
1637174614,1,GET,/auth/login/,0.000000,0.000000,0,0,0,0,0,0,0,0,0,0,0,1,0,597,597.0,597,597,2961.0
1637174614,1,POST,/auth/login/,0.100000,0.000000,690,690,690,690,690,690,690,690,690,690,690,50,0,370,528.52,160,1812,10297.06
1637174614,1,GET,/auth/logout/,0.100000,0.000000,160,160,160,160,160,160,160,160,160,160,160,50,0,110,136.64,8,483,1712.0
1637174614,1,POST,/auth/modify-friend/,0.500000,0.000000,340,340,530,530,530,530,530,530,530,530,530,205,0,220,274.37560975609756,74,1132,1713.0
1637174614,1,GET,/public/,0.400000,0.000000,560,560,590,590,590,590,590,590,590,590,590,205,0,260,331.190243902439,109,1344,10182.575609756097
1637174614,1,,Aggregated,2.700000,0.000000,300,400,500,520,600,660,690,690,690,690,690,1303,0,250,318.21565617805066,8,2059,5907.745970836531
1637174615,1,GET,/,0.900000,0.000000,420,500,520,600,660,660,660,660,660,660,660,332,0,300,359.2379518072289,111,1677,10090.331325301206
1637174615,1,POST,/,0.000000,0.000000,1200,1200,1200,1200,1200,1200,1200,1200,1200,1200,1200,50,0,810,868.56,296,2059,9929.12
1637174615,1,GET,/auth/find-friends/,0.700000,0.000000,71,71,300,300,340,340,340,340,340,340,340,410,0,180,229.13170731707316,54,1145,1974.0
1637174615,1,GET,/auth/login/,0.000000,0.000000,0,0,0,0,0,0,0,0,0,0,0,1,0,597,597.0,597,597,2961.0
1637174615,1,POST,/auth/login/,0.100000,0.000000,690,690,690,690,690,690,690,690,690,690,690,51,0,380,525.6470588235294,160,1812,10292.607843137255
1637174615,1,GET,/auth/logout/,0.100000,0.000000,160,160,160,160,160,160,160,160,160,160,160,50,0,110,136.64,8,483,1712.0
1637174615,1,POST,/auth/modify-friend/,0.400000,0.000000,340,340,530,530,530,530,530,530,530,530,530,205,0,220,274.37560975609756,74,1132,1713.0
1637174615,1,GET,/public/,0.300000,0.000000,150,150,590,590,590,590,590,590,590,590,590,205,0,260,331.190243902439,109,1344,10182.575609756097
1637174615,1,,Aggregated,2.500000,0.000000,300,400,500,520,600,660,690,690,690,690,690,1304,0,250,318.26457055214723,8,2059,5910.937883435583
1637174616,1,GET,/,0.900000,0.000000,340,500,520,520,600,660,660,660,660,660,660,335,0,300,358.5014925373134,111,1677,10090.95223880597
1637174616,1,POST,/,0.000000,0.000000,0,0,0,0,0,0,0,0,0,0,0,50,0,810,868.56,296,2059,9929.12
1637174616,1,GET,/auth/find-friends/,0.800000,0.000000,71,71,300,300,340,340,340,340,340,340,340,410,0,180,229.13170731707316,54,1145,1974.0
1637174616,1,GET,/auth/login/,0.000000,0.000000,0,0,0,0,0,0,0,0,0,0,0,1,0,597,597.0,597,597,2961.0
1637174616,1,POST,/auth/login/,0.100000,0.000000,690,690,690,690,690,690,690,690,690,690,690,51,0,380,525.6470588235294,160,1812,10292.607843137255
1637174616,1,GET,/auth/logout/,0.100000,0.000000,160,160,160,160,160,160,160,160,160,160,160,50,0,110,136.64,8,483,1712.0
1637174616,1,POST,/auth/modify-friend/,0.400000,0.000000,340,340,530,530,530,530,530,530,530,530,530,205,0,220,274.37560975609756,74,1132,1713.0
1637174616,1,GET,/public/,0.400000,0.000000,290,290,590,590,590,590,590,590,590,590,590,206,0,260,331.00485436893206,109,1344,10181.57281553398
1637174616,1,,Aggregated,2.700000,0.000000,300,380,520,530,600,660,690,690,690,690,690,1308,0,250,318.15061162079513,8,2059,5923.790519877676
1637174617,1,GET,/,0.900000,0.000000,340,500,520,520,600,660,660,660,660,660,660,335,0,300,358.5014925373134,111,1677,10090.95223880597
1637174617,1,POST,/,0.000000,0.000000,0,0,0,0,0,0,0,0,0,0,0,50,0,810,868.56,296,2059,9929.12
1637174617,1,GET,/auth/find-friends/,0.800000,0.000000,190,190,200,300,340,340,340,340,340,340,340,413,0,180,228.86924939467312,54,1145,1974.0
1637174617,1,GET,/auth/login/,0.000000,0.000000,0,0,0,0,0,0,0,0,0,0,0,1,0,597,597.0,597,597,2961.0
1637174617,1,POST,/auth/login/,0.100000,0.000000,690,690,690,690,690,690,690,690,690,690,690,51,0,380,525.6470588235294,160,1812,10292.607843137255
1637174617,1,GET,/auth/logout/,0.200000,0.000000,160,160,160,160,160,160,160,160,160,160,160,50,0,110,136.64,8,483,1712.0
1637174617,1,POST,/auth/modify-friend/,0.400000,0.000000,240,340,340,530,530,530,530,530,530,530,530,206,0,220,274.18932038834953,74,1132,1713.0
1637174617,1,GET,/public/,0.300000,0.000000,200,290,290,590,590,590,590,590,590,590,590,207,0,260,330.39130434782606,109,1344,10181.623188405798
1637174617,1,,Aggregated,2.700000,0.000000,280,340,500,520,600,660,690,690,690,690,690,1313,0,250,317.71515613099774,8,2059,5914.80959634425
1637174618,1,GET,/,1.000000,0.000000,340,500,520,520,600,660,660,660,660,660,660,336,0,300,358.1577380952381,111,1677,10091.901785714286
1637174618,1,POST,/,0.000000,0.000000,0,0,0,0,0,0,0,0,0,0,0,50,0,810,868.56,296,2059,9929.12
1637174618,1,GET,/auth/find-friends/,0.600000,0.000000,190,200,300,300,340,340,340,340,340,340,340,414,0,180,228.66666666666666,54,1145,1974.0
1637174618,1,GET,/auth/login/,0.000000,0.000000,0,0,0,0,0,0,0,0,0,0,0,1,0,597,597.0,597,597,2961.0
1637174618,1,POST,/auth/login/,0.200000,0.000000,690,690,690,690,690,690,690,690,690,690,690,51,0,380,525.6470588235294,160,1812,10292.607843137255
1637174618,1,GET,/auth/logout/,0.200000,0.000000,160,160,160,160,160,160,160,160,160,160,160,50,0,110,136.64,8,483,1712.0
1637174618,1,POST,/auth/modify-friend/,0.400000,0.000000,240,240,530,530,530,530,530,530,530,530,530,207,0,220,273.96135265700485,74,1132,1713.0
1637174618,1,GET,/public/,0.300000,0.000000,290,290,590,590,590,590,590,590,590,590,590,207,0,260,330.39130434782606,109,1344,10181.623188405798
1637174618,1,,Aggregated,2.700000,0.000000,240,340,380,500,590,600,660,660,660,660,660,1316,0,250,317.4582066869301,8,2059,5912.037993920972
1637174619,1,GET,/,1.100000,0.000000,340,500,520,520,600,660,660,660,660,660,660,336,0,300,358.1577380952381,111,1677,10091.901785714286
1637174619,1,POST,/,0.000000,0.000000,0,0,0,0,0,0,0,0,0,0,0,51,0,810,865.9411764705883,296,2059,9940.43137254902
1637174619,1,GET,/auth/find-friends/,0.400000,0.000000,190,190,200,300,340,340,340,340,340,340,340,415,0,180,228.56626506024097,54,1145,1974.0
1637174619,1,GET,/auth/login/,0.000000,0.000000,0,0,0,0,0,0,0,0,0,0,0,1,0,597,597.0,597,597,2961.0
1637174619,1,POST,/auth/login/,0.200000,0.000000,690,690,690,690,690,690,690,690,690,690,690,51,0,380,525.6470588235294,160,1812,10292.607843137255
1637174619,1,GET,/auth/logout/,0.200000,0.000000,160,160,160,160,160,160,160,160,160,160,160,50,0,110,136.64,8,483,1712.0
1637174619,1,POST,/auth/modify-friend/,0.200000,0.000000,240,240,530,530,530,530,530,530,530,530,530,207,0,220,273.96135265700485,74,1132,1713.0
1637174619,1,GET,/public/,0.300000,0.000000,280,290,290,590,590,590,590,590,590,590,590,208,0,260,330.125,109,1344,10182.283653846154
1637174619,1,,Aggregated,2.400000,0.000000,240,290,340,400,590,660,740,740,740,740,740,1319,0,250,317.6436694465504,8,2059,5915.876421531463
1637174620,1,GET,/,1.000000,0.000000,280,340,400,520,660,660,660,660,660,660,660,336,0,300,358.1577380952381,111,1677,10091.901785714286
1637174620,1,POST,/,0.000000,0.000000,740,740,740,740,740,740,740,740,740,740,740,51,0,810,865.9411764705883,296,2059,9940.43137254902
1637174620,1,GET,/auth/find-friends/,0.700000,0.000000,190,200,210,290,300,300,300,300,300,300,300,417,0,180,228.67625899280574,54,1145,1974.0
1637174620,1,GET,/auth/login/,0.000000,0.000000,0,0,0,0,0,0,0,0,0,0,0,1,0,597,597.0,597,597,2961.0
1637174620,1,POST,/auth/login/,0.200000,0.000000,690,690,690,690,690,690,690,690,690,690,690,51,0,380,525.6470588235294,160,1812,10292.607843137255
1637174620,1,GET,/auth/logout/,0.100000,0.000000,160,160,160,160,160,160,160,160,160,160,160,50,0,110,136.64,8,483,1712.0
1637174620,1,POST,/auth/modify-friend/,0.300000,0.000000,240,260,260,530,530,530,530,530,530,530,530,208,0,220,273.91346153846155,74,1132,1713.0
1637174620,1,GET,/public/,0.400000,0.000000,290,290,380,380,590,590,590,590,590,590,590,209,0,270,330.3732057416268,109,1344,10182.665071770334
1637174620,1,,Aggregated,2.700000,0.000000,240,290,340,380,520,660,740,740,740,740,740,1323,0,250,317.551776266062,8,2059,5910.0256991685565
1637174621,1,GET,/,1.100000,0.000000,280,340,400,400,520,660,660,660,660,660,660,338,0,300,357.4260355029586,111,1677,10094.10650887574
1637174621,1,POST,/,0.000000,0.000000,740,740,740,740,740,740,740,740,740,740,740,51,0,810,865.9411764705883,296,2059,9940.43137254902
1637174621,1,GET,/auth/find-friends/,0.800000,0.000000,190,200,210,210,290,300,300,300,300,300,300,418,0,180,228.49521531100478,54,1145,1974.0
1637174621,1,GET,/auth/login/,0.000000,0.000000,0,0,0,0,0,0,0,0,0,0,0,1,0,597,597.0,597,597,2961.0
1637174621,1,POST,/auth/login/,0.100000,0.000000,380,380,380,380,380,380,380,380,380,380,380,51,0,380,525.6470588235294,160,1812,10292.607843137255
1637174621,1,GET,/auth/logout/,0.100000,0.000000,160,160,160,160,160,160,160,160,160,160,160,50,0,110,136.64,8,483,1712.0
1637174621,1,POST,/auth/modify-friend/,0.400000,0.000000,250,250,260,260,530,530,530,530,530,530,530,209,0,230,273.8086124401914,74,1132,1713.0
1637174621,1,GET,/public/,0.400000,0.000000,280,290,290,380,380,380,380,380,380,380,380,209,0,270,330.3732057416268,109,1344,10182.665071770334
1637174621,1,,Aggregated,2.900000,0.000000,240,280,290,340,400,660,740,740,740,740,740,1327,0,250,317.2532027128862,8,2059,5910.761115297664
1637174622,1,GET,/,0.900000,0.000000,280,280,290,340,400,400,400,400,400,400,400,339,0,300,357.2212389380531,111,1677,10095.038348082597
1637174622,1,POST,/,0.100000,0.000000,740,740,740,740,740,740,740,740,740,740,740,52,0,740,863.3653846153846,296,2059,9948.288461538461
1637174622,1,GET,/auth/find-friends/,1.000000,0.000000,190,190,200,210,290,290,290,290,290,290,290,418,0,180,228.49521531100478,54,1145,1974.0
1637174622,1,GET,/auth/login/,0.000000,0.000000,0,0,0,0,0,0,0,0,0,0,0,1,0,597,597.0,597,597,2961.0
1637174622,1,POST,/auth/login/,0.100000,0.000000,380,380,380,380,380,380,380,380,380,380,380,51,0,380,525.6470588235294,160,1812,10292.607843137255
1637174622,1,GET,/auth/logout/,0.100000,0.000000,160,160,160,160,160,160,160,160,160,160,160,50,0,110,136.64,8,483,1712.0
1637174622,1,POST,/auth/modify-friend/,0.400000,0.000000,240,250,250,260,260,260,260,260,260,260,260,209,0,230,273.8086124401914,74,1132,1713.0
1637174622,1,GET,/public/,0.500000,0.000000,280,290,290,380,380,380,380,380,380,380,380,209,0,270,330.3732057416268,109,1344,10182.665071770334
1637174622,1,,Aggregated,3.100000,0.000000,240,280,290,290,380,730,740,740,740,740,740,1329,0,250,317.543265613243,8,2059,5917.486079759217
1637174623,1,GET,/,0.900000,0.000000,270,280,290,290,340,340,340,340,340,340,340,339,0,300,357.2212389380531,111,1677,10095.038348082597
1637174623,1,POST,/,0.100000,0.000000,740,740,740,740,740,740,740,740,740,740,740,52,0,740,863.3653846153846,296,2059,9948.288461538461
1637174623,1,GET,/auth/find-friends/,1.000000,0.000000,190,190,210,210,290,300,300,300,300,300,300,420,0,180,228.52380952380952,54,1145,1974.0
1637174623,1,GET,/auth/login/,0.000000,0.000000,0,0,0,0,0,0,0,0,0,0,0,1,0,597,597.0,597,597,2961.0
1637174623,1,POST,/auth/login/,0.100000,0.000000,380,380,380,380,380,380,380,380,380,380,380,51,0,380,525.6470588235294,160,1812,10292.607843137255
1637174623,1,GET,/auth/logout/,0.100000,0.000000,160,160,160,160,160,160,160,160,160,160,160,50,0,110,136.64,8,483,1712.0
1637174623,1,POST,/auth/modify-friend/,0.500000,0.000000,240,240,250,250,260,260,260,260,260,260,260,210,0,230,273.62380952380954,74,1132,1713.0
1637174623,1,GET,/public/,0.500000,0.000000,280,280,290,290,380,380,380,380,380,380,380,210,0,260,329.7952380952381,109,1344,10181.84761904762
1637174623,1,,Aggregated,3.200000,0.000000,240,280,290,290,380,730,740,740,740,740,740,1333,0,250,317.27531882970743,8,2059,5911.486121530383
1637174624,1,GET,/,1.100000,0.000000,280,290,340,400,560,560,560,560,560,560,560,341,0,300,357.95601173020526,111,1677,10095.958944281525
1637174624,1,POST,/,0.100000,0.000000,740,740,740,740,740,740,740,740,740,740,740,52,0,740,863.3653846153846,296,2059,9948.288461538461
1637174624,1,GET,/auth/find-friends/,1.000000,0.000000,190,190,210,210,290,300,300,300,300,300,300,420,0,180,228.52380952380952,54,1145,1974.0
1637174624,1,GET,/auth/login/,0.000000,0.000000,0,0,0,0,0,0,0,0,0,0,0,1,0,597,597.0,597,597,2961.0
1637174624,1,POST,/auth/login/,0.100000,0.000000,380,380,380,380,380,380,380,380,380,380,380,51,0,380,525.6470588235294,160,1812,10292.607843137255
1637174624,1,GET,/auth/logout/,0.100000,0.000000,160,160,160,160,160,160,160,160,160,160,160,50,0,110,136.64,8,483,1712.0
1637174624,1,POST,/auth/modify-friend/,0.500000,0.000000,240,240,250,250,260,260,260,260,260,260,260,210,0,230,273.62380952380954,74,1132,1713.0
1637174624,1,GET,/public/,0.500000,0.000000,280,290,290,380,380,380,380,380,380,380,380,210,0,260,329.7952380952381,109,1344,10181.84761904762
1637174624,1,,Aggregated,3.400000,0.000000,250,290,300,340,400,730,740,740,740,740,740,1335,0,250,317.5228464419476,8,2059,5917.988764044944
1637174625,1,GET,/,1.000000,0.000000,290,340,400,560,600,600,600,600,600,600,600,342,0,300,358.6666666666667,111,1677,10096.400584795321
1637174625,1,POST,/,0.200000,0.000000,740,740,740,740,740,740,740,740,740,740,740,52,0,740,863.3653846153846,296,2059,9948.288461538461
1637174625,1,GET,/auth/find-friends/,1.000000,0.000000,190,200,210,210,290,300,300,300,300,300,300,421,0,180,228.3586698337292,54,1145,1974.0
1637174625,1,GET,/auth/login/,0.000000,0.000000,0,0,0,0,0,0,0,0,0,0,0,1,0,597,597.0,597,597,2961.0
1637174625,1,POST,/auth/login/,0.100000,0.000000,380,380,380,380,380,380,380,380,380,380,380,51,0,380,525.6470588235294,160,1812,10292.607843137255
1637174625,1,GET,/auth/logout/,0.100000,0.000000,160,160,160,160,160,160,160,160,160,160,160,50,0,110,136.64,8,483,1712.0
1637174625,1,POST,/auth/modify-friend/,0.500000,0.000000,240,250,250,260,260,260,260,260,260,260,260,210,0,230,273.62380952380954,74,1132,1713.0
1637174625,1,GET,/public/,0.600000,0.000000,290,290,350,350,380,380,380,380,380,380,380,211,0,270,329.87203791469193,109,1344,10182.369668246445
1637174625,1,,Aggregated,3.500000,0.000000,240,290,300,350,560,730,740,740,740,740,740,1338,0,250,317.6375186846039,8,2059,5921.545590433483
1637174626,1,GET,/,0.800000,0.000000,340,350,400,560,600,600,600,600,600,600,600,343,0,300,358.6297376093294,111,1677,10097.810495626822
1637174626,1,POST,/,0.200000,0.000000,740,740,740,740,740,740,740,740,740,740,740,52,0,740,863.3653846153846,296,2059,9948.288461538461
1637174626,1,GET,/auth/find-friends/,1.000000,0.000000,190,200,250,250,290,300,300,300,300,300,300,422,0,180,228.40521327014218,54,1145,1974.0
1637174626,1,GET,/auth/login/,0.000000,0.000000,0,0,0,0,0,0,0,0,0,0,0,1,0,597,597.0,597,597,2961.0
1637174626,1,POST,/auth/login/,0.100000,0.000000,380,380,380,380,380,380,380,380,380,380,380,51,0,380,525.6470588235294,160,1812,10292.607843137255
1637174626,1,GET,/auth/logout/,0.100000,0.000000,160,160,160,160,160,160,160,160,160,160,160,50,0,110,136.64,8,483,1712.0
1637174626,1,POST,/auth/modify-friend/,0.500000,0.000000,240,240,250,250,260,260,260,260,260,260,260,211,0,230,273.38388625592415,74,1132,1713.0
1637174626,1,GET,/public/,0.500000,0.000000,280,350,350,380,380,380,380,380,380,380,380,211,0,270,329.87203791469193,109,1344,10182.369668246445
1637174626,1,,Aggregated,3.200000,0.000000,240,280,300,350,560,730,740,740,740,740,740,1341,0,250,317.53616703952275,8,2059,5918.937360178971
1637174627,1,GET,/,0.900000,0.000000,350,400,560,560,600,600,600,600,600,600,600,343,0,300,358.6297376093294,111,1677,10097.810495626822
1637174627,1,POST,/,0.200000,0.000000,730,730,740,740,740,740,740,740,740,740,740,53,0,740,860.1320754716982,296,2059,9964.037735849057
1637174627,1,GET,/auth/find-friends/,1.000000,0.000000,190,210,250,290,300,300,300,300,300,300,300,422,0,180,228.40521327014218,54,1145,1974.0
1637174627,1,GET,/auth/login/,0.000000,0.000000,0,0,0,0,0,0,0,0,0,0,0,1,0,597,597.0,597,597,2961.0
1637174627,1,POST,/auth/login/,0.100000,0.000000,380,380,380,380,380,380,380,380,380,380,380,51,0,380,525.6470588235294,160,1812,10292.607843137255
1637174627,1,GET,/auth/logout/,0.000000,0.000000,170,170,170,170,170,170,170,170,170,170,170,51,0,110,137.35294117647058,8,483,1712.0
1637174627,1,POST,/auth/modify-friend/,0.500000,0.000000,240,250,250,260,260,260,260,260,260,260,260,211,0,230,273.38388625592415,74,1132,1713.0
1637174627,1,GET,/public/,0.500000,0.000000,280,350,350,380,380,380,380,380,380,380,380,211,0,270,329.87203791469193,109,1344,10182.369668246445
1637174627,1,,Aggregated,3.200000,0.000000,260,290,350,400,690,730,740,740,740,740,740,1343,0,250,317.7073715562174,8,2059,5919.426656738645
1637174628,1,GET,/,0.900000,0.000000,350,400,560,560,600,600,600,600,600,600,600,343,0,300,358.6297376093294,111,1677,10097.810495626822
1637174628,1,POST,/,0.200000,0.000000,730,730,740,740,740,740,740,740,740,740,740,53,0,740,860.1320754716982,296,2059,9964.037735849057
1637174628,1,GET,/auth/find-friends/,1.000000,0.000000,210,210,250,250,300,300,300,300,300,300,300,422,0,180,228.40521327014218,54,1145,1974.0
1637174628,1,GET,/auth/login/,0.000000,0.000000,0,0,0,0,0,0,0,0,0,0,0,1,0,597,597.0,597,597,2961.0
1637174628,1,POST,/auth/login/,0.100000,0.000000,380,380,380,380,380,380,380,380,380,380,380,51,0,380,525.6470588235294,160,1812,10292.607843137255
1637174628,1,GET,/auth/logout/,0.000000,0.000000,170,170,170,170,170,170,170,170,170,170,170,51,0,110,137.35294117647058,8,483,1712.0
1637174628,1,POST,/auth/modify-friend/,0.500000,0.000000,250,250,260,260,260,260,260,260,260,260,260,211,0,230,273.38388625592415,74,1132,1713.0
1637174628,1,GET,/public/,0.500000,0.000000,350,350,380,380,380,380,380,380,380,380,380,211,0,270,329.87203791469193,109,1344,10182.369668246445
1637174628,1,,Aggregated,3.200000,0.000000,260,350,380,400,600,690,730,730,730,730,730,1343,0,250,317.7073715562174,8,2059,5919.426656738645
1637174630,1,GET,/,0.800000,0.000000,350,400,560,560,600,600,600,600,600,600,600,343,0,300,358.6297376093294,111,1677,10097.810495626822
1637174630,1,POST,/,0.200000,0.000000,730,730,730,730,730,730,730,730,730,730,730,53,0,740,860.1320754716982,296,2059,9964.037735849057
1637174630,1,GET,/auth/find-friends/,1.200000,0.000000,170,250,250,300,300,300,300,300,300,300,300,422,0,180,228.40521327014218,54,1145,1974.0
1637174630,1,GET,/auth/login/,0.000000,0.000000,0,0,0,0,0,0,0,0,0,0,0,1,0,597,597.0,597,597,2961.0
1637174630,1,POST,/auth/login/,0.000000,0.000000,1100,1100,1100,1100,1100,1100,1100,1100,1100,1100,1100,52,0,380,536.1923076923077,160,1812,10301.211538461539
1637174630,1,GET,/auth/logout/,0.000000,0.000000,170,170,170,170,170,170,170,170,170,170,170,51,0,110,137.35294117647058,8,483,1712.0
1637174630,1,POST,/auth/modify-friend/,0.600000,0.000000,240,240,250,250,250,250,250,250,250,250,250,211,0,230,273.38388625592415,74,1132,1713.0
1637174630,1,GET,/public/,0.500000,0.000000,350,350,380,380,380,380,380,380,380,380,380,211,0,270,329.87203791469193,109,1344,10182.369668246445
1637174630,1,,Aggregated,3.300000,0.000000,270,350,400,560,690,730,1100,1100,1100,1100,1100,1344,0,250,318.2700892857143,8,2059,5923.013392857143
1637174631,1,GET,/,0.800000,0.000000,560,600,600,600,610,610,610,610,610,610,610,345,0,300,360.03478260869565,111,1677,10101.23768115942
1637174631,1,POST,/,0.300000,0.000000,730,730,730,730,730,730,730,730,730,730,730,53,0,740,860.1320754716982,296,2059,9964.037735849057
1637174631,1,GET,/auth/find-friends/,0.900000,0.000000,170,250,250,300,300,300,300,300,300,300,300,422,0,180,228.40521327014218,54,1145,1974.0
1637174631,1,GET,/auth/login/,0.000000,0.000000,0,0,0,0,0,0,0,0,0,0,0,1,0,597,597.0,597,597,2961.0
1637174631,1,POST,/auth/login/,0.000000,0.000000,1100,1100,1100,1100,1100,1100,1100,1100,1100,1100,1100,52,0,380,536.1923076923077,160,1812,10301.211538461539
1637174631,1,GET,/auth/logout/,0.100000,0.000000,170,170,170,170,170,170,170,170,170,170,170,51,0,110,137.35294117647058,8,483,1712.0
1637174631,1,POST,/auth/modify-friend/,0.500000,0.000000,240,240,250,250,250,250,250,250,250,250,250,211,0,230,273.38388625592415,74,1132,1713.0
1637174631,1,GET,/public/,0.400000,0.000000,350,350,350,350,350,350,350,350,350,350,350,211,0,270,329.87203791469193,109,1344,10182.369668246445
1637174631,1,,Aggregated,3.000000,0.000000,350,560,600,610,730,1100,1100,1100,1100,1100,1100,1346,0,250,318.69019316493313,8,2059,5930.095096582467
1637174632,1,GET,/,0.700000,0.000000,560,600,600,600,610,610,610,610,610,610,610,346,0,300,360.42774566473986,111,1677,10102.395953757225
1637174632,1,POST,/,0.300000,0.000000,730,730,730,730,730,730,730,730,730,730,730,53,0,740,860.1320754716982,296,2059,9964.037735849057
1637174632,1,GET,/auth/find-friends/,0.800000,0.000000,250,250,300,300,300,300,300,300,300,300,300,422,0,180,228.40521327014218,54,1145,1974.0
1637174632,1,GET,/auth/login/,0.000000,0.000000,0,0,0,0,0,0,0,0,0,0,0,1,0,597,597.0,597,597,2961.0
1637174632,1,POST,/auth/login/,0.000000,0.000000,1100,1100,1100,1100,1100,1100,1100,1100,1100,1100,1100,52,0,380,536.1923076923077,160,1812,10301.211538461539
1637174632,1,GET,/auth/logout/,0.100000,0.000000,170,170,170,170,170,170,170,170,170,170,170,51,0,110,137.35294117647058,8,483,1712.0
1637174632,1,POST,/auth/modify-friend/,0.400000,0.000000,240,240,240,240,240,240,240,240,240,240,240,211,0,230,273.38388625592415,74,1132,1713.0
1637174632,1,GET,/public/,0.400000,0.000000,350,350,350,350,350,350,350,350,350,350,350,211,0,270,329.87203791469193,109,1344,10182.369668246445
1637174632,1,,Aggregated,2.700000,0.000000,350,560,600,600,690,1100,1100,1100,1100,1100,1100,1347,0,250,318.8218262806236,8,2059,5933.489235337787
1637174633,1,GET,/,0.700000,0.000000,560,600,600,600,610,610,610,610,610,610,610,346,0,300,360.42774566473986,111,1677,10102.395953757225
1637174633,1,POST,/,0.200000,0.000000,730,730,730,730,730,730,730,730,730,730,730,53,0,740,860.1320754716982,296,2059,9964.037735849057
1637174633,1,GET,/auth/find-friends/,0.600000,0.000000,300,300,300,300,470,470,470,470,470,470,470,424,0,180,229.1438679245283,54,1145,1974.0
1637174633,1,GET,/auth/login/,0.000000,0.000000,0,0,0,0,0,0,0,0,0,0,0,1,0,597,597.0,597,597,2961.0
1637174633,1,POST,/auth/login/,0.100000,0.000000,1100,1100,1100,1100,1100,1100,1100,1100,1100,1100,1100,52,0,380,536.1923076923077,160,1812,10301.211538461539
1637174633,1,GET,/auth/logout/,0.100000,0.000000,170,170,170,170,170,170,170,170,170,170,170,51,0,110,137.35294117647058,8,483,1712.0
1637174633,1,POST,/auth/modify-friend/,0.400000,0.000000,240,240,240,240,240,240,240,240,240,240,240,211,0,230,273.38388625592415,74,1132,1713.0
1637174633,1,GET,/public/,0.300000,0.000000,800,800,800,800,800,800,800,800,800,800,800,212,0,270,332.10377358490564,109,1344,10182.174528301886
1637174633,1,,Aggregated,2.400000,0.000000,470,600,600,610,800,1100,1100,1100,1100,1100,1100,1350,0,250,319.2785185185185,8,2059,5930.74
1637174634,1,GET,/,0.900000,0.000000,600,600,600,610,610,610,610,610,610,610,610,346,0,300,360.42774566473986,111,1677,10102.395953757225
1637174634,1,POST,/,0.200000,0.000000,690,690,690,690,690,690,690,690,690,690,690,53,0,740,860.1320754716982,296,2059,9964.037735849057
1637174634,1,GET,/auth/find-friends/,0.500000,0.000000,300,300,470,470,470,470,470,470,470,470,470,424,0,180,229.1438679245283,54,1145,1974.0
1637174634,1,GET,/auth/login/,0.000000,0.000000,0,0,0,0,0,0,0,0,0,0,0,1,0,597,597.0,597,597,2961.0
1637174634,1,POST,/auth/login/,0.100000,0.000000,1100,1100,1100,1100,1100,1100,1100,1100,1100,1100,1100,52,0,380,536.1923076923077,160,1812,10301.211538461539
1637174634,1,GET,/auth/logout/,0.100000,0.000000,170,170,170,170,170,170,170,170,170,170,170,51,0,110,137.35294117647058,8,483,1712.0
1637174634,1,POST,/auth/modify-friend/,0.300000,0.000000,390,390,390,390,390,390,390,390,390,390,390,212,0,230,273.92452830188677,74,1132,1713.0
1637174634,1,GET,/public/,0.200000,0.000000,620,620,800,800,800,800,800,800,800,800,800,213,0,270,333.45539906103284,109,1344,10180.633802816901
1637174634,1,,Aggregated,2.300000,0.000000,470,600,610,620,800,1100,1100,1100,1100,1100,1100,1352,0,250,319.551775147929,8,2059,5930.5221893491125
1637174635,1,GET,/,0.800000,0.000000,600,600,610,610,610,610,610,610,610,610,610,346,0,300,360.42774566473986,111,1677,10102.395953757225
1637174635,1,POST,/,0.200000,0.000000,690,690,690,690,690,690,690,690,690,690,690,53,0,740,860.1320754716982,296,2059,9964.037735849057
1637174635,1,GET,/auth/find-friends/,0.400000,0.000000,340,470,470,480,480,480,480,480,480,480,480,426,0,180,229.981220657277,54,1145,1974.0
1637174635,1,GET,/auth/login/,0.000000,0.000000,0,0,0,0,0,0,0,0,0,0,0,1,0,597,597.0,597,597,2961.0
1637174635,1,POST,/auth/login/,0.100000,0.000000,1100,1100,1100,1100,1100,1100,1100,1100,1100,1100,1100,52,0,380,536.1923076923077,160,1812,10301.211538461539
1637174635,1,GET,/auth/logout/,0.100000,0.000000,170,170,170,170,170,170,170,170,170,170,170,51,0,110,137.35294117647058,8,483,1712.0
1637174635,1,POST,/auth/modify-friend/,0.200000,0.000000,390,390,390,390,390,390,390,390,390,390,390,212,0,230,273.92452830188677,74,1132,1713.0
1637174635,1,GET,/public/,0.200000,0.000000,620,620,800,800,800,800,800,800,800,800,800,213,0,270,333.45539906103284,109,1344,10180.633802816901
1637174635,1,,Aggregated,2.000000,0.000000,480,600,620,620,800,1100,1100,1100,1100,1100,1100,1354,0,250,319.68168389955684,8,2059,5924.677991137371
1637174636,1,GET,/,0.700000,0.000000,500,600,600,610,610,610,610,610,610,610,610,347,0,300,360.61671469740634,111,1677,10102.8530259366
1637174636,1,POST,/,0.100000,0.000000,690,690,690,690,690,690,690,690,690,690,690,53,0,740,860.1320754716982,296,2059,9964.037735849057
1637174636,1,GET,/auth/find-friends/,0.600000,0.000000,340,470,470,480,480,480,480,480,480,480,480,426,0,180,229.981220657277,54,1145,1974.0
1637174636,1,GET,/auth/login/,0.000000,0.000000,0,0,0,0,0,0,0,0,0,0,0,1,0,597,597.0,597,597,2961.0
1637174636,1,POST,/auth/login/,0.100000,0.000000,1100,1100,1100,1100,1100,1100,1100,1100,1100,1100,1100,52,0,380,536.1923076923077,160,1812,10301.211538461539
1637174636,1,GET,/auth/logout/,0.100000,0.000000,170,170,170,170,170,170,170,170,170,170,170,51,0,110,137.35294117647058,8,483,1712.0
1637174636,1,POST,/auth/modify-friend/,0.200000,0.000000,390,390,630,630,630,630,630,630,630,630,630,213,0,230,275.5821596244131,74,1132,1713.0
1637174636,1,GET,/public/,0.200000,0.000000,620,620,800,800,800,800,800,800,800,800,800,213,0,270,333.45539906103284,109,1344,10180.633802816901
1637174636,1,,Aggregated,2.000000,0.000000,500,610,630,690,800,1100,1100,1100,1100,1100,1100,1356,0,250,319.9867256637168,8,2059,5924.769911504425
1637174637,1,GET,/,0.700000,0.000000,500,600,600,610,610,610,610,610,610,610,610,347,0,300,360.61671469740634,111,1677,10102.8530259366
1637174637,1,POST,/,0.100000,0.000000,690,690,690,690,690,690,690,690,690,690,690,53,0,740,860.1320754716982,296,2059,9964.037735849057
1637174637,1,GET,/auth/find-friends/,0.400000,0.000000,300,340,470,470,480,480,480,480,480,480,480,428,0,180,230.07242990654206,54,1145,1974.0
1637174637,1,GET,/auth/login/,0.000000,0.000000,0,0,0,0,0,0,0,0,0,0,0,1,0,597,597.0,597,597,2961.0
1637174637,1,POST,/auth/login/,0.100000,0.000000,1100,1100,1100,1100,1100,1100,1100,1100,1100,1100,1100,52,0,380,536.1923076923077,160,1812,10301.211538461539
1637174637,1,GET,/auth/logout/,0.100000,0.000000,170,170,170,170,170,170,170,170,170,170,170,51,0,110,137.35294117647058,8,483,1712.0
1637174637,1,POST,/auth/modify-friend/,0.200000,0.000000,390,390,630,630,630,630,630,630,630,630,630,213,0,230,275.5821596244131,74,1132,1713.0
1637174637,1,GET,/public/,0.300000,0.000000,620,620,800,800,800,800,800,800,800,800,800,214,0,270,333.6775700934579,109,1344,10181.654205607476
1637174637,1,,Aggregated,1.900000,0.000000,480,600,620,630,800,1100,1100,1100,1100,1100,1100,1359,0,250,319.92788815305374,8,2059,5922.2479764532745
1637174638,1,GET,/,0.500000,0.000000,600,600,610,610,610,610,610,610,610,610,610,347,0,300,360.61671469740634,111,1677,10102.8530259366
1637174638,1,POST,/,0.100000,0.000000,690,690,690,690,690,690,690,690,690,690,690,53,0,740,860.1320754716982,296,2059,9964.037735849057
1637174638,1,GET,/auth/find-friends/,0.600000,0.000000,300,340,470,470,480,480,480,480,480,480,480,428,0,180,230.07242990654206,54,1145,1974.0
1637174638,1,GET,/auth/login/,0.000000,0.000000,0,0,0,0,0,0,0,0,0,0,0,1,0,597,597.0,597,597,2961.0
1637174638,1,POST,/auth/login/,0.100000,0.000000,1100,1100,1100,1100,1100,1100,1100,1100,1100,1100,1100,52,0,380,536.1923076923077,160,1812,10301.211538461539
1637174638,1,GET,/auth/logout/,0.100000,0.000000,170,170,170,170,170,170,170,170,170,170,170,51,0,110,137.35294117647058,8,483,1712.0
1637174638,1,POST,/auth/modify-friend/,0.200000,0.000000,630,630,660,660,660,660,660,660,660,660,660,214,0,230,277.36915887850466,74,1132,1713.0
1637174638,1,GET,/public/,0.300000,0.000000,700,700,800,800,800,800,800,800,800,800,800,215,0,270,335.3720930232558,109,1344,10183.720930232557
1637174638,1,,Aggregated,1.900000,0.000000,500,610,630,660,800,1100,1100,1100,1100,1100,1100,1361,0,250,320.4540778839089,8,2059,5922.611315209405
1637174639,1,GET,/,0.400000,0.000000,600,600,610,610,610,610,610,610,610,610,610,347,0,300,360.61671469740634,111,1677,10102.8530259366
1637174639,1,POST,/,0.100000,0.000000,690,690,690,690,690,690,690,690,690,690,690,53,0,740,860.1320754716982,296,2059,9964.037735849057
1637174639,1,GET,/auth/find-friends/,0.600000,0.000000,340,470,480,480,540,540,540,540,540,540,540,430,0,180,230.84186046511627,54,1145,1974.0
1637174639,1,GET,/auth/login/,0.000000,0.000000,0,0,0,0,0,0,0,0,0,0,0,1,0,597,597.0,597,597,2961.0
1637174639,1,POST,/auth/login/,0.100000,0.000000,1100,1100,1100,1100,1100,1100,1100,1100,1100,1100,1100,52,0,380,536.1923076923077,160,1812,10301.211538461539
1637174639,1,GET,/auth/logout/,0.100000,0.000000,170,170,170,170,170,170,170,170,170,170,170,51,0,110,137.35294117647058,8,483,1712.0
1637174639,1,POST,/auth/modify-friend/,0.200000,0.000000,630,630,660,660,660,660,660,660,660,660,660,214,0,230,277.36915887850466,74,1132,1713.0
1637174639,1,GET,/public/,0.300000,0.000000,700,700,800,800,800,800,800,800,800,800,800,215,0,270,335.3720930232558,109,1344,10183.720930232557
1637174639,1,,Aggregated,1.800000,0.000000,480,600,620,630,700,800,800,800,800,800,800,1363,0,250,320.5641966250917,8,2059,5916.8173147468815
1637174640,1,GET,/,0.400000,0.000000,500,500,500,500,500,500,500,500,500,500,500,347,0,300,360.61671469740634,111,1677,10102.8530259366
1637174640,1,POST,/,0.000000,0.000000,690,690,690,690,690,690,690,690,690,690,690,53,0,740,860.1320754716982,296,2059,9964.037735849057
1637174640,1,GET,/auth/find-friends/,0.600000,0.000000,340,470,480,480,540,540,540,540,540,540,540,430,0,180,230.84186046511627,54,1145,1974.0
1637174640,1,GET,/auth/login/,0.000000,0.000000,0,0,0,0,0,0,0,0,0,0,0,1,0,597,597.0,597,597,2961.0
1637174640,1,POST,/auth/login/,0.100000,0.000000,1100,1100,1100,1100,1100,1100,1100,1100,1100,1100,1100,52,0,380,536.1923076923077,160,1812,10301.211538461539
1637174640,1,GET,/auth/logout/,0.000000,0.000000,170,170,170,170,170,170,170,170,170,170,170,51,0,110,137.35294117647058,8,483,1712.0
1637174640,1,POST,/auth/modify-friend/,0.300000,0.000000,630,630,660,660,660,660,660,660,660,660,660,215,0,230,277.92558139534884,74,1132,1713.0
1637174640,1,GET,/public/,0.400000,0.000000,630,700,700,800,800,800,800,800,800,800,800,216,0,270,336.72222222222223,109,1344,10184.782407407407
1637174640,1,,Aggregated,1.800000,0.000000,470,540,630,630,700,800,800,800,800,800,800,1365,0,250,320.84468864468863,8,2059,5917.031501831502
1637174641,1,GET,/,0.400000,0.000000,500,500,500,500,500,500,500,500,500,500,500,347,0,300,360.61671469740634,111,1677,10102.8530259366
1637174641,1,POST,/,0.000000,0.000000,690,690,690,690,690,690,690,690,690,690,690,53,0,740,860.1320754716982,296,2059,9964.037735849057
1637174641,1,GET,/auth/find-friends/,0.600000,0.000000,340,470,480,540,760,760,760,760,760,760,760,431,0,180,232.06960556844547,54,1145,1974.0
1637174641,1,GET,/auth/login/,0.000000,0.000000,0,0,0,0,0,0,0,0,0,0,0,1,0,597,597.0,597,597,2961.0
1637174641,1,POST,/auth/login/,0.100000,0.000000,1100,1100,1100,1100,1100,1100,1100,1100,1100,1100,1100,52,0,380,536.1923076923077,160,1812,10301.211538461539
1637174641,1,GET,/auth/logout/,0.000000,0.000000,170,170,170,170,170,170,170,170,170,170,170,51,0,110,137.35294117647058,8,483,1712.0
1637174641,1,POST,/auth/modify-friend/,0.300000,0.000000,630,630,660,660,660,660,660,660,660,660,660,215,0,230,277.92558139534884,74,1132,1713.0
1637174641,1,GET,/public/,0.400000,0.000000,630,700,700,800,800,800,800,800,800,800,800,216,0,270,336.72222222222223,109,1344,10184.782407407407
1637174641,1,,Aggregated,1.800000,0.000000,470,620,630,660,760,800,800,800,800,800,800,1366,0,250,321.1661786237189,8,2059,5914.14494875549
1637174642,1,GET,/,0.400000,0.000000,500,500,500,500,500,500,500,500,500,500,500,347,0,300,360.61671469740634,111,1677,10102.8530259366
1637174642,1,POST,/,0.000000,0.000000,690,690,690,690,690,690,690,690,690,690,690,53,0,740,860.1320754716982,296,2059,9964.037735849057
1637174642,1,GET,/auth/find-friends/,0.800000,0.000000,470,480,540,760,900,900,900,900,900,900,900,432,0,180,233.6087962962963,54,1145,1974.0
1637174642,1,GET,/auth/login/,0.000000,0.000000,0,0,0,0,0,0,0,0,0,0,0,1,0,597,597.0,597,597,2961.0
1637174642,1,POST,/auth/login/,0.000000,0.000000,1100,1100,1100,1100,1100,1100,1100,1100,1100,1100,1100,52,0,380,536.1923076923077,160,1812,10301.211538461539
1637174642,1,GET,/auth/logout/,0.000000,0.000000,170,170,170,170,170,170,170,170,170,170,170,51,0,110,137.35294117647058,8,483,1712.0
1637174642,1,POST,/auth/modify-friend/,0.400000,0.000000,400,630,630,660,660,660,660,660,660,660,660,216,0,230,278.48148148148147,74,1132,1713.0
1637174642,1,GET,/public/,0.400000,0.000000,630,630,700,700,700,700,700,700,700,700,700,216,0,270,336.72222222222223,109,1344,10184.782407407407
1637174642,1,,Aggregated,2.000000,0.000000,480,620,630,660,760,900,900,900,900,900,900,1368,0,250,321.6432748538012,8,2059,5908.193713450292
1637174643,1,GET,/,0.400000,0.000000,630,630,630,630,630,630,630,630,630,630,630,348,0,300,361.4022988505747,111,1677,10103.382183908046
1637174643,1,POST,/,0.000000,0.000000,690,690,690,690,690,690,690,690,690,690,690,53,0,740,860.1320754716982,296,2059,9964.037735849057
1637174643,1,GET,/auth/find-friends/,0.800000,0.000000,480,540,760,760,900,900,900,900,900,900,900,432,0,180,233.6087962962963,54,1145,1974.0
1637174643,1,GET,/auth/login/,0.000000,0.000000,0,0,0,0,0,0,0,0,0,0,0,1,0,597,597.0,597,597,2961.0
1637174643,1,POST,/auth/login/,0.000000,0.000000,1100,1100,1100,1100,1100,1100,1100,1100,1100,1100,1100,52,0,380,536.1923076923077,160,1812,10301.211538461539
1637174643,1,GET,/auth/logout/,0.000000,0.000000,170,170,170,170,170,170,170,170,170,170,170,51,0,110,137.35294117647058,8,483,1712.0
1637174643,1,POST,/auth/modify-friend/,0.400000,0.000000,400,630,630,660,660,660,660,660,660,660,660,216,0,230,278.48148148148147,74,1132,1713.0
1637174643,1,GET,/public/,0.400000,0.000000,630,630,700,700,700,700,700,700,700,700,700,216,0,270,336.72222222222223,109,1344,10184.782407407407
1637174643,1,,Aggregated,2.000000,0.000000,480,630,630,660,760,900,900,900,900,900,900,1369,0,250,321.8714390065741,8,2059,5911.392257121986
1637174644,1,GET,/,0.200000,0.000000,630,630,640,640,640,640,640,640,640,640,640,349,0,310,362.20343839541545,111,1677,10104.297994269342
1637174644,1,POST,/,0.000000,0.000000,690,690,690,690,690,690,690,690,690,690,690,53,0,740,860.1320754716982,296,2059,9964.037735849057
1637174644,1,GET,/auth/find-friends/,0.900000,0.000000,480,540,760,760,900,900,900,900,900,900,900,432,0,180,233.6087962962963,54,1145,1974.0
1637174644,1,GET,/auth/login/,0.000000,0.000000,0,0,0,0,0,0,0,0,0,0,0,1,0,597,597.0,597,597,2961.0
1637174644,1,POST,/auth/login/,0.000000,0.000000,1100,1100,1100,1100,1100,1100,1100,1100,1100,1100,1100,52,0,380,536.1923076923077,160,1812,10301.211538461539
1637174644,1,GET,/auth/logout/,0.000000,0.000000,320,320,320,320,320,320,320,320,320,320,320,52,0,110,140.78846153846155,8,483,1712.0
1637174644,1,POST,/auth/modify-friend/,0.400000,0.000000,630,630,660,660,660,660,660,660,660,660,660,216,0,230,278.48148148148147,74,1132,1713.0
1637174644,1,GET,/public/,0.500000,0.000000,630,630,700,700,700,700,700,700,700,700,700,216,0,270,336.72222222222223,109,1344,10184.782407407407
1637174644,1,,Aggregated,2.000000,0.000000,540,630,640,660,760,900,900,900,900,900,900,1371,0,250,322.09992706053976,8,2059,5911.619985412108
1637174645,1,GET,/,0.200000,0.000000,630,630,640,640,640,640,640,640,640,640,640,349,0,310,362.20343839541545,111,1677,10104.297994269342
1637174645,1,POST,/,0.000000,0.000000,0,0,0,0,0,0,0,0,0,0,0,53,0,740,860.1320754716982,296,2059,9964.037735849057
1637174645,1,GET,/auth/find-friends/,0.900000,0.000000,540,540,760,760,900,900,900,900,900,900,900,432,0,180,233.6087962962963,54,1145,1974.0
1637174645,1,GET,/auth/login/,0.000000,0.000000,0,0,0,0,0,0,0,0,0,0,0,1,0,597,597.0,597,597,2961.0
1637174645,1,POST,/auth/login/,0.000000,0.000000,1100,1100,1100,1100,1100,1100,1100,1100,1100,1100,1100,52,0,380,536.1923076923077,160,1812,10301.211538461539
1637174645,1,GET,/auth/logout/,0.000000,0.000000,320,320,320,320,320,320,320,320,320,320,320,52,0,110,140.78846153846155,8,483,1712.0
1637174645,1,POST,/auth/modify-friend/,0.400000,0.000000,630,630,660,660,660,660,660,660,660,660,660,216,0,230,278.48148148148147,74,1132,1713.0
1637174645,1,GET,/public/,0.500000,0.000000,630,630,700,700,700,700,700,700,700,700,700,216,0,270,336.72222222222223,109,1344,10184.782407407407
1637174645,1,,Aggregated,2.000000,0.000000,540,630,660,700,760,900,900,900,900,900,900,1371,0,250,322.09992706053976,8,2059,5911.619985412108
1637174646,1,GET,/,0.200000,0.000000,630,630,640,640,640,640,640,640,640,640,640,350,0,310,362.4057142857143,111,1677,10105.265714285715
1637174646,1,POST,/,0.000000,0.000000,0,0,0,0,0,0,0,0,0,0,0,53,0,740,860.1320754716982,296,2059,9964.037735849057
1637174646,1,GET,/auth/find-friends/,0.800000,0.000000,540,540,760,760,900,900,900,900,900,900,900,432,0,180,233.6087962962963,54,1145,1974.0
1637174646,1,GET,/auth/login/,0.000000,0.000000,0,0,0,0,0,0,0,0,0,0,0,1,0,597,597.0,597,597,2961.0
1637174646,1,POST,/auth/login/,0.000000,0.000000,1100,1100,1100,1100,1100,1100,1100,1100,1100,1100,1100,53,0,390,537.8301886792453,160,1812,10304.962264150943
1637174646,1,GET,/auth/logout/,0.000000,0.000000,320,320,320,320,320,320,320,320,320,320,320,52,0,110,140.78846153846155,8,483,1712.0
1637174646,1,POST,/auth/modify-friend/,0.500000,0.000000,400,400,660,660,660,660,660,660,660,660,660,216,0,230,278.48148148148147,74,1132,1713.0
1637174646,1,GET,/public/,0.400000,0.000000,700,700,700,700,700,700,700,700,700,700,700,216,0,270,336.72222222222223,109,1344,10184.782407407407
1637174646,1,,Aggregated,1.900000,0.000000,630,640,660,700,760,900,900,900,900,900,900,1373,0,250,322.3998543335761,8,2059,5918.262199563001
1637174647,1,GET,/,0.300000,0.000000,630,630,640,640,670,670,670,670,670,670,670,352,0,310,363.33522727272725,111,1677,10107.008522727272
1637174647,1,POST,/,0.000000,0.000000,0,0,0,0,0,0,0,0,0,0,0,53,0,740,860.1320754716982,296,2059,9964.037735849057
1637174647,1,GET,/auth/find-friends/,0.600000,0.000000,760,760,900,900,900,900,900,900,900,900,900,432,0,180,233.6087962962963,54,1145,1974.0
1637174647,1,GET,/auth/login/,0.000000,0.000000,0,0,0,0,0,0,0,0,0,0,0,1,0,597,597.0,597,597,2961.0
1637174647,1,POST,/auth/login/,0.000000,0.000000,620,620,620,620,620,620,620,620,620,620,620,53,0,390,537.8301886792453,160,1812,10304.962264150943
1637174647,1,GET,/auth/logout/,0.100000,0.000000,320,320,320,320,320,320,320,320,320,320,320,52,0,110,140.78846153846155,8,483,1712.0
1637174647,1,POST,/auth/modify-friend/,0.400000,0.000000,400,400,660,660,660,660,660,660,660,660,660,216,0,230,278.48148148148147,74,1132,1713.0
1637174647,1,GET,/public/,0.300000,0.000000,630,630,700,700,700,700,700,700,700,700,700,217,0,270,336.4516129032258,109,1344,10184.244239631336
1637174647,1,,Aggregated,1.700000,0.000000,540,630,640,670,760,900,900,900,900,900,900,1376,0,250,322.66351744186045,8,2059,5927.809593023256
1637174648,1,GET,/,0.300000,0.000000,630,640,640,670,670,670,670,670,670,670,670,352,0,310,363.33522727272725,111,1677,10107.008522727272
1637174648,1,POST,/,0.000000,0.000000,0,0,0,0,0,0,0,0,0,0,0,53,0,740,860.1320754716982,296,2059,9964.037735849057
1637174648,1,GET,/auth/find-friends/,0.600000,0.000000,540,760,760,900,900,900,900,900,900,900,900,434,0,180,233.42396313364054,54,1145,1974.0
1637174648,1,GET,/auth/login/,0.000000,0.000000,0,0,0,0,0,0,0,0,0,0,0,1,0,597,597.0,597,597,2961.0
1637174648,1,POST,/auth/login/,0.100000,0.000000,620,620,620,620,620,620,620,620,620,620,620,53,0,390,537.8301886792453,160,1812,10304.962264150943
1637174648,1,GET,/auth/logout/,0.100000,0.000000,320,320,320,320,320,320,320,320,320,320,320,52,0,110,140.78846153846155,8,483,1712.0
1637174648,1,POST,/auth/modify-friend/,0.300000,0.000000,400,400,590,590,590,590,590,590,590,590,590,217,0,230,279.89861751152074,74,1132,1713.0
1637174648,1,GET,/public/,0.300000,0.000000,630,630,630,630,630,630,630,630,630,630,630,217,0,270,336.4516129032258,109,1344,10184.244239631336
1637174648,1,,Aggregated,1.700000,0.000000,540,630,630,640,760,900,900,900,900,900,900,1379,0,250,322.6671501087745,8,2059,5919.018854242205
1637174649,1,GET,/,0.300000,0.000000,640,640,670,670,880,880,880,880,880,880,880,353,0,310,364.79603399433427,111,1677,10107.206798866855
1637174649,1,POST,/,0.000000,0.000000,0,0,0,0,0,0,0,0,0,0,0,53,0,740,860.1320754716982,296,2059,9964.037735849057
1637174649,1,GET,/auth/find-friends/,0.600000,0.000000,760,760,900,900,900,900,900,900,900,900,900,434,0,180,233.42396313364054,54,1145,1974.0
1637174649,1,GET,/auth/login/,0.000000,0.000000,0,0,0,0,0,0,0,0,0,0,0,1,0,597,597.0,597,597,2961.0
1637174649,1,POST,/auth/login/,0.100000,0.000000,620,620,620,620,620,620,620,620,620,620,620,53,0,390,537.8301886792453,160,1812,10304.962264150943
1637174649,1,GET,/auth/logout/,0.100000,0.000000,320,320,320,320,320,320,320,320,320,320,320,52,0,110,140.78846153846155,8,483,1712.0
1637174649,1,POST,/auth/modify-friend/,0.300000,0.000000,400,400,590,590,590,590,590,590,590,590,590,217,0,230,279.89861751152074,74,1132,1713.0
1637174649,1,GET,/public/,0.300000,0.000000,630,630,630,630,630,630,630,630,630,630,630,217,0,270,336.4516129032258,109,1344,10184.244239631336
1637174649,1,,Aggregated,1.700000,0.000000,620,630,670,670,880,900,900,900,900,900,900,1380,0,250,323.0702898550725,8,2059,5922.104347826087
1637174650,1,GET,/,0.500000,0.000000,640,670,880,880,980,980,980,980,980,980,980,354,0,310,366.545197740113,111,1677,10107.483050847457
1637174650,1,POST,/,0.000000,0.000000,0,0,0,0,0,0,0,0,0,0,0,53,0,740,860.1320754716982,296,2059,9964.037735849057
1637174650,1,GET,/auth/find-friends/,0.400000,0.000000,240,240,900,900,900,900,900,900,900,900,900,434,0,180,233.42396313364054,54,1145,1974.0
1637174650,1,GET,/auth/login/,0.000000,0.000000,0,0,0,0,0,0,0,0,0,0,0,1,0,597,597.0,597,597,2961.0
1637174650,1,POST,/auth/login/,0.100000,0.000000,620,620,620,620,620,620,620,620,620,620,620,53,0,390,537.8301886792453,160,1812,10304.962264150943
1637174650,1,GET,/auth/logout/,0.100000,0.000000,320,320,320,320,320,320,320,320,320,320,320,52,0,110,140.78846153846155,8,483,1712.0
1637174650,1,POST,/auth/modify-friend/,0.300000,0.000000,590,590,590,590,590,590,590,590,590,590,590,217,0,230,279.89861751152074,74,1132,1713.0
1637174650,1,GET,/public/,0.200000,0.000000,630,630,630,630,630,630,630,630,630,630,630,217,0,270,336.4516129032258,109,1344,10184.244239631336
1637174650,1,,Aggregated,1.600000,0.000000,590,630,670,880,900,980,980,980,980,980,980,1381,0,250,323.5488776249095,8,2059,5925.205648081101
1637174651,1,GET,/,0.600000,0.000000,630,640,670,880,980,980,980,980,980,980,980,356,0,310,367.4157303370786,111,1677,10110.002808988764
1637174651,1,POST,/,0.000000,0.000000,0,0,0,0,0,0,0,0,0,0,0,53,0,740,860.1320754716982,296,2059,9964.037735849057
1637174651,1,GET,/auth/find-friends/,0.500000,0.000000,240,240,900,900,900,900,900,900,900,900,900,434,0,180,233.42396313364054,54,1145,1974.0
1637174651,1,GET,/auth/login/,0.000000,0.000000,0,0,0,0,0,0,0,0,0,0,0,1,0,597,597.0,597,597,2961.0
1637174651,1,POST,/auth/login/,0.100000,0.000000,620,620,620,620,620,620,620,620,620,620,620,53,0,390,537.8301886792453,160,1812,10304.962264150943
1637174651,1,GET,/auth/logout/,0.100000,0.000000,320,320,320,320,320,320,320,320,320,320,320,52,0,110,140.78846153846155,8,483,1712.0
1637174651,1,POST,/auth/modify-friend/,0.300000,0.000000,590,590,590,590,590,590,590,590,590,590,590,217,0,230,279.89861751152074,74,1132,1713.0
1637174651,1,GET,/public/,0.200000,0.000000,630,630,630,630,630,630,630,630,630,630,630,217,0,270,336.4516129032258,109,1344,10184.244239631336
1637174651,1,,Aggregated,1.800000,0.000000,560,620,640,640,880,980,980,980,980,980,980,1383,0,250,323.8351409978308,8,2059,5931.902386117136
1637174652,1,GET,/,0.600000,0.000000,640,670,720,880,980,980,980,980,980,980,980,357,0,310,368.3893557422969,111,1677,10111.288515406162
1637174652,1,POST,/,0.000000,0.000000,0,0,0,0,0,0,0,0,0,0,0,53,0,740,860.1320754716982,296,2059,9964.037735849057
1637174652,1,GET,/auth/find-friends/,0.500000,0.000000,240,240,900,900,900,900,900,900,900,900,900,434,0,180,233.42396313364054,54,1145,1974.0
1637174652,1,GET,/auth/login/,0.000000,0.000000,0,0,0,0,0,0,0,0,0,0,0,1,0,597,597.0,597,597,2961.0
1637174652,1,POST,/auth/login/,0.100000,0.000000,620,620,620,620,620,620,620,620,620,620,620,53,0,390,537.8301886792453,160,1812,10304.962264150943
1637174652,1,GET,/auth/logout/,0.100000,0.000000,320,320,320,320,320,320,320,320,320,320,320,52,0,110,140.78846153846155,8,483,1712.0
1637174652,1,POST,/auth/modify-friend/,0.300000,0.000000,590,590,590,590,590,590,590,590,590,590,590,217,0,230,279.89861751152074,74,1132,1713.0
1637174652,1,GET,/public/,0.200000,0.000000,630,630,630,630,630,630,630,630,630,630,630,217,0,270,336.4516129032258,109,1344,10184.244239631336
1637174652,1,,Aggregated,1.800000,0.000000,560,620,670,720,880,980,980,980,980,980,980,1384,0,250,324.117774566474,8,2059,5935.25289017341
1637174653,1,GET,/,0.800000,0.000000,670,770,790,790,880,980,980,980,980,980,980,359,0,310,370.6908077994429,111,1677,10114.16713091922
1637174653,1,POST,/,0.000000,0.000000,0,0,0,0,0,0,0,0,0,0,0,53,0,740,860.1320754716982,296,2059,9964.037735849057
1637174653,1,GET,/auth/find-friends/,0.300000,0.000000,240,240,900,900,900,900,900,900,900,900,900,434,0,180,233.42396313364054,54,1145,1974.0
1637174653,1,GET,/auth/login/,0.000000,0.000000,0,0,0,0,0,0,0,0,0,0,0,1,0,597,597.0,597,597,2961.0
1637174653,1,POST,/auth/login/,0.100000,0.000000,620,620,620,620,620,620,620,620,620,620,620,53,0,390,537.8301886792453,160,1812,10304.962264150943
1637174653,1,GET,/auth/logout/,0.100000,0.000000,320,320,320,320,320,320,320,320,320,320,320,52,0,110,140.78846153846155,8,483,1712.0
1637174653,1,POST,/auth/modify-friend/,0.200000,0.000000,590,590,590,590,590,590,590,590,590,590,590,217,0,230,279.89861751152074,74,1132,1713.0
1637174653,1,GET,/public/,0.100000,0.000000,280,280,280,280,280,280,280,280,280,280,280,217,0,270,336.4516129032258,109,1344,10184.244239631336
1637174653,1,,Aggregated,1.600000,0.000000,590,670,720,770,880,980,980,980,980,980,980,1386,0,260,324.77777777777777,8,2059,5942.024531024531
1637174654,1,GET,/,1.000000,0.000000,720,770,790,880,980,980,980,980,980,980,980,359,0,310,370.6908077994429,111,1677,10114.16713091922
1637174654,1,POST,/,0.000000,0.000000,0,0,0,0,0,0,0,0,0,0,0,53,0,740,860.1320754716982,296,2059,9964.037735849057
1637174654,1,GET,/auth/find-friends/,0.200000,0.000000,240,240,240,240,240,240,240,240,240,240,240,434,0,180,233.42396313364054,54,1145,1974.0
1637174654,1,GET,/auth/login/,0.000000,0.000000,0,0,0,0,0,0,0,0,0,0,0,1,0,597,597.0,597,597,2961.0
1637174654,1,POST,/auth/login/,0.100000,0.000000,620,620,620,620,620,620,620,620,620,620,620,53,0,390,537.8301886792453,160,1812,10304.962264150943
1637174654,1,GET,/auth/logout/,0.100000,0.000000,320,320,320,320,320,320,320,320,320,320,320,52,0,110,140.78846153846155,8,483,1712.0
1637174654,1,POST,/auth/modify-friend/,0.200000,0.000000,590,590,590,590,590,590,590,590,590,590,590,217,0,230,279.89861751152074,74,1132,1713.0
1637174654,1,GET,/public/,0.100000,0.000000,830,830,830,830,830,830,830,830,830,830,830,218,0,270,338.697247706422,109,1344,10185.256880733945
1637174654,1,,Aggregated,1.700000,0.000000,620,720,790,790,880,980,980,980,980,980,980,1387,0,260,325.13914924297046,8,2059,5945.242249459265
1637174655,1,GET,/,1.000000,0.000000,720,770,790,880,980,980,980,980,980,980,980,359,0,310,370.6908077994429,111,1677,10114.16713091922
1637174655,1,POST,/,0.000000,0.000000,0,0,0,0,0,0,0,0,0,0,0,53,0,740,860.1320754716982,296,2059,9964.037735849057
1637174655,1,GET,/auth/find-friends/,0.200000,0.000000,480,480,480,480,480,480,480,480,480,480,480,436,0,180,234.5756880733945,54,1145,1974.0
1637174655,1,GET,/auth/login/,0.000000,0.000000,0,0,0,0,0,0,0,0,0,0,0,1,0,597,597.0,597,597,2961.0
1637174655,1,POST,/auth/login/,0.100000,0.000000,620,620,620,620,620,620,620,620,620,620,620,53,0,390,537.8301886792453,160,1812,10304.962264150943
1637174655,1,GET,/auth/logout/,0.100000,0.000000,320,320,320,320,320,320,320,320,320,320,320,52,0,110,140.78846153846155,8,483,1712.0
1637174655,1,POST,/auth/modify-friend/,0.100000,0.000000,590,590,590,590,590,590,590,590,590,590,590,217,0,230,279.89861751152074,74,1132,1713.0
1637174655,1,GET,/public/,0.100000,0.000000,830,830,830,830,830,830,830,830,830,830,830,218,0,270,338.697247706422,109,1344,10185.256880733945
1637174655,1,,Aggregated,1.600000,0.000000,590,720,790,790,880,980,980,980,980,980,980,1389,0,260,325.3686105111591,8,2059,5939.524118070554
1637174656,1,GET,/,1.000000,0.000000,720,770,790,880,980,980,980,980,980,980,980,360,0,310,370.7527777777778,111,1677,10115.775
1637174656,1,POST,/,0.000000,0.000000,0,0,0,0,0,0,0,0,0,0,0,53,0,740,860.1320754716982,296,2059,9964.037735849057
1637174656,1,GET,/auth/find-friends/,0.200000,0.000000,480,480,480,480,480,480,480,480,480,480,480,436,0,180,234.5756880733945,54,1145,1974.0
1637174656,1,GET,/auth/login/,0.000000,0.000000,0,0,0,0,0,0,0,0,0,0,0,1,0,597,597.0,597,597,2961.0
1637174656,1,POST,/auth/login/,0.100000,0.000000,620,620,620,620,620,620,620,620,620,620,620,53,0,390,537.8301886792453,160,1812,10304.962264150943
1637174656,1,GET,/auth/logout/,0.000000,0.000000,320,320,320,320,320,320,320,320,320,320,320,52,0,110,140.78846153846155,8,483,1712.0
1637174656,1,POST,/auth/modify-friend/,0.100000,0.000000,590,590,590,590,590,590,590,590,590,590,590,218,0,230,281.08715596330273,74,1132,1713.0
1637174656,1,GET,/public/,0.100000,0.000000,830,830,830,830,830,830,830,830,830,830,830,218,0,270,338.697247706422,109,1344,10185.256880733945
1637174656,1,,Aggregated,1.500000,0.000000,560,720,790,790,880,980,980,980,980,980,980,1391,0,260,325.5708123652049,8,2059,5939.90294751977
1637174657,1,GET,/,1.000000,0.000000,770,790,880,880,980,980,980,980,980,980,980,360,0,310,370.7527777777778,111,1677,10115.775
1637174657,1,POST,/,0.000000,0.000000,670,670,670,670,670,670,670,670,670,670,670,54,0,730,856.5925925925926,296,2059,9973.222222222223
1637174657,1,GET,/auth/find-friends/,0.300000,0.000000,480,480,480,480,480,480,480,480,480,480,480,436,0,180,234.5756880733945,54,1145,1974.0
1637174657,1,GET,/auth/login/,0.000000,0.000000,0,0,0,0,0,0,0,0,0,0,0,1,0,597,597.0,597,597,2961.0
1637174657,1,POST,/auth/login/,0.100000,0.000000,620,620,620,620,620,620,620,620,620,620,620,53,0,390,537.8301886792453,160,1812,10304.962264150943
1637174657,1,GET,/auth/logout/,0.000000,0.000000,320,320,320,320,320,320,320,320,320,320,320,52,0,110,140.78846153846155,8,483,1712.0
1637174657,1,POST,/auth/modify-friend/,0.100000,0.000000,590,590,590,590,590,590,590,590,590,590,590,218,0,230,281.08715596330273,74,1132,1713.0
1637174657,1,GET,/public/,0.200000,0.000000,540,540,830,830,830,830,830,830,830,830,830,219,0,280,339.60730593607303,109,1344,10185.287671232876
1637174657,1,,Aggregated,1.700000,0.000000,590,720,790,830,880,980,980,980,980,980,980,1393,0,260,325.96984924623115,8,2059,5946.200287150036
1637174658,1,GET,/,1.000000,0.000000,720,770,790,790,980,980,980,980,980,980,980,360,0,310,370.7527777777778,111,1677,10115.775
1637174658,1,POST,/,0.000000,0.000000,670,670,670,670,670,670,670,670,670,670,670,54,0,730,856.5925925925926,296,2059,9973.222222222223
1637174658,1,GET,/auth/find-friends/,0.300000,0.000000,460,480,480,480,480,480,480,480,480,480,480,437,0,180,235.08466819221968,54,1145,1974.0
1637174658,1,GET,/auth/login/,0.000000,0.000000,0,0,0,0,0,0,0,0,0,0,0,1,0,597,597.0,597,597,2961.0
1637174658,1,POST,/auth/login/,0.100000,0.000000,620,620,620,620,620,620,620,620,620,620,620,53,0,390,537.8301886792453,160,1812,10304.962264150943
1637174658,1,GET,/auth/logout/,0.000000,0.000000,320,320,320,320,320,320,320,320,320,320,320,52,0,110,140.78846153846155,8,483,1712.0
1637174658,1,POST,/auth/modify-friend/,0.100000,0.000000,590,590,590,590,590,590,590,590,590,590,590,218,0,230,281.08715596330273,74,1132,1713.0
1637174658,1,GET,/public/,0.200000,0.000000,540,540,830,830,830,830,830,830,830,830,830,219,0,280,339.60730593607303,109,1344,10185.287671232876
1637174658,1,,Aggregated,1.700000,0.000000,560,720,770,790,830,980,980,980,980,980,980,1394,0,260,326.0638450502152,8,2059,5943.350789096126
1637174659,1,GET,/,0.800000,0.000000,720,720,770,770,790,790,790,790,790,790,790,360,0,310,370.7527777777778,111,1677,10115.775
1637174659,1,POST,/,0.100000,0.000000,670,670,670,670,670,670,670,670,670,670,670,54,0,730,856.5925925925926,296,2059,9973.222222222223
1637174659,1,GET,/auth/find-friends/,0.400000,0.000000,480,480,480,480,680,680,680,680,680,680,680,438,0,180,236.08904109589042,54,1145,1974.0
1637174659,1,GET,/auth/login/,0.000000,0.000000,0,0,0,0,0,0,0,0,0,0,0,1,0,597,597.0,597,597,2961.0
1637174659,1,POST,/auth/login/,0.000000,0.000000,620,620,620,620,620,620,620,620,620,620,620,53,0,390,537.8301886792453,160,1812,10304.962264150943
1637174659,1,GET,/auth/logout/,0.000000,0.000000,320,320,320,320,320,320,320,320,320,320,320,52,0,110,140.78846153846155,8,483,1712.0
1637174659,1,POST,/auth/modify-friend/,0.200000,0.000000,590,590,740,740,740,740,740,740,740,740,740,219,0,230,283.18721461187215,74,1132,1713.0
1637174659,1,GET,/public/,0.200000,0.000000,540,540,830,830,830,830,830,830,830,830,830,219,0,280,339.60730593607303,109,1344,10185.287671232876
1637174659,1,,Aggregated,1.700000,0.000000,560,680,740,770,790,830,830,830,830,830,830,1396,0,260,326.61103151862466,8,2059,5937.477077363897
1637174660,1,GET,/,0.800000,0.000000,720,770,770,790,790,790,790,790,790,790,790,360,0,310,370.7527777777778,111,1677,10115.775
1637174660,1,POST,/,0.100000,0.000000,670,670,670,670,670,670,670,670,670,670,670,54,0,730,856.5925925925926,296,2059,9973.222222222223
1637174660,1,GET,/auth/find-friends/,0.400000,0.000000,480,480,680,680,680,680,680,680,680,680,680,438,0,180,236.08904109589042,54,1145,1974.0
1637174660,1,GET,/auth/login/,0.000000,0.000000,0,0,0,0,0,0,0,0,0,0,0,1,0,597,597.0,597,597,2961.0
1637174660,1,POST,/auth/login/,0.000000,0.000000,620,620,620,620,620,620,620,620,620,620,620,53,0,390,537.8301886792453,160,1812,10304.962264150943
1637174660,1,GET,/auth/logout/,0.000000,0.000000,510,510,510,510,510,510,510,510,510,510,510,53,0,120,147.67924528301887,8,506,1712.0
1637174660,1,POST,/auth/modify-friend/,0.200000,0.000000,590,590,740,740,740,740,740,740,740,740,740,219,0,230,283.18721461187215,74,1132,1713.0
1637174660,1,GET,/public/,0.200000,0.000000,830,830,830,830,830,830,830,830,830,830,830,219,0,280,339.60730593607303,109,1344,10185.287671232876
1637174660,1,,Aggregated,1.700000,0.000000,540,680,740,770,790,830,830,830,830,830,830,1397,0,260,326.7394416607015,8,2059,5934.452397995705
1637174661,1,GET,/,0.700000,0.000000,390,770,770,790,790,790,790,790,790,790,790,362,0,310,369.80386740331494,111,1677,10117.649171270717
1637174661,1,POST,/,0.100000,0.000000,670,670,670,670,670,670,670,670,670,670,670,54,0,730,856.5925925925926,296,2059,9973.222222222223
1637174661,1,GET,/auth/find-friends/,0.400000,0.000000,480,480,680,680,680,680,680,680,680,680,680,438,0,180,236.08904109589042,54,1145,1974.0
1637174661,1,GET,/auth/login/,0.000000,0.000000,0,0,0,0,0,0,0,0,0,0,0,1,0,597,597.0,597,597,2961.0
1637174661,1,POST,/auth/login/,0.000000,0.000000,620,620,620,620,620,620,620,620,620,620,620,54,0,380,532.4444444444445,160,1812,10308.333333333334
1637174661,1,GET,/auth/logout/,0.000000,0.000000,510,510,510,510,510,510,510,510,510,510,510,53,0,120,147.67924528301887,8,506,1712.0
1637174661,1,POST,/auth/modify-friend/,0.100000,0.000000,740,740,740,740,740,740,740,740,740,740,740,219,0,230,283.18721461187215,74,1132,1713.0
1637174661,1,GET,/public/,0.200000,0.000000,830,830,830,830,830,830,830,830,830,830,830,219,0,280,339.60730593607303,109,1344,10185.287671232876
1637174661,1,,Aggregated,1.500000,0.000000,540,670,740,740,790,830,830,830,830,830,830,1400,0,260,326.5,8,2059,5944.1621428571425
1637174662,1,GET,/,0.700000,0.000000,390,390,790,790,790,790,790,790,790,790,790,362,0,310,369.80386740331494,111,1677,10117.649171270717
1637174662,1,POST,/,0.100000,0.000000,670,670,670,670,670,670,670,670,670,670,670,54,0,730,856.5925925925926,296,2059,9973.222222222223
1637174662,1,GET,/auth/find-friends/,0.400000,0.000000,480,480,680,680,680,680,680,680,680,680,680,438,0,180,236.08904109589042,54,1145,1974.0
1637174662,1,GET,/auth/login/,0.000000,0.000000,0,0,0,0,0,0,0,0,0,0,0,1,0,597,597.0,597,597,2961.0
1637174662,1,POST,/auth/login/,0.000000,0.000000,250,250,250,250,250,250,250,250,250,250,250,54,0,380,532.4444444444445,160,1812,10308.333333333334
1637174662,1,GET,/auth/logout/,0.000000,0.000000,510,510,510,510,510,510,510,510,510,510,510,53,0,120,147.67924528301887,8,506,1712.0
1637174662,1,POST,/auth/modify-friend/,0.100000,0.000000,740,740,740,740,740,740,740,740,740,740,740,219,0,230,283.18721461187215,74,1132,1713.0
1637174662,1,GET,/public/,0.200000,0.000000,830,830,830,830,830,830,830,830,830,830,830,219,0,280,339.60730593607303,109,1344,10185.287671232876
1637174662,1,,Aggregated,1.500000,0.000000,510,540,680,740,790,830,830,830,830,830,830,1400,0,260,326.5,8,2059,5944.1621428571425
1637174663,1,GET,/,0.600000,0.000000,390,390,790,790,790,790,790,790,790,790,790,362,0,310,369.80386740331494,111,1677,10117.649171270717
1637174663,1,POST,/,0.100000,0.000000,1400,1400,1400,1400,1400,1400,1400,1400,1400,1400,1400,55,0,740,866.4545454545455,296,2059,9983.727272727272
1637174663,1,GET,/auth/find-friends/,0.400000,0.000000,480,480,680,680,680,680,680,680,680,680,680,438,0,180,236.08904109589042,54,1145,1974.0
1637174663,1,GET,/auth/login/,0.000000,0.000000,0,0,0,0,0,0,0,0,0,0,0,1,0,597,597.0,597,597,2961.0
1637174663,1,POST,/auth/login/,0.000000,0.000000,250,250,250,250,250,250,250,250,250,250,250,54,0,380,532.4444444444445,160,1812,10308.333333333334
1637174663,1,GET,/auth/logout/,0.100000,0.000000,510,510,510,510,510,510,510,510,510,510,510,54,0,120,148.62962962962962,8,506,1712.0
1637174663,1,POST,/auth/modify-friend/,0.200000,0.000000,740,740,740,740,740,740,740,740,740,740,740,219,0,230,283.18721461187215,74,1132,1713.0
1637174663,1,GET,/public/,0.200000,0.000000,830,830,830,830,830,830,830,830,830,830,830,219,0,280,339.60730593607303,109,1344,10185.287671232876
1637174663,1,,Aggregated,1.600000,0.000000,510,540,680,680,830,1400,1400,1400,1400,1400,1400,1402,0,260,327.1740370898716,8,2059,5944.429386590585
1637174664,1,GET,/,0.600000,0.000000,210,210,390,390,390,390,390,390,390,390,390,362,0,310,369.80386740331494,111,1677,10117.649171270717
1637174664,1,POST,/,0.100000,0.000000,1400,1400,1400,1400,1400,1400,1400,1400,1400,1400,1400,55,0,740,866.4545454545455,296,2059,9983.727272727272
1637174664,1,GET,/auth/find-friends/,0.400000,0.000000,480,480,680,680,680,680,680,680,680,680,680,438,0,180,236.08904109589042,54,1145,1974.0
1637174664,1,GET,/auth/login/,0.000000,0.000000,0,0,0,0,0,0,0,0,0,0,0,1,0,597,597.0,597,597,2961.0
1637174664,1,POST,/auth/login/,0.000000,0.000000,250,250,250,250,250,250,250,250,250,250,250,54,0,380,532.4444444444445,160,1812,10308.333333333334
1637174664,1,GET,/auth/logout/,0.100000,0.000000,510,510,510,510,510,510,510,510,510,510,510,54,0,120,148.62962962962962,8,506,1712.0
1637174664,1,POST,/auth/modify-friend/,0.200000,0.000000,740,740,740,740,740,740,740,740,740,740,740,219,0,230,283.18721461187215,74,1132,1713.0
1637174664,1,GET,/public/,0.200000,0.000000,830,830,830,830,830,830,830,830,830,830,830,219,0,280,339.60730593607303,109,1344,10185.287671232876
1637174664,1,,Aggregated,1.600000,0.000000,510,540,670,680,740,1400,1400,1400,1400,1400,1400,1402,0,260,327.1740370898716,8,2059,5944.429386590585
1637174665,1,GET,/,0.400000,0.000000,210,210,390,390,390,390,390,390,390,390,390,362,0,310,369.80386740331494,111,1677,10117.649171270717
1637174665,1,POST,/,0.200000,0.000000,1400,1400,1400,1400,1400,1400,1400,1400,1400,1400,1400,55,0,740,866.4545454545455,296,2059,9983.727272727272
1637174665,1,GET,/auth/find-friends/,0.400000,0.000000,480,480,680,680,680,680,680,680,680,680,680,438,0,180,236.08904109589042,54,1145,1974.0
1637174665,1,GET,/auth/login/,0.000000,0.000000,0,0,0,0,0,0,0,0,0,0,0,1,0,597,597.0,597,597,2961.0
1637174665,1,POST,/auth/login/,0.100000,0.000000,1100,1100,1100,1100,1100,1100,1100,1100,1100,1100,1100,55,0,390,542.1636363636363,160,1812,10313.363636363636
1637174665,1,GET,/auth/logout/,0.200000,0.000000,510,510,510,510,510,510,510,510,510,510,510,54,0,120,148.62962962962962,8,506,1712.0
1637174665,1,POST,/auth/modify-friend/,0.200000,0.000000,740,740,740,740,740,740,740,740,740,740,740,219,0,230,283.18721461187215,74,1132,1713.0
1637174665,1,GET,/public/,0.200000,0.000000,540,540,540,540,540,540,540,540,540,540,540,219,0,280,339.60730593607303,109,1344,10185.287671232876
1637174665,1,,Aggregated,1.700000,0.000000,510,670,680,740,1100,1400,1400,1400,1400,1400,1400,1403,0,260,327.70135424091234,8,2059,5947.736992159658
1637174666,1,GET,/,0.400000,0.000000,390,390,710,710,710,710,710,710,710,710,710,363,0,310,370.73553719008265,111,1677,10119.253443526171
1637174666,1,POST,/,0.200000,0.000000,1400,1400,1400,1400,1400,1400,1400,1400,1400,1400,1400,55,0,740,866.4545454545455,296,2059,9983.727272727272
1637174666,1,GET,/auth/find-friends/,0.400000,0.000000,680,680,680,680,680,680,680,680,680,680,680,438,0,180,236.08904109589042,54,1145,1974.0
1637174666,1,GET,/auth/login/,0.000000,0.000000,0,0,0,0,0,0,0,0,0,0,0,1,0,597,597.0,597,597,2961.0
1637174666,1,POST,/auth/login/,0.100000,0.000000,1100,1100,1100,1100,1100,1100,1100,1100,1100,1100,1100,55,0,390,542.1636363636363,160,1812,10313.363636363636
1637174666,1,GET,/auth/logout/,0.200000,0.000000,510,510,510,510,510,510,510,510,510,510,510,54,0,120,148.62962962962962,8,506,1712.0
1637174666,1,POST,/auth/modify-friend/,0.200000,0.000000,740,740,740,740,740,740,740,740,740,740,740,219,0,230,283.18721461187215,74,1132,1713.0
1637174666,1,GET,/public/,0.200000,0.000000,540,540,540,540,540,540,540,540,540,540,540,219,0,280,339.60730593607303,109,1344,10185.287671232876
1637174666,1,,Aggregated,1.700000,0.000000,540,680,740,740,1100,1400,1400,1400,1400,1400,1400,1404,0,260,327.97222222222223,8,2059,5951.121794871795
1637174667,1,GET,/,0.300000,0.000000,390,390,710,710,710,710,710,710,710,710,710,363,0,310,370.73553719008265,111,1677,10119.253443526171
1637174667,1,POST,/,0.200000,0.000000,1400,1400,1400,1400,1400,1400,1400,1400,1400,1400,1400,55,0,740,866.4545454545455,296,2059,9983.727272727272
1637174667,1,GET,/auth/find-friends/,0.400000,0.000000,680,680,680,680,680,680,680,680,680,680,680,438,0,180,236.08904109589042,54,1145,1974.0
1637174667,1,GET,/auth/login/,0.000000,0.000000,0,0,0,0,0,0,0,0,0,0,0,1,0,597,597.0,597,597,2961.0
1637174667,1,POST,/auth/login/,0.100000,0.000000,1100,1100,1100,1100,1100,1100,1100,1100,1100,1100,1100,55,0,390,542.1636363636363,160,1812,10313.363636363636
1637174667,1,GET,/auth/logout/,0.200000,0.000000,510,510,510,510,510,510,510,510,510,510,510,54,0,120,148.62962962962962,8,506,1712.0
1637174667,1,POST,/auth/modify-friend/,0.200000,0.000000,740,740,740,740,740,740,740,740,740,740,740,219,0,230,283.18721461187215,74,1132,1713.0
1637174667,1,GET,/public/,0.200000,0.000000,1000,1000,1000,1000,1000,1000,1000,1000,1000,1000,1000,220,0,280,342.79545454545456,109,1344,10185.531818181818
1637174667,1,,Aggregated,1.600000,0.000000,680,740,1000,1000,1100,1400,1400,1400,1400,1400,1400,1405,0,260,328.4797153024911,8,2059,5954.173665480427
1637174668,1,GET,/,0.400000,0.000000,210,210,710,710,710,710,710,710,710,710,710,363,0,310,370.73553719008265,111,1677,10119.253443526171
1637174668,1,POST,/,0.200000,0.000000,1400,1400,1400,1400,1400,1400,1400,1400,1400,1400,1400,55,0,740,866.4545454545455,296,2059,9983.727272727272
1637174668,1,GET,/auth/find-friends/,0.200000,0.000000,680,680,780,780,780,780,780,780,780,780,780,440,0,180,237.83636363636364,54,1145,1974.0
1637174668,1,GET,/auth/login/,0.000000,0.000000,0,0,0,0,0,0,0,0,0,0,0,1,0,597,597.0,597,597,2961.0
1637174668,1,POST,/auth/login/,0.200000,0.000000,1100,1100,1100,1100,1100,1100,1100,1100,1100,1100,1100,55,0,390,542.1636363636363,160,1812,10313.363636363636
1637174668,1,GET,/auth/logout/,0.200000,0.000000,510,510,510,510,510,510,510,510,510,510,510,54,0,120,148.62962962962962,8,506,1712.0
1637174668,1,POST,/auth/modify-friend/,0.100000,0.000000,740,740,740,740,740,740,740,740,740,740,740,219,0,230,283.18721461187215,74,1132,1713.0
1637174668,1,GET,/public/,0.100000,0.000000,1000,1000,1000,1000,1000,1000,1000,1000,1000,1000,1000,220,0,280,342.79545454545456,109,1344,10185.531818181818
1637174668,1,,Aggregated,1.400000,0.000000,710,740,1000,1000,1100,1400,1400,1400,1400,1400,1400,1407,0,260,328.8948116560057,8,2059,5948.515991471216
1637174669,1,GET,/,0.400000,0.000000,210,210,710,710,710,710,710,710,710,710,710,363,0,310,370.73553719008265,111,1677,10119.253443526171
1637174669,1,POST,/,0.200000,0.000000,1400,1400,1400,1400,1400,1400,1400,1400,1400,1400,1400,55,0,740,866.4545454545455,296,2059,9983.727272727272
1637174669,1,GET,/auth/find-friends/,0.200000,0.000000,680,680,780,780,780,780,780,780,780,780,780,440,0,180,237.83636363636364,54,1145,1974.0
1637174669,1,GET,/auth/login/,0.000000,0.000000,0,0,0,0,0,0,0,0,0,0,0,1,0,597,597.0,597,597,2961.0
1637174669,1,POST,/auth/login/,0.200000,0.000000,1100,1100,1100,1100,1100,1100,1100,1100,1100,1100,1100,55,0,390,542.1636363636363,160,1812,10313.363636363636
1637174669,1,GET,/auth/logout/,0.200000,0.000000,410,410,510,510,510,510,510,510,510,510,510,55,0,130,153.3090909090909,8,506,1712.0
1637174669,1,POST,/auth/modify-friend/,0.100000,0.000000,740,740,740,740,740,740,740,740,740,740,740,220,0,230,283.90909090909093,74,1132,1713.0
1637174669,1,GET,/public/,0.100000,0.000000,1000,1000,1000,1000,1000,1000,1000,1000,1000,1000,1000,220,0,280,342.79545454545456,109,1344,10185.531818181818
1637174669,1,,Aggregated,1.400000,0.000000,460,710,1000,1000,1100,1400,1400,1400,1400,1400,1400,1409,0,260,329.0298083747339,8,2059,5942.503193754435
1637174670,1,GET,/,0.300000,0.000000,210,210,710,710,710,710,710,710,710,710,710,363,0,310,370.73553719008265,111,1677,10119.253443526171
1637174670,1,POST,/,0.100000,0.000000,1400,1400,1400,1400,1400,1400,1400,1400,1400,1400,1400,55,0,740,866.4545454545455,296,2059,9983.727272727272
1637174670,1,GET,/auth/find-friends/,0.200000,0.000000,680,680,780,780,780,780,780,780,780,780,780,440,0,180,237.83636363636364,54,1145,1974.0
1637174670,1,GET,/auth/login/,0.000000,0.000000,0,0,0,0,0,0,0,0,0,0,0,1,0,597,597.0,597,597,2961.0
1637174670,1,POST,/auth/login/,0.200000,0.000000,450,450,1100,1100,1100,1100,1100,1100,1100,1100,1100,56,0,390,540.4464285714286,160,1812,10317.375
1637174670,1,GET,/auth/logout/,0.200000,0.000000,410,410,410,410,410,410,410,410,410,410,410,55,0,130,153.3090909090909,8,506,1712.0
1637174670,1,POST,/auth/modify-friend/,0.100000,0.000000,740,740,740,740,740,740,740,740,740,740,740,220,0,230,283.90909090909093,74,1132,1713.0
1637174670,1,GET,/public/,0.100000,0.000000,1000,1000,1000,1000,1000,1000,1000,1000,1000,1000,1000,220,0,280,342.79545454545456,109,1344,10185.531818181818
1637174670,1,,Aggregated,1.200000,0.000000,460,710,1000,1000,1100,1400,1400,1400,1400,1400,1400,1410,0,260,329.1127659574468,8,2059,5945.762411347518
1637174671,1,GET,/,0.300000,0.000000,210,210,710,710,710,710,710,710,710,710,710,363,0,310,370.73553719008265,111,1677,10119.253443526171
1637174671,1,POST,/,0.100000,0.000000,1400,1400,1400,1400,1400,1400,1400,1400,1400,1400,1400,55,0,740,866.4545454545455,296,2059,9983.727272727272
1637174671,1,GET,/auth/find-friends/,0.200000,0.000000,460,680,680,780,780,780,780,780,780,780,780,442,0,180,237.9547511312217,54,1145,1974.0
1637174671,1,GET,/auth/login/,0.000000,0.000000,0,0,0,0,0,0,0,0,0,0,0,1,0,597,597.0,597,597,2961.0
1637174671,1,POST,/auth/login/,0.200000,0.000000,450,450,1100,1100,1100,1100,1100,1100,1100,1100,1100,56,0,390,540.4464285714286,160,1812,10317.375
1637174671,1,GET,/auth/logout/,0.300000,0.000000,410,410,410,410,410,410,410,410,410,410,410,55,0,130,153.3090909090909,8,506,1712.0
1637174671,1,POST,/auth/modify-friend/,0.200000,0.000000,740,740,740,740,740,740,740,740,740,740,740,220,0,230,283.90909090909093,74,1132,1713.0
1637174671,1,GET,/public/,0.100000,0.000000,1000,1000,1000,1000,1000,1000,1000,1000,1000,1000,1000,221,0,280,343.0542986425339,109,1344,10185.638009049773
1637174671,1,,Aggregated,1.400000,0.000000,450,710,780,1000,1100,1400,1400,1400,1400,1400,1400,1413,0,260,329.07077140835105,8,2059,5943.157820240623
1637174672,1,GET,/,0.300000,0.000000,290,290,710,710,710,710,710,710,710,710,710,364,0,310,370.50274725274727,111,1677,10119.975274725275
1637174672,1,POST,/,0.100000,0.000000,1400,1400,1400,1400,1400,1400,1400,1400,1400,1400,1400,55,0,740,866.4545454545455,296,2059,9983.727272727272
1637174672,1,GET,/auth/find-friends/,0.200000,0.000000,460,460,780,780,780,780,780,780,780,780,780,442,0,180,237.9547511312217,54,1145,1974.0
1637174672,1,GET,/auth/login/,0.000000,0.000000,0,0,0,0,0,0,0,0,0,0,0,1,0,597,597.0,597,597,2961.0
1637174672,1,POST,/auth/login/,0.200000,0.000000,1100,1100,1100,1100,1100,1100,1100,1100,1100,1100,1100,56,0,390,540.4464285714286,160,1812,10317.375
1637174672,1,GET,/auth/logout/,0.200000,0.000000,410,410,410,410,410,410,410,410,410,410,410,55,0,130,153.3090909090909,8,506,1712.0
1637174672,1,POST,/auth/modify-friend/,0.100000,0.000000,440,440,740,740,740,740,740,740,740,740,740,221,0,230,284.0904977375566,74,1132,1713.0
1637174672,1,GET,/public/,0.100000,0.000000,400,400,1000,1000,1000,1000,1000,1000,1000,1000,1000,222,0,280,343.2837837837838,109,1344,10184.162162162162
1637174672,1,,Aggregated,1.200000,0.000000,440,460,780,780,1100,1400,1400,1400,1400,1400,1400,1416,0,260,329.08262711864404,8,2059,5946.0699152542375
1637174673,1,GET,/,0.300000,0.000000,710,710,710,710,710,710,710,710,710,710,710,364,0,310,370.50274725274727,111,1677,10119.975274725275
1637174673,1,POST,/,0.100000,0.000000,1400,1400,1400,1400,1400,1400,1400,1400,1400,1400,1400,55,0,740,866.4545454545455,296,2059,9983.727272727272
1637174673,1,GET,/auth/find-friends/,0.300000,0.000000,400,400,460,460,780,780,780,780,780,780,780,444,0,180,238.23873873873873,54,1145,1974.0
1637174673,1,GET,/auth/login/,0.000000,0.000000,0,0,0,0,0,0,0,0,0,0,0,1,0,597,597.0,597,597,2961.0
1637174673,1,POST,/auth/login/,0.200000,0.000000,1100,1100,1100,1100,1100,1100,1100,1100,1100,1100,1100,56,0,390,540.4464285714286,160,1812,10317.375
1637174673,1,GET,/auth/logout/,0.200000,0.000000,410,410,410,410,410,410,410,410,410,410,410,55,0,130,153.3090909090909,8,506,1712.0
1637174673,1,POST,/auth/modify-friend/,0.100000,0.000000,340,340,440,440,440,440,440,440,440,440,440,222,0,230,284.36486486486484,74,1132,1713.0
1637174673,1,GET,/public/,0.200000,0.000000,400,400,1000,1000,1000,1000,1000,1000,1000,1000,1000,222,0,280,343.2837837837838,109,1344,10184.162162162162
1637174673,1,,Aggregated,1.400000,0.000000,400,450,460,710,1000,1100,1100,1100,1100,1100,1100,1419,0,260,329.05426356589146,8,2059,5937.488372093023
1637174674,1,GET,/,0.200000,0.000000,710,710,710,710,710,710,710,710,710,710,710,364,0,310,370.50274725274727,111,1677,10119.975274725275
1637174674,1,POST,/,0.100000,0.000000,1400,1400,1400,1400,1400,1400,1400,1400,1400,1400,1400,55,0,740,866.4545454545455,296,2059,9983.727272727272
1637174674,1,GET,/auth/find-friends/,0.400000,0.000000,300,400,460,460,780,780,780,780,780,780,780,446,0,180,238.3744394618834,54,1145,1974.0
1637174674,1,GET,/auth/login/,0.000000,0.000000,0,0,0,0,0,0,0,0,0,0,0,1,0,597,597.0,597,597,2961.0
1637174674,1,POST,/auth/login/,0.200000,0.000000,1100,1100,1100,1100,1100,1100,1100,1100,1100,1100,1100,56,0,390,540.4464285714286,160,1812,10317.375
1637174674,1,GET,/auth/logout/,0.200000,0.000000,410,410,410,410,410,410,410,410,410,410,410,55,0,130,153.3090909090909,8,506,1712.0
1637174674,1,POST,/auth/modify-friend/,0.200000,0.000000,340,340,440,440,440,440,440,440,440,440,440,223,0,230,283.9730941704036,74,1132,1713.0
1637174674,1,GET,/public/,0.200000,0.000000,440,440,1000,1000,1000,1000,1000,1000,1000,1000,1000,223,0,280,343.69955156950675,109,1344,10182.726457399103
1637174674,1,,Aggregated,1.500000,0.000000,400,440,450,460,780,1000,1100,1100,1100,1100,1100,1423,0,260,328.95151089248066,8,2059,5931.708362614196
1637174675,1,GET,/,0.200000,0.000000,420,420,710,710,710,710,710,710,710,710,710,366,0,310,370.38524590163934,111,1677,10120.491803278688
1637174675,1,POST,/,0.000000,0.000000,1400,1400,1400,1400,1400,1400,1400,1400,1400,1400,1400,55,0,740,866.4545454545455,296,2059,9983.727272727272
1637174675,1,GET,/auth/find-friends/,0.600000,0.000000,300,400,460,460,780,780,780,780,780,780,780,446,0,180,238.3744394618834,54,1145,1974.0
1637174675,1,GET,/auth/login/,0.000000,0.000000,0,0,0,0,0,0,0,0,0,0,0,1,0,597,597.0,597,597,2961.0
1637174675,1,POST,/auth/login/,0.200000,0.000000,1100,1100,1100,1100,1100,1100,1100,1100,1100,1100,1100,56,0,390,540.4464285714286,160,1812,10317.375
1637174675,1,GET,/auth/logout/,0.100000,0.000000,410,410,410,410,410,410,410,410,410,410,410,55,0,130,153.3090909090909,8,506,1712.0
1637174675,1,POST,/auth/modify-friend/,0.200000,0.000000,340,340,440,440,440,440,440,440,440,440,440,223,0,230,283.9730941704036,74,1132,1713.0
1637174675,1,GET,/public/,0.300000,0.000000,440,440,1000,1000,1000,1000,1000,1000,1000,1000,1000,223,0,280,343.69955156950675,109,1344,10182.726457399103
1637174675,1,,Aggregated,1.600000,0.000000,390,410,440,440,460,780,1000,1000,1000,1000,1000,1425,0,260,328.979649122807,8,2059,5937.7192982456145
1637174676,1,GET,/,0.200000,0.000000,420,500,500,710,710,710,710,710,710,710,710,367,0,310,370.74931880108994,111,1677,10120.91825613079
1637174676,1,POST,/,0.000000,0.000000,1400,1400,1400,1400,1400,1400,1400,1400,1400,1400,1400,55,0,740,866.4545454545455,296,2059,9983.727272727272
1637174676,1,GET,/auth/find-friends/,0.700000,0.000000,300,370,400,460,780,780,780,780,780,780,780,447,0,180,238.66666666666666,54,1145,1974.0
1637174676,1,GET,/auth/login/,0.000000,0.000000,0,0,0,0,0,0,0,0,0,0,0,1,0,597,597.0,597,597,2961.0
1637174676,1,POST,/auth/login/,0.200000,0.000000,1100,1100,1100,1100,1100,1100,1100,1100,1100,1100,1100,56,0,390,540.4464285714286,160,1812,10317.375
1637174676,1,GET,/auth/logout/,0.100000,0.000000,410,410,410,410,410,410,410,410,410,410,410,55,0,130,153.3090909090909,8,506,1712.0
1637174676,1,POST,/auth/modify-friend/,0.300000,0.000000,340,340,440,440,440,440,440,440,440,440,440,223,0,230,283.9730941704036,74,1132,1713.0
1637174676,1,GET,/public/,0.400000,0.000000,400,440,440,1000,1000,1000,1000,1000,1000,1000,1000,224,0,280,343.86607142857144,109,1344,10182.83482142857
1637174676,1,,Aggregated,1.900000,0.000000,380,410,440,440,460,500,780,780,780,780,780,1428,0,260,329.1666666666667,8,2059,5940.971988795518
1637174677,1,GET,/,0.300000,0.000000,420,500,500,710,710,710,710,710,710,710,710,367,0,310,370.74931880108994,111,1677,10120.91825613079
1637174677,1,POST,/,0.000000,0.000000,1400,1400,1400,1400,1400,1400,1400,1400,1400,1400,1400,55,0,740,866.4545454545455,296,2059,9983.727272727272
1637174677,1,GET,/auth/find-friends/,0.800000,0.000000,300,370,370,400,460,460,460,460,460,460,460,448,0,180,238.953125,54,1145,1974.0
1637174677,1,GET,/auth/login/,0.000000,0.000000,0,0,0,0,0,0,0,0,0,0,0,1,0,597,597.0,597,597,2961.0
1637174677,1,POST,/auth/login/,0.200000,0.000000,450,450,450,450,450,450,450,450,450,450,450,56,0,390,540.4464285714286,160,1812,10317.375
1637174677,1,GET,/auth/logout/,0.100000,0.000000,410,410,410,410,410,410,410,410,410,410,410,55,0,130,153.3090909090909,8,506,1712.0
1637174677,1,POST,/auth/modify-friend/,0.400000,0.000000,320,340,340,440,440,440,440,440,440,440,440,224,0,230,284.07142857142856,74,1132,1713.0
1637174677,1,GET,/public/,0.400000,0.000000,400,440,440,1000,1000,1000,1000,1000,1000,1000,1000,224,0,280,343.86607142857144,109,1344,10182.83482142857
1637174677,1,,Aggregated,2.200000,0.000000,370,400,420,440,450,460,500,500,500,500,500,1430,0,260,329.17692307692306,8,2059,5935.241258741259
1637174678,1,GET,/,0.400000,0.000000,420,420,500,500,500,500,500,500,500,500,500,367,0,310,370.74931880108994,111,1677,10120.91825613079
1637174678,1,POST,/,0.000000,0.000000,1400,1400,1400,1400,1400,1400,1400,1400,1400,1400,1400,55,0,740,866.4545454545455,296,2059,9983.727272727272
1637174678,1,GET,/auth/find-friends/,0.800000,0.000000,300,370,400,400,460,510,510,510,510,510,510,450,0,180,239.5222222222222,54,1145,1974.0
1637174678,1,GET,/auth/login/,0.000000,0.000000,0,0,0,0,0,0,0,0,0,0,0,1,0,597,597.0,597,597,2961.0
1637174678,1,POST,/auth/login/,0.100000,0.000000,450,450,450,450,450,450,450,450,450,450,450,56,0,390,540.4464285714286,160,1812,10317.375
1637174678,1,GET,/auth/logout/,0.100000,0.000000,410,410,410,410,410,410,410,410,410,410,410,55,0,130,153.3090909090909,8,506,1712.0
1637174678,1,POST,/auth/modify-friend/,0.400000,0.000000,320,340,340,440,440,440,440,440,440,440,440,224,0,230,284.07142857142856,74,1132,1713.0
1637174678,1,GET,/public/,0.500000,0.000000,400,440,440,510,510,510,510,510,510,510,510,225,0,280,344.58666666666664,109,1344,10184.884444444444
1637174678,1,,Aggregated,2.300000,0.000000,370,400,440,440,500,510,510,510,510,510,510,1433,0,260,329.35310537334266,8,2059,5932.998604326587
1637174679,1,GET,/,0.400000,0.000000,420,500,500,810,810,810,810,810,810,810,810,368,0,310,371.94565217391306,111,1677,10122.570652173914
1637174679,1,POST,/,0.000000,0.000000,1400,1400,1400,1400,1400,1400,1400,1400,1400,1400,1400,55,0,740,866.4545454545455,296,2059,9983.727272727272
1637174679,1,GET,/auth/find-friends/,1.000000,0.000000,300,370,370,400,510,510,510,510,510,510,510,450,0,180,239.5222222222222,54,1145,1974.0
1637174679,1,GET,/auth/login/,0.000000,0.000000,0,0,0,0,0,0,0,0,0,0,0,1,0,597,597.0,597,597,2961.0
1637174679,1,POST,/auth/login/,0.100000,0.000000,450,450,450,450,450,450,450,450,450,450,450,56,0,390,540.4464285714286,160,1812,10317.375
1637174679,1,GET,/auth/logout/,0.100000,0.000000,410,410,410,410,410,410,410,410,410,410,410,55,0,130,153.3090909090909,8,506,1712.0
1637174679,1,POST,/auth/modify-friend/,0.400000,0.000000,320,340,340,350,350,350,350,350,350,350,350,225,0,240,284.35555555555555,74,1132,1713.0
1637174679,1,GET,/public/,0.400000,0.000000,400,440,440,510,510,510,510,510,510,510,510,225,0,280,344.58666666666664,109,1344,10184.884444444444
1637174679,1,,Aggregated,2.400000,0.000000,370,400,420,440,510,510,810,810,810,810,810,1435,0,260,329.70174216027874,8,2059,5933.4
1637174680,1,GET,/,0.400000,0.000000,490,490,500,500,810,810,810,810,810,810,810,369,0,310,372.260162601626,111,1677,10124.238482384824
1637174680,1,POST,/,0.000000,0.000000,0,0,0,0,0,0,0,0,0,0,0,55,0,740,866.4545454545455,296,2059,9983.727272727272
1637174680,1,GET,/auth/find-friends/,1.000000,0.000000,300,370,370,400,510,510,510,510,510,510,510,450,0,180,239.5222222222222,54,1145,1974.0
1637174680,1,GET,/auth/login/,0.000000,0.000000,0,0,0,0,0,0,0,0,0,0,0,1,0,597,597.0,597,597,2961.0
1637174680,1,POST,/auth/login/,0.100000,0.000000,450,450,450,450,450,450,450,450,450,450,450,56,0,390,540.4464285714286,160,1812,10317.375
1637174680,1,GET,/auth/logout/,0.100000,0.000000,410,410,410,410,410,410,410,410,410,410,410,55,0,130,153.3090909090909,8,506,1712.0
1637174680,1,POST,/auth/modify-friend/,0.400000,0.000000,320,340,340,350,350,350,350,350,350,350,350,225,0,240,284.35555555555555,74,1132,1713.0
1637174680,1,GET,/public/,0.400000,0.000000,400,440,440,510,510,510,510,510,510,510,510,225,0,280,344.58666666666664,109,1344,10184.884444444444
1637174680,1,,Aggregated,2.400000,0.000000,370,390,440,490,510,510,810,810,810,810,810,1436,0,260,329.81197771587745,8,2059,5936.74582172702
1637174681,1,GET,/,0.400000,0.000000,480,490,500,500,810,810,810,810,810,810,810,370,0,310,372.56216216216217,111,1677,10124.654054054054
1637174681,1,POST,/,0.000000,0.000000,990,990,990,990,990,990,990,990,990,990,990,56,0,740,868.6785714285714,296,2059,9987.32142857143
1637174681,1,GET,/auth/find-friends/,1.000000,0.000000,370,370,400,400,510,510,510,510,510,510,510,450,0,180,239.5222222222222,54,1145,1974.0
1637174681,1,GET,/auth/login/,0.000000,0.000000,0,0,0,0,0,0,0,0,0,0,0,1,0,597,597.0,597,597,2961.0
1637174681,1,POST,/auth/login/,0.100000,0.000000,450,450,450,450,450,450,450,450,450,450,450,56,0,390,540.4464285714286,160,1812,10317.375
1637174681,1,GET,/auth/logout/,0.000000,0.000000,410,410,410,410,410,410,410,410,410,410,410,55,0,130,153.3090909090909,8,506,1712.0
1637174681,1,POST,/auth/modify-friend/,0.500000,0.000000,320,340,340,350,350,350,350,350,350,350,350,225,0,240,284.35555555555555,74,1132,1713.0
1637174681,1,GET,/public/,0.500000,0.000000,440,440,510,510,510,510,510,510,510,510,510,225,0,280,344.58666666666664,109,1344,10184.884444444444
1637174681,1,,Aggregated,2.500000,0.000000,380,440,490,500,510,810,990,990,990,990,990,1438,0,260,330.3789986091794,8,2059,5942.719054242003
1637174682,1,GET,/,0.600000,0.000000,490,500,640,640,810,810,810,810,810,810,810,372,0,320,373.247311827957,111,1677,10126.639784946237
1637174682,1,POST,/,0.000000,0.000000,990,990,990,990,990,990,990,990,990,990,990,56,0,740,868.6785714285714,296,2059,9987.32142857143
1637174682,1,GET,/auth/find-friends/,1.000000,0.000000,370,370,370,370,510,510,510,510,510,510,510,450,0,180,239.5222222222222,54,1145,1974.0
1637174682,1,GET,/auth/login/,0.000000,0.000000,0,0,0,0,0,0,0,0,0,0,0,1,0,597,597.0,597,597,2961.0
1637174682,1,POST,/auth/login/,0.100000,0.000000,450,450,450,450,450,450,450,450,450,450,450,56,0,390,540.4464285714286,160,1812,10317.375
1637174682,1,GET,/auth/logout/,0.000000,0.000000,410,410,410,410,410,410,410,410,410,410,410,55,0,130,153.3090909090909,8,506,1712.0
1637174682,1,POST,/auth/modify-friend/,0.500000,0.000000,340,340,350,350,350,350,350,350,350,350,350,225,0,240,284.35555555555555,74,1132,1713.0
1637174682,1,GET,/public/,0.500000,0.000000,440,440,510,510,510,510,510,510,510,510,510,225,0,280,344.58666666666664,109,1344,10184.884444444444
1637174682,1,,Aggregated,2.700000,0.000000,380,480,500,510,640,810,990,990,990,990,990,1440,0,260,330.6145833333333,8,2059,5949.040277777778
1637174683,1,GET,/,0.600000,0.000000,480,490,500,640,810,810,810,810,810,810,810,373,0,320,373.3592493297587,111,1677,10128.042895442359
1637174683,1,POST,/,0.100000,0.000000,990,990,990,990,990,990,990,990,990,990,990,56,0,740,868.6785714285714,296,2059,9987.32142857143
1637174683,1,GET,/auth/find-friends/,0.900000,0.000000,370,370,370,510,510,510,510,510,510,510,510,450,0,180,239.5222222222222,54,1145,1974.0
1637174683,1,GET,/auth/login/,0.000000,0.000000,0,0,0,0,0,0,0,0,0,0,0,1,0,597,597.0,597,597,2961.0
1637174683,1,POST,/auth/login/,0.000000,0.000000,450,450,450,450,450,450,450,450,450,450,450,56,0,390,540.4464285714286,160,1812,10317.375
1637174683,1,GET,/auth/logout/,0.000000,0.000000,410,410,410,410,410,410,410,410,410,410,410,56,0,130,154.92857142857142,8,506,1712.0
1637174683,1,POST,/auth/modify-friend/,0.500000,0.000000,310,310,350,350,350,350,350,350,350,350,350,225,0,240,284.35555555555555,74,1132,1713.0
1637174683,1,GET,/public/,0.400000,0.000000,440,440,510,510,510,510,510,510,510,510,510,225,0,280,344.58666666666664,109,1344,10184.884444444444
1637174683,1,,Aggregated,2.500000,0.000000,380,480,500,510,640,810,990,990,990,990,990,1442,0,260,330.6130374479889,8,2059,5949.361997226075
1637174684,1,GET,/,0.600000,0.000000,490,500,640,640,810,810,810,810,810,810,810,373,0,320,373.3592493297587,111,1677,10128.042895442359
1637174684,1,POST,/,0.100000,0.000000,990,990,990,990,990,990,990,990,990,990,990,56,0,740,868.6785714285714,296,2059,9987.32142857143
1637174684,1,GET,/auth/find-friends/,0.900000,0.000000,370,370,370,510,510,510,510,510,510,510,510,450,0,180,239.5222222222222,54,1145,1974.0
1637174684,1,GET,/auth/login/,0.000000,0.000000,0,0,0,0,0,0,0,0,0,0,0,1,0,597,597.0,597,597,2961.0
1637174684,1,POST,/auth/login/,0.000000,0.000000,450,450,450,450,450,450,450,450,450,450,450,56,0,390,540.4464285714286,160,1812,10317.375
1637174684,1,GET,/auth/logout/,0.000000,0.000000,410,410,410,410,410,410,410,410,410,410,410,56,0,130,154.92857142857142,8,506,1712.0
1637174684,1,POST,/auth/modify-friend/,0.500000,0.000000,310,310,350,350,350,350,350,350,350,350,350,225,0,240,284.35555555555555,74,1132,1713.0
1637174684,1,GET,/public/,0.400000,0.000000,510,510,510,510,510,510,510,510,510,510,510,225,0,280,344.58666666666664,109,1344,10184.884444444444
1637174684,1,,Aggregated,2.500000,0.000000,420,490,510,510,810,990,990,990,990,990,990,1442,0,260,330.6130374479889,8,2059,5949.361997226075
1637174685,1,GET,/,0.900000,0.000000,480,490,500,640,810,810,810,810,810,810,810,374,0,320,372.67914438502675,111,1677,10130.197860962568
1637174685,1,POST,/,0.100000,0.000000,990,990,990,990,990,990,990,990,990,990,990,56,0,740,868.6785714285714,296,2059,9987.32142857143
1637174685,1,GET,/auth/find-friends/,0.600000,0.000000,370,370,510,510,510,510,510,510,510,510,510,450,0,180,239.5222222222222,54,1145,1974.0
1637174685,1,GET,/auth/login/,0.000000,0.000000,0,0,0,0,0,0,0,0,0,0,0,1,0,597,597.0,597,597,2961.0
1637174685,1,POST,/auth/login/,0.000000,0.000000,1200,1200,1200,1200,1200,1200,1200,1200,1200,1200,1200,57,0,450,552.2456140350877,160,1812,10326.157894736842
1637174685,1,GET,/auth/logout/,0.000000,0.000000,240,240,240,240,240,240,240,240,240,240,240,56,0,130,154.92857142857142,8,506,1712.0
1637174685,1,POST,/auth/modify-friend/,0.400000,0.000000,350,350,350,350,350,350,350,350,350,350,350,225,0,240,284.35555555555555,74,1132,1713.0
1637174685,1,GET,/public/,0.300000,0.000000,510,510,510,510,510,510,510,510,510,510,510,225,0,280,344.58666666666664,109,1344,10184.884444444444
1637174685,1,,Aggregated,2.300000,0.000000,420,510,510,640,990,1200,1200,1200,1200,1200,1200,1444,0,260,331.0775623268698,8,2059,5956.185595567867
1637174686,1,GET,/,0.900000,0.000000,420,480,500,500,640,810,810,810,810,810,810,377,0,310,370.6923076923077,111,1677,10135.909814323608
1637174686,1,POST,/,0.100000,0.000000,990,990,990,990,990,990,990,990,990,990,990,56,0,740,868.6785714285714,296,2059,9987.32142857143
1637174686,1,GET,/auth/find-friends/,0.600000,0.000000,510,510,510,510,510,510,510,510,510,510,510,450,0,180,239.5222222222222,54,1145,1974.0
1637174686,1,GET,/auth/login/,0.000000,0.000000,0,0,0,0,0,0,0,0,0,0,0,1,0,597,597.0,597,597,2961.0
1637174686,1,POST,/auth/login/,0.000000,0.000000,1200,1200,1200,1200,1200,1200,1200,1200,1200,1200,1200,57,0,450,552.2456140350877,160,1812,10326.157894736842
1637174686,1,GET,/auth/logout/,0.000000,0.000000,240,240,240,240,240,240,240,240,240,240,240,57,0,130,154.71929824561403,8,506,1712.0
1637174686,1,POST,/auth/modify-friend/,0.400000,0.000000,350,350,350,350,350,350,350,350,350,350,350,225,0,240,284.35555555555555,74,1132,1713.0
1637174686,1,GET,/public/,0.300000,0.000000,510,510,510,510,510,510,510,510,510,510,510,225,0,280,344.58666666666664,109,1344,10184.884444444444
1637174686,1,,Aggregated,2.300000,0.000000,360,490,510,640,990,1200,1200,1200,1200,1200,1200,1448,0,260,330.51657458563534,8,2059,5963.389502762431
1637174687,1,GET,/,0.800000,0.000000,360,480,490,490,640,810,810,810,810,810,810,378,0,310,370.01851851851853,111,1677,10137.481481481482
1637174687,1,POST,/,0.100000,0.000000,990,990,990,990,990,990,990,990,990,990,990,56,0,740,868.6785714285714,296,2059,9987.32142857143
1637174687,1,GET,/auth/find-friends/,0.400000,0.000000,510,510,510,510,510,510,510,510,510,510,510,450,0,180,239.5222222222222,54,1145,1974.0
1637174687,1,GET,/auth/login/,0.000000,0.000000,0,0,0,0,0,0,0,0,0,0,0,1,0,597,597.0,597,597,2961.0
1637174687,1,POST,/auth/login/,0.000000,0.000000,1200,1200,1200,1200,1200,1200,1200,1200,1200,1200,1200,58,0,390,545.9827586206897,160,1812,10332.379310344828
1637174687,1,GET,/auth/logout/,0.100000,0.000000,240,240,240,240,240,240,240,240,240,240,240,57,0,130,154.71929824561403,8,506,1712.0
1637174687,1,POST,/auth/modify-friend/,0.200000,0.000000,350,350,350,350,350,350,350,350,350,350,350,225,0,240,284.35555555555555,74,1132,1713.0
1637174687,1,GET,/public/,0.200000,0.000000,510,510,510,510,510,510,510,510,510,510,510,226,0,280,343.78761061946904,109,1344,10185.654867256637
1637174687,1,,Aggregated,1.800000,0.000000,350,480,510,640,990,1200,1200,1200,1200,1200,1200,1451,0,260,330.15644383184014,8,2059,5972.959338387319
1637174688,1,GET,/,1.000000,0.000000,320,420,480,490,640,810,810,810,810,810,810,380,0,310,369.40263157894736,111,1677,10139.842105263158
1637174688,1,POST,/,0.100000,0.000000,990,990,990,990,990,990,990,990,990,990,990,56,0,740,868.6785714285714,296,2059,9987.32142857143
1637174688,1,GET,/auth/find-friends/,0.400000,0.000000,170,170,510,510,510,510,510,510,510,510,510,452,0,180,239.1637168141593,54,1145,1974.0
1637174688,1,GET,/auth/login/,0.000000,0.000000,0,0,0,0,0,0,0,0,0,0,0,1,0,597,597.0,597,597,2961.0
1637174688,1,POST,/auth/login/,0.100000,0.000000,1200,1200,1200,1200,1200,1200,1200,1200,1200,1200,1200,58,0,390,545.9827586206897,160,1812,10332.379310344828
1637174688,1,GET,/auth/logout/,0.200000,0.000000,240,240,240,240,240,240,240,240,240,240,240,57,0,130,154.71929824561403,8,506,1712.0
1637174688,1,POST,/auth/modify-friend/,0.200000,0.000000,350,350,350,350,350,350,350,350,350,350,350,226,0,230,283.6637168141593,74,1132,1713.0
1637174688,1,GET,/public/,0.100000,0.000000,510,510,510,510,510,510,510,510,510,510,510,226,0,280,343.78761061946904,109,1344,10185.654867256637
1637174688,1,,Aggregated,2.100000,0.000000,190,360,480,490,810,990,1200,1200,1200,1200,1200,1456,0,260,329.6758241758242,8,2059,5970.87706043956
1637174689,1,GET,/,1.000000,0.000000,250,360,480,490,640,810,810,810,810,810,810,382,0,310,368.75916230366494,111,1677,10140.667539267015
1637174689,1,POST,/,0.100000,0.000000,990,990,990,990,990,990,990,990,990,990,990,56,0,740,868.6785714285714,296,2059,9987.32142857143
1637174689,1,GET,/auth/find-friends/,0.200000,0.000000,150,170,170,510,510,510,510,510,510,510,510,454,0,180,238.54845814977975,54,1145,1974.0
1637174689,1,GET,/auth/login/,0.000000,0.000000,0,0,0,0,0,0,0,0,0,0,0,1,0,597,597.0,597,597,2961.0
1637174689,1,POST,/auth/login/,0.100000,0.000000,1200,1200,1200,1200,1200,1200,1200,1200,1200,1200,1200,58,0,390,545.9827586206897,160,1812,10332.379310344828
1637174689,1,GET,/auth/logout/,0.200000,0.000000,240,240,240,240,240,240,240,240,240,240,240,57,0,130,154.71929824561403,8,506,1712.0
1637174689,1,POST,/auth/modify-friend/,0.200000,0.000000,160,160,350,350,350,350,350,350,350,350,350,227,0,230,283.10132158590307,74,1132,1713.0
1637174689,1,GET,/public/,0.100000,0.000000,240,240,510,510,510,510,510,510,510,510,510,227,0,280,343.3259911894273,109,1344,10185.405286343612
1637174689,1,,Aggregated,1.900000,0.000000,190,240,320,360,640,990,1200,1200,1200,1200,1200,1462,0,260,329.06634746922026,8,2059,5971.259917920656
1637174690,1,GET,/,1.100000,0.000000,250,360,360,420,480,640,640,640,640,640,640,383,0,310,368.7467362924282,111,1677,10141.22454308094
1637174690,1,POST,/,0.100000,0.000000,990,990,990,990,990,990,990,990,990,990,990,57,0,740,863.0175438596491,296,2059,9994.087719298246
1637174690,1,GET,/auth/find-friends/,0.300000,0.000000,150,170,170,510,510,510,510,510,510,510,510,454,0,180,238.54845814977975,54,1145,1974.0
1637174690,1,GET,/auth/login/,0.000000,0.000000,0,0,0,0,0,0,0,0,0,0,0,1,0,597,597.0,597,597,2961.0
1637174690,1,POST,/auth/login/,0.200000,0.000000,1200,1200,1200,1200,1200,1200,1200,1200,1200,1200,1200,58,0,390,545.9827586206897,160,1812,10332.379310344828
1637174690,1,GET,/auth/logout/,0.200000,0.000000,240,240,240,240,240,240,240,240,240,240,240,57,0,130,154.71929824561403,8,506,1712.0
1637174690,1,POST,/auth/modify-friend/,0.200000,0.000000,160,160,350,350,350,350,350,350,350,350,350,227,0,230,283.10132158590307,74,1132,1713.0
1637174690,1,GET,/public/,0.100000,0.000000,240,240,510,510,510,510,510,510,510,510,510,227,0,280,343.3259911894273,109,1344,10185.405286343612
1637174690,1,,Aggregated,2.200000,0.000000,190,240,360,360,550,640,1200,1200,1200,1200,1200,1464,0,260,329.2383879781421,8,2059,5977.26024590164
1637174691,1,GET,/,1.300000,0.000000,200,240,320,360,420,640,640,640,640,640,640,386,0,310,367.360103626943,111,1677,10142.784974093263
1637174691,1,POST,/,0.100000,0.000000,550,550,990,990,990,990,990,990,990,990,990,58,0,730,857.5862068965517,296,2059,9999.724137931034
1637174691,1,GET,/auth/find-friends/,0.400000,0.000000,150,170,170,510,510,510,510,510,510,510,510,454,0,180,238.54845814977975,54,1145,1974.0
1637174691,1,GET,/auth/login/,0.000000,0.000000,0,0,0,0,0,0,0,0,0,0,0,1,0,597,597.0,597,597,2961.0
1637174691,1,POST,/auth/login/,0.200000,0.000000,1200,1200,1200,1200,1200,1200,1200,1200,1200,1200,1200,58,0,390,545.9827586206897,160,1812,10332.379310344828
1637174691,1,GET,/auth/logout/,0.200000,0.000000,240,240,240,240,240,240,240,240,240,240,240,57,0,130,154.71929824561403,8,506,1712.0
1637174691,1,POST,/auth/modify-friend/,0.100000,0.000000,160,160,350,350,350,350,350,350,350,350,350,227,0,230,283.10132158590307,74,1132,1713.0
1637174691,1,GET,/public/,0.200000,0.000000,240,240,510,510,510,510,510,510,510,510,510,227,0,280,343.3259911894273,109,1344,10185.405286343612
1637174691,1,,Aggregated,2.500000,0.000000,190,240,250,360,550,640,1200,1200,1200,1200,1200,1468,0,260,329.10354223433245,8,2059,5989.138964577656
1637174692,1,GET,/,1.300000,0.000000,220,240,250,320,420,640,640,640,640,640,640,390,0,310,365.9948717948718,111,1677,10145.602564102564
1637174692,1,POST,/,0.100000,0.000000,550,550,990,990,990,990,990,990,990,990,990,58,0,730,857.5862068965517,296,2059,9999.724137931034
1637174692,1,GET,/auth/find-friends/,0.400000,0.000000,150,150,170,170,170,170,170,170,170,170,170,454,0,180,238.54845814977975,54,1145,1974.0
1637174692,1,GET,/auth/login/,0.000000,0.000000,0,0,0,0,0,0,0,0,0,0,0,1,0,597,597.0,597,597,2961.0
1637174692,1,POST,/auth/login/,0.200000,0.000000,1200,1200,1200,1200,1200,1200,1200,1200,1200,1200,1200,58,0,390,545.9827586206897,160,1812,10332.379310344828
1637174692,1,GET,/auth/logout/,0.200000,0.000000,240,240,240,240,240,240,240,240,240,240,240,57,0,130,154.71929824561403,8,506,1712.0
1637174692,1,POST,/auth/modify-friend/,0.200000,0.000000,160,160,160,160,160,160,160,160,160,160,160,227,0,230,283.10132158590307,74,1132,1713.0
1637174692,1,GET,/public/,0.200000,0.000000,240,240,240,240,240,240,240,240,240,240,240,227,0,280,343.3259911894273,109,1344,10185.405286343612
1637174692,1,,Aggregated,2.600000,0.000000,190,240,240,240,360,550,1200,1200,1200,1200,1200,1472,0,260,328.84578804347825,8,2059,6001.172554347826
1637174693,1,GET,/,1.300000,0.000000,200,240,240,240,320,360,360,360,360,360,360,390,0,310,365.9948717948718,111,1677,10145.602564102564
1637174693,1,POST,/,0.100000,0.000000,550,550,990,990,990,990,990,990,990,990,990,58,0,730,857.5862068965517,296,2059,9999.724137931034
1637174693,1,GET,/auth/find-friends/,0.400000,0.000000,150,150,170,170,170,170,170,170,170,170,170,454,0,180,238.54845814977975,54,1145,1974.0
1637174693,1,GET,/auth/login/,0.000000,0.000000,0,0,0,0,0,0,0,0,0,0,0,1,0,597,597.0,597,597,2961.0
1637174693,1,POST,/auth/login/,0.200000,0.000000,1200,1200,1200,1200,1200,1200,1200,1200,1200,1200,1200,58,0,390,545.9827586206897,160,1812,10332.379310344828
1637174693,1,GET,/auth/logout/,0.200000,0.000000,140,140,240,240,240,240,240,240,240,240,240,58,0,130,153.82758620689654,8,506,1712.0
1637174693,1,POST,/auth/modify-friend/,0.200000,0.000000,160,160,160,160,160,160,160,160,160,160,160,227,0,230,283.10132158590307,74,1132,1713.0
1637174693,1,GET,/public/,0.200000,0.000000,240,240,240,240,240,240,240,240,240,240,240,227,0,280,343.3259911894273,109,1344,10185.405286343612
1637174693,1,,Aggregated,2.600000,0.000000,190,240,240,240,360,550,1200,1200,1200,1200,1200,1473,0,260,328.6924643584521,8,2059,5998.260692464359
1637174694,1,GET,/,1.600000,0.000000,200,240,240,240,320,360,360,360,360,360,360,390,0,310,365.9948717948718,111,1677,10145.602564102564
1637174694,1,POST,/,0.200000,0.000000,550,550,990,990,990,990,990,990,990,990,990,58,0,730,857.5862068965517,296,2059,9999.724137931034
1637174694,1,GET,/auth/find-friends/,0.400000,0.000000,150,150,150,150,170,170,170,170,170,170,170,456,0,180,238.06140350877192,54,1145,1974.0
1637174694,1,GET,/auth/login/,0.000000,0.000000,0,0,0,0,0,0,0,0,0,0,0,1,0,597,597.0,597,597,2961.0
1637174694,1,POST,/auth/login/,0.200000,0.000000,200,200,1200,1200,1200,1200,1200,1200,1200,1200,1200,59,0,390,540.1355932203389,160,1812,10333.186440677966
1637174694,1,GET,/auth/logout/,0.200000,0.000000,140,140,140,140,140,140,140,140,140,140,140,58,0,130,153.82758620689654,8,506,1712.0
1637174694,1,POST,/auth/modify-friend/,0.200000,0.000000,130,130,160,160,160,160,160,160,160,160,160,228,0,230,282.4035087719298,74,1132,1713.0
1637174694,1,GET,/public/,0.200000,0.000000,180,180,240,240,240,240,240,240,240,240,240,228,0,280,342.6140350877193,109,1344,10185.583333333334
1637174694,1,,Aggregated,3.000000,0.000000,180,200,240,240,360,550,1200,1200,1200,1200,1200,1478,0,260,328.095399188092,8,2059,5995.740866035183
1637174695,1,GET,/,1.700000,0.000000,200,230,240,240,280,320,360,360,360,360,360,395,0,300,363.2886075949367,111,1677,10150.207594936708
1637174695,1,POST,/,0.200000,0.000000,550,550,550,550,550,550,550,550,550,550,550,58,0,730,857.5862068965517,296,2059,9999.724137931034
1637174695,1,GET,/auth/find-friends/,0.400000,0.000000,110,150,150,150,170,170,170,170,170,170,170,458,0,180,237.26200873362444,54,1145,1974.0
1637174695,1,GET,/auth/login/,0.000000,0.000000,0,0,0,0,0,0,0,0,0,0,0,1,0,597,597.0,597,597,2961.0
1637174695,1,POST,/auth/login/,0.200000,0.000000,200,200,1200,1200,1200,1200,1200,1200,1200,1200,1200,59,0,390,540.1355932203389,160,1812,10333.186440677966
1637174695,1,GET,/auth/logout/,0.300000,0.000000,140,140,140,140,140,140,140,140,140,140,140,58,0,130,153.82758620689654,8,506,1712.0
1637174695,1,POST,/auth/modify-friend/,0.200000,0.000000,130,130,160,160,160,160,160,160,160,160,160,229,0,230,281.49781659388645,74,1132,1713.0
1637174695,1,GET,/public/,0.200000,0.000000,200,200,240,240,240,240,240,240,240,240,240,229,0,280,342.0131004366812,109,1344,10186.480349344978
1637174695,1,,Aggregated,3.200000,0.000000,160,200,230,240,320,550,1200,1200,1200,1200,1200,1487,0,260,326.8836583725622,8,2059,6005.584398117014
1637174696,1,GET,/,1.700000,0.000000,200,240,240,250,320,360,360,360,360,360,360,397,0,300,362.2770780856423,111,1677,10151.889168765743
1637174696,1,POST,/,0.200000,0.000000,550,550,550,550,550,550,550,550,550,550,550,58,0,730,857.5862068965517,296,2059,9999.724137931034
1637174696,1,GET,/auth/find-friends/,0.400000,0.000000,110,150,150,160,170,170,170,170,170,170,170,460,0,180,236.7,54,1145,1974.0
1637174696,1,GET,/auth/login/,0.000000,0.000000,0,0,0,0,0,0,0,0,0,0,0,1,0,597,597.0,597,597,2961.0
1637174696,1,POST,/auth/login/,0.300000,0.000000,200,200,200,200,200,200,200,200,200,200,200,59,0,390,540.1355932203389,160,1812,10333.186440677966
1637174696,1,GET,/auth/logout/,0.200000,0.000000,140,140,140,140,140,140,140,140,140,140,140,58,0,130,153.82758620689654,8,506,1712.0
1637174696,1,POST,/auth/modify-friend/,0.200000,0.000000,130,160,160,190,190,190,190,190,190,190,190,230,0,230,281.11304347826086,74,1132,1713.0
1637174696,1,GET,/public/,0.300000,0.000000,180,200,200,240,240,240,240,240,240,240,240,230,0,280,341.0304347826087,109,1344,10186.88695652174
1637174696,1,,Aggregated,3.300000,0.000000,160,200,220,240,280,360,550,550,550,550,550,1493,0,260,326.1393168117883,8,2059,6006.170797052913
1637174697,1,GET,/,1.800000,0.000000,200,240,240,250,280,320,360,360,360,360,360,399,0,300,361.49122807017545,111,1677,10152.225563909775
1637174697,1,POST,/,0.200000,0.000000,550,550,600,600,600,600,600,600,600,600,600,59,0,730,853.3050847457627,296,2059,10005.949152542373
1637174697,1,GET,/auth/find-friends/,0.800000,0.000000,100,110,150,150,160,160,160,160,160,160,160,460,0,180,236.7,54,1145,1974.0
1637174697,1,GET,/auth/login/,0.000000,0.000000,0,0,0,0,0,0,0,0,0,0,0,1,0,597,597.0,597,597,2961.0
1637174697,1,POST,/auth/login/,0.300000,0.000000,200,200,200,200,200,200,200,200,200,200,200,59,0,390,540.1355932203389,160,1812,10333.186440677966
1637174697,1,GET,/auth/logout/,0.200000,0.000000,140,140,140,140,140,140,140,140,140,140,140,58,0,130,153.82758620689654,8,506,1712.0
1637174697,1,POST,/auth/modify-friend/,0.400000,0.000000,130,160,160,190,190,190,190,190,190,190,190,230,0,230,281.11304347826086,74,1132,1713.0
1637174697,1,GET,/public/,0.400000,0.000000,200,200,240,240,240,240,240,240,240,240,240,230,0,280,341.0304347826087,109,1344,10186.88695652174
1637174697,1,,Aggregated,4.100000,0.000000,180,200,240,240,320,550,600,600,600,600,600,1496,0,250,326.1644385026738,8,2059,6014.717914438503
1637174698,1,GET,/,1.800000,0.000000,220,240,250,250,280,360,360,360,360,360,360,400,0,300,361.205,111,1677,10152.7675
1637174698,1,POST,/,0.200000,0.000000,550,550,600,600,600,600,600,600,600,600,600,59,0,730,853.3050847457627,296,2059,10005.949152542373
1637174698,1,GET,/auth/find-friends/,1.000000,0.000000,110,150,150,160,160,160,160,160,160,160,160,462,0,180,236.34632034632034,54,1145,1974.0
1637174698,1,GET,/auth/login/,0.000000,0.000000,0,0,0,0,0,0,0,0,0,0,0,1,0,597,597.0,597,597,2961.0
1637174698,1,POST,/auth/login/,0.200000,0.000000,200,200,200,200,200,200,200,200,200,200,200,59,0,390,540.1355932203389,160,1812,10333.186440677966
1637174698,1,GET,/auth/logout/,0.100000,0.000000,100,100,100,100,100,100,100,100,100,100,100,58,0,130,153.82758620689654,8,506,1712.0
1637174698,1,POST,/auth/modify-friend/,0.400000,0.000000,160,190,190,250,250,250,250,250,250,250,250,231,0,230,280.97402597402595,74,1132,1713.0
1637174698,1,GET,/public/,0.500000,0.000000,200,240,240,240,240,240,240,240,240,240,240,231,0,280,340.5800865800866,109,1344,10186.272727272728
1637174698,1,,Aggregated,4.200000,0.000000,180,220,240,250,280,550,600,600,600,600,600,1501,0,250,325.7728181212525,8,2059,6012.053964023984
1637174699,1,GET,/,2.000000,0.000000,200,230,240,250,280,360,380,380,380,380,380,404,0,300,359.90346534653463,111,1677,10155.393564356436
1637174699,1,POST,/,0.200000,0.000000,550,550,600,600,600,600,600,600,600,600,600,59,0,730,853.3050847457627,296,2059,10005.949152542373
1637174699,1,GET,/auth/find-friends/,1.000000,0.000000,110,150,150,160,160,160,160,160,160,160,160,462,0,180,236.34632034632034,54,1145,1974.0
1637174699,1,GET,/auth/login/,0.000000,0.000000,0,0,0,0,0,0,0,0,0,0,0,1,0,597,597.0,597,597,2961.0
1637174699,1,POST,/auth/login/,0.200000,0.000000,200,200,200,200,200,200,200,200,200,200,200,59,0,390,540.1355932203389,160,1812,10333.186440677966
1637174699,1,GET,/auth/logout/,0.100000,0.000000,100,100,100,100,100,100,100,100,100,100,100,58,0,130,153.82758620689654,8,506,1712.0
1637174699,1,POST,/auth/modify-friend/,0.500000,0.000000,160,190,190,250,250,250,250,250,250,250,250,231,0,230,280.97402597402595,74,1132,1713.0
1637174699,1,GET,/public/,0.500000,0.000000,200,240,240,240,240,240,240,240,240,240,240,231,0,280,340.5800865800866,109,1344,10186.272727272728
1637174699,1,,Aggregated,4.500000,0.000000,170,220,240,250,360,550,600,600,600,600,600,1505,0,250,325.51760797342195,8,2059,6023.764119601329
1637174700,1,GET,/,2.100000,0.000000,200,220,240,240,250,280,380,380,380,380,380,406,0,290,359.07635467980293,111,1677,10157.692118226601
1637174700,1,POST,/,0.300000,0.000000,550,550,600,600,600,600,600,600,600,600,600,60,0,730,847.0833333333334,296,2059,10015.833333333334
1637174700,1,GET,/auth/find-friends/,0.900000,0.000000,110,150,150,160,160,160,160,160,160,160,160,462,0,180,236.34632034632034,54,1145,1974.0
1637174700,1,GET,/auth/login/,0.000000,0.000000,0,0,0,0,0,0,0,0,0,0,0,1,0,597,597.0,597,597,2961.0
1637174700,1,POST,/auth/login/,0.100000,0.000000,200,200,200,200,200,200,200,200,200,200,200,59,0,390,540.1355932203389,160,1812,10333.186440677966
1637174700,1,GET,/auth/logout/,0.100000,0.000000,100,100,100,100,100,100,100,100,100,100,100,58,0,130,153.82758620689654,8,506,1712.0
1637174700,1,POST,/auth/modify-friend/,0.400000,0.000000,160,190,190,250,250,250,250,250,250,250,250,231,0,230,280.97402597402595,74,1132,1713.0
1637174700,1,GET,/public/,0.500000,0.000000,180,200,200,240,240,240,240,240,240,240,240,232,0,270,339.83620689655174,109,1344,10186.853448275862
1637174700,1,,Aggregated,4.400000,0.000000,170,220,240,240,280,480,600,600,600,600,600,1509,0,250,325.3386348575215,8,2059,6035.738237243208
1637174701,1,GET,/,2.100000,0.000000,170,220,240,250,280,380,380,380,380,380,380,406,0,290,359.07635467980293,111,1677,10157.692118226601
1637174701,1,POST,/,0.300000,0.000000,550,550,600,600,600,600,600,600,600,600,600,60,0,730,847.0833333333334,296,2059,10015.833333333334
1637174701,1,GET,/auth/find-friends/,0.800000,0.000000,150,150,160,160,160,170,170,170,170,170,170,466,0,180,235.50429184549355,54,1145,1974.0
1637174701,1,GET,/auth/login/,0.000000,0.000000,0,0,0,0,0,0,0,0,0,0,0,1,0,597,597.0,597,597,2961.0
1637174701,1,POST,/auth/login/,0.100000,0.000000,200,200,200,200,200,200,200,200,200,200,200,59,0,390,540.1355932203389,160,1812,10333.186440677966
1637174701,1,GET,/auth/logout/,0.100000,0.000000,100,100,100,100,100,100,100,100,100,100,100,58,0,130,153.82758620689654,8,506,1712.0
1637174701,1,POST,/auth/modify-friend/,0.500000,0.000000,190,190,200,200,250,250,250,250,250,250,250,233,0,230,279.9613733905579,74,1132,1713.0
1637174701,1,GET,/public/,0.400000,0.000000,180,180,200,200,240,240,240,240,240,240,240,233,0,270,339.08583690987126,109,1344,10187.081545064379
1637174701,1,,Aggregated,4.300000,0.000000,160,200,220,230,250,380,600,600,600,600,600,1516,0,250,324.5250659630607,8,2059,6022.091688654354
1637174702,1,GET,/,2.200000,0.000000,170,220,240,250,280,380,380,380,380,380,380,406,0,290,359.07635467980293,111,1677,10157.692118226601
1637174702,1,POST,/,0.400000,0.000000,550,550,600,600,600,600,600,600,600,600,600,60,0,730,847.0833333333334,296,2059,10015.833333333334
1637174702,1,GET,/auth/find-friends/,0.800000,0.000000,120,150,160,160,170,170,170,170,170,170,170,469,0,180,234.76972281449895,54,1145,1974.0
1637174702,1,GET,/auth/login/,0.000000,0.000000,0,0,0,0,0,0,0,0,0,0,0,1,0,597,597.0,597,597,2961.0
1637174702,1,POST,/auth/login/,0.100000,0.000000,200,200,200,200,200,200,200,200,200,200,200,59,0,390,540.1355932203389,160,1812,10333.186440677966
1637174702,1,GET,/auth/logout/,0.100000,0.000000,100,100,100,100,100,100,100,100,100,100,100,58,0,130,153.82758620689654,8,506,1712.0
1637174702,1,POST,/auth/modify-friend/,0.400000,0.000000,140,190,200,200,250,250,250,250,250,250,250,234,0,230,279.35897435897436,74,1132,1713.0
1637174702,1,GET,/public/,0.400000,0.000000,200,240,240,240,240,240,240,240,240,240,240,235,0,270,338.20425531914896,109,1344,10187.787234042553
1637174702,1,,Aggregated,4.400000,0.000000,160,180,200,240,250,380,600,600,600,600,600,1522,0,250,323.8843626806833,8,2059,6016.863337713535
1637174703,1,GET,/,2.200000,0.000000,160,220,220,250,280,380,380,380,380,380,380,407,0,290,358.5110565110565,111,1677,10158.415233415233
1637174703,1,POST,/,0.300000,0.000000,550,550,600,600,600,600,600,600,600,600,600,60,0,730,847.0833333333334,296,2059,10015.833333333334
1637174703,1,GET,/auth/find-friends/,1.000000,0.000000,110,150,160,160,170,170,170,170,170,170,170,474,0,180,233.09071729957805,54,1145,1974.0
1637174703,1,GET,/auth/login/,0.000000,0.000000,0,0,0,0,0,0,0,0,0,0,0,1,0,597,597.0,597,597,2961.0
1637174703,1,POST,/auth/login/,0.100000,0.000000,200,200,200,200,200,200,200,200,200,200,200,59,0,390,540.1355932203389,160,1812,10333.186440677966
1637174703,1,GET,/auth/logout/,0.100000,0.000000,100,100,100,100,100,100,100,100,100,100,100,58,0,130,153.82758620689654,8,506,1712.0
1637174703,1,POST,/auth/modify-friend/,0.500000,0.000000,130,140,190,200,250,250,250,250,250,250,250,236,0,230,277.6694915254237,74,1132,1713.0
1637174703,1,GET,/public/,0.500000,0.000000,170,200,240,240,240,240,240,240,240,240,240,237,0,270,336.47679324894517,109,1344,10188.35864978903
1637174703,1,,Aggregated,4.700000,0.000000,150,160,190,220,250,380,480,600,600,600,600,1532,0,250,322.3798955613577,8,2059,6006.478459530026
1637174704,1,GET,/,1.900000,0.000000,160,220,250,250,280,380,380,380,380,380,380,407,0,290,358.5110565110565,111,1677,10158.415233415233
1637174704,1,POST,/,0.200000,0.000000,600,600,600,600,600,600,600,600,600,600,600,60,0,730,847.0833333333334,296,2059,10015.833333333334
1637174704,1,GET,/auth/find-friends/,1.300000,0.000000,120,150,160,160,170,170,170,170,170,170,170,476,0,180,232.5441176470588,54,1145,1974.0
1637174704,1,GET,/auth/login/,0.000000,0.000000,0,0,0,0,0,0,0,0,0,0,0,1,0,597,597.0,597,597,2961.0
1637174704,1,POST,/auth/login/,0.100000,0.000000,200,200,200,200,200,200,200,200,200,200,200,59,0,390,540.1355932203389,160,1812,10333.186440677966
1637174704,1,GET,/auth/logout/,0.100000,0.000000,100,100,100,100,100,100,100,100,100,100,100,58,0,130,153.82758620689654,8,506,1712.0
1637174704,1,POST,/auth/modify-friend/,0.600000,0.000000,130,180,190,190,200,250,250,250,250,250,250,238,0,230,276.4495798319328,74,1132,1713.0
1637174704,1,GET,/public/,0.700000,0.000000,160,170,240,240,240,240,240,240,240,240,240,238,0,270,335.69747899159665,109,1344,10188.693277310924
1637174704,1,,Aggregated,4.900000,0.000000,160,170,190,220,250,380,480,600,600,600,600,1537,0,250,321.7358490566038,8,2059,5998.417046193884
1637174705,1,GET,/,1.600000,0.000000,170,220,250,250,380,450,450,450,450,450,450,408,0,290,358.7450980392157,111,1677,10160.063725490196
1637174705,1,POST,/,0.200000,0.000000,600,600,600,600,600,600,600,600,600,600,600,60,0,730,847.0833333333334,296,2059,10015.833333333334
1637174705,1,GET,/auth/find-friends/,1.800000,0.000000,130,150,160,160,170,170,170,170,170,170,170,478,0,180,232.2405857740586,54,1145,1974.0
1637174705,1,GET,/auth/login/,0.000000,0.000000,0,0,0,0,0,0,0,0,0,0,0,1,0,597,597.0,597,597,2961.0
1637174705,1,POST,/auth/login/,0.100000,0.000000,200,200,200,200,200,200,200,200,200,200,200,59,0,390,540.1355932203389,160,1812,10333.186440677966
1637174705,1,GET,/auth/logout/,0.000000,0.000000,100,100,100,100,100,100,100,100,100,100,100,58,0,130,153.82758620689654,8,506,1712.0
1637174705,1,POST,/auth/modify-friend/,0.800000,0.000000,180,180,190,200,250,250,250,250,250,250,250,239,0,230,276.0418410041841,74,1132,1713.0
1637174705,1,GET,/public/,0.900000,0.000000,170,240,240,240,410,410,410,410,410,410,410,239,0,270,336.0083682008368,109,1344,10190.301255230126
1637174705,1,,Aggregated,5.400000,0.000000,160,170,220,240,250,450,480,600,600,600,600,1542,0,250,321.5765239948119,8,2059,5996.518806744488
1637174706,1,GET,/,1.700000,0.000000,220,220,250,250,380,450,450,450,450,450,450,409,0,290,358.3398533007335,111,1677,10161.317848410758
1637174706,1,POST,/,0.200000,0.000000,600,600,600,600,600,600,600,600,600,600,600,60,0,730,847.0833333333334,296,2059,10015.833333333334
1637174706,1,GET,/auth/find-friends/,2.100000,0.000000,130,150,160,170,170,170,170,170,170,170,170,480,0,180,231.85833333333332,54,1145,1974.0
1637174706,1,GET,/auth/login/,0.000000,0.000000,0,0,0,0,0,0,0,0,0,0,0,1,0,597,597.0,597,597,2961.0
1637174706,1,POST,/auth/login/,0.000000,0.000000,200,200,200,200,200,200,200,200,200,200,200,59,0,390,540.1355932203389,160,1812,10333.186440677966
1637174706,1,GET,/auth/logout/,0.000000,0.000000,100,100,100,100,100,100,100,100,100,100,100,58,0,130,153.82758620689654,8,506,1712.0
1637174706,1,POST,/auth/modify-friend/,1.000000,0.000000,140,180,190,190,200,250,250,250,250,250,250,240,0,220,275.45416666666665,74,1132,1713.0
1637174706,1,GET,/public/,1.000000,0.000000,240,240,240,250,410,410,410,410,410,410,410,240,0,270,335.65416666666664,109,1344,10191.341666666667
1637174706,1,,Aggregated,6.000000,0.000000,160,170,220,240,250,450,480,600,600,600,600,1547,0,250,321.09308338720103,8,2059,5994.444731738849
1637174707,1,GET,/,1.700000,0.000000,220,220,250,250,380,450,450,450,450,450,450,411,0,290,357.6155717761557,111,1677,10163.754257907543
1637174707,1,POST,/,0.200000,0.000000,480,480,600,600,600,600,600,600,600,600,600,61,0,730,839.8688524590164,296,2059,10025.524590163934
1637174707,1,GET,/auth/find-friends/,1.800000,0.000000,120,150,160,170,170,170,170,170,170,170,170,480,0,180,231.85833333333332,54,1145,1974.0
1637174707,1,GET,/auth/login/,0.000000,0.000000,0,0,0,0,0,0,0,0,0,0,0,1,0,597,597.0,597,597,2961.0
1637174707,1,POST,/auth/login/,0.000000,0.000000,200,200,200,200,200,200,200,200,200,200,200,59,0,390,540.1355932203389,160,1812,10333.186440677966
1637174707,1,GET,/auth/logout/,0.000000,0.000000,100,100,100,100,100,100,100,100,100,100,100,59,0,130,151.35593220338984,8,506,1712.0
1637174707,1,POST,/auth/modify-friend/,0.900000,0.000000,140,180,180,200,250,250,250,250,250,250,250,240,0,220,275.45416666666665,74,1132,1713.0
1637174707,1,GET,/public/,0.900000,0.000000,240,240,240,250,410,410,410,410,410,410,410,240,0,270,335.65416666666664,109,1344,10191.341666666667
1637174707,1,,Aggregated,5.500000,0.000000,160,170,200,230,250,410,450,480,480,480,480,1551,0,250,320.8027079303675,8,2059,6000.67633784655
1637174708,1,GET,/,1.300000,0.000000,190,220,230,380,450,450,450,450,450,450,450,411,0,290,357.6155717761557,111,1677,10163.754257907543
1637174708,1,POST,/,0.200000,0.000000,480,480,480,480,480,480,480,480,480,480,480,61,0,730,839.8688524590164,296,2059,10025.524590163934
1637174708,1,GET,/auth/find-friends/,1.800000,0.000000,120,150,160,170,170,170,170,170,170,170,170,480,0,180,231.85833333333332,54,1145,1974.0
1637174708,1,GET,/auth/login/,0.000000,0.000000,0,0,0,0,0,0,0,0,0,0,0,1,0,597,597.0,597,597,2961.0
1637174708,1,POST,/auth/login/,0.000000,0.000000,270,270,270,270,270,270,270,270,270,270,270,60,0,380,535.65,160,1812,10333.8
1637174708,1,GET,/auth/logout/,0.000000,0.000000,100,100,100,100,100,100,100,100,100,100,100,59,0,130,151.35593220338984,8,506,1712.0
1637174708,1,POST,/auth/modify-friend/,1.000000,0.000000,140,180,180,200,250,250,250,250,250,250,250,240,0,220,275.45416666666665,74,1132,1713.0
1637174708,1,GET,/public/,1.000000,0.000000,170,240,240,250,410,410,410,410,410,410,410,240,0,270,335.65416666666664,109,1344,10191.341666666667
1637174708,1,,Aggregated,5.300000,0.000000,160,170,190,230,380,410,480,480,480,480,480,1552,0,250,320.77061855670104,8,2059,6003.49162371134
1637174709,1,GET,/,1.300000,0.000000,190,220,230,230,450,450,450,450,450,450,450,414,0,290,356.30434782608694,111,1677,10166.618357487923
1637174709,1,POST,/,0.200000,0.000000,480,480,480,480,480,480,480,480,480,480,480,61,0,730,839.8688524590164,296,2059,10025.524590163934
1637174709,1,GET,/auth/find-friends/,2.000000,0.000000,120,150,160,170,170,170,170,170,170,170,170,482,0,180,231.45850622406638,54,1145,1974.0
1637174709,1,GET,/auth/login/,0.000000,0.000000,0,0,0,0,0,0,0,0,0,0,0,1,0,597,597.0,597,597,2961.0
1637174709,1,POST,/auth/login/,0.000000,0.000000,270,270,270,270,270,270,270,270,270,270,270,60,0,380,535.65,160,1812,10333.8
1637174709,1,GET,/auth/logout/,0.000000,0.000000,8,8,8,8,8,8,8,8,8,8,8,59,0,130,151.35593220338984,8,506,1712.0
1637174709,1,POST,/auth/modify-friend/,1.000000,0.000000,140,140,180,180,200,200,200,200,200,200,200,241,0,220,274.62655601659753,74,1132,1713.0
1637174709,1,GET,/public/,1.000000,0.000000,170,240,240,250,410,410,410,410,410,410,410,241,0,270,334.9253112033195,109,1344,10191.257261410788
1637174709,1,,Aggregated,5.500000,0.000000,150,170,180,200,240,410,410,450,450,450,450,1559,0,250,319.9955099422707,8,2059,6007.009621552277
1637174710,1,GET,/,1.200000,0.000000,190,220,230,230,230,450,450,450,450,450,450,415,0,290,355.74939759036147,111,1677,10167.684337349398
1637174710,1,POST,/,0.200000,0.000000,480,480,480,480,480,480,480,480,480,480,480,61,0,730,839.8688524590164,296,2059,10025.524590163934
1637174710,1,GET,/auth/find-friends/,1.900000,0.000000,110,130,150,160,170,170,170,170,170,170,170,486,0,180,230.01440329218107,54,1145,1974.0
1637174710,1,GET,/auth/login/,0.000000,0.000000,0,0,0,0,0,0,0,0,0,0,0,1,0,597,597.0,597,597,2961.0
1637174710,1,POST,/auth/login/,0.000000,0.000000,270,270,270,270,270,270,270,270,270,270,270,60,0,380,535.65,160,1812,10333.8
1637174710,1,GET,/auth/logout/,0.100000,0.000000,8,8,8,8,8,8,8,8,8,8,8,60,0,120,148.96666666666667,8,506,1712.0
1637174710,1,POST,/auth/modify-friend/,1.000000,0.000000,85,140,180,180,180,200,200,200,200,200,200,243,0,220,272.98765432098764,74,1132,1713.0
1637174710,1,GET,/public/,0.900000,0.000000,160,240,240,240,250,410,410,410,410,410,410,243,0,260,333.18518518518516,109,1344,10192.098765432098
1637174710,1,,Aggregated,5.300000,0.000000,140,160,170,190,240,410,410,450,450,450,450,1569,0,240,318.4378585086042,8,2059,5996.91395793499
1637174711,1,GET,/,1.200000,0.000000,190,190,230,230,450,450,450,450,450,450,450,415,0,290,355.74939759036147,111,1677,10167.684337349398
1637174711,1,POST,/,0.200000,0.000000,480,480,480,480,480,480,480,480,480,480,480,61,0,730,839.8688524590164,296,2059,10025.524590163934
1637174711,1,GET,/auth/find-friends/,1.800000,0.000000,98,130,150,160,170,170,170,170,170,170,170,486,0,180,230.01440329218107,54,1145,1974.0
1637174711,1,GET,/auth/login/,0.000000,0.000000,0,0,0,0,0,0,0,0,0,0,0,1,0,597,597.0,597,597,2961.0
1637174711,1,POST,/auth/login/,0.100000,0.000000,270,270,270,270,270,270,270,270,270,270,270,61,0,380,530.4590163934427,160,1812,10336.540983606557
1637174711,1,GET,/auth/logout/,0.100000,0.000000,8,8,8,8,8,8,8,8,8,8,8,60,0,120,148.96666666666667,8,506,1712.0
1637174711,1,POST,/auth/modify-friend/,0.900000,0.000000,85,140,140,180,180,180,180,180,180,180,180,243,0,220,272.98765432098764,74,1132,1713.0
1637174711,1,GET,/public/,0.900000,0.000000,150,160,240,250,410,410,410,410,410,410,410,243,0,260,333.18518518518516,109,1344,10192.098765432098
1637174711,1,,Aggregated,5.200000,0.000000,140,160,180,190,240,410,410,450,450,450,450,1570,0,240,318.3745222929936,8,2059,5999.782802547771
1637174712,1,GET,/,1.200000,0.000000,190,190,230,230,450,450,450,450,450,450,450,415,0,290,355.74939759036147,111,1677,10167.684337349398
1637174712,1,POST,/,0.200000,0.000000,480,480,480,480,480,480,480,480,480,480,480,61,0,730,839.8688524590164,296,2059,10025.524590163934
1637174712,1,GET,/auth/find-friends/,1.800000,0.000000,110,150,150,160,170,170,170,170,170,170,170,486,0,180,230.01440329218107,54,1145,1974.0
1637174712,1,GET,/auth/login/,0.000000,0.000000,0,0,0,0,0,0,0,0,0,0,0,1,0,597,597.0,597,597,2961.0
1637174712,1,POST,/auth/login/,0.100000,0.000000,270,270,270,270,270,270,270,270,270,270,270,61,0,380,530.4590163934427,160,1812,10336.540983606557
1637174712,1,GET,/auth/logout/,0.100000,0.000000,8,8,73,73,73,73,73,73,73,73,73,61,0,120,147.72131147540983,8,506,1712.0
1637174712,1,POST,/auth/modify-friend/,0.900000,0.000000,85,140,180,180,180,180,180,180,180,180,180,243,0,220,272.98765432098764,74,1132,1713.0
1637174712,1,GET,/public/,0.900000,0.000000,150,160,250,250,410,410,410,410,410,410,410,243,0,260,333.18518518518516,109,1344,10192.098765432098
1637174712,1,,Aggregated,5.200000,0.000000,140,160,180,190,250,410,450,450,450,450,450,1571,0,240,318.2183322724379,8,2059,5997.053469127944
1637174713,1,GET,/,0.900000,0.000000,190,230,230,230,450,450,450,450,450,450,450,416,0,290,355.4423076923077,111,1677,10168.759615384615
1637174713,1,POST,/,0.100000,0.000000,410,410,410,410,410,410,410,410,410,410,410,61,0,730,839.8688524590164,296,2059,10025.524590163934
1637174713,1,GET,/auth/find-friends/,2.200000,0.000000,110,150,160,160,170,170,170,170,170,170,170,486,0,180,230.01440329218107,54,1145,1974.0
1637174713,1,GET,/auth/login/,0.000000,0.000000,0,0,0,0,0,0,0,0,0,0,0,1,0,597,597.0,597,597,2961.0
1637174713,1,POST,/auth/login/,0.100000,0.000000,270,270,360,360,360,360,360,360,360,360,360,62,0,370,527.7903225806451,160,1812,10340.758064516129
1637174713,1,GET,/auth/logout/,0.200000,0.000000,8,8,73,73,73,73,73,73,73,73,73,61,0,120,147.72131147540983,8,506,1712.0
1637174713,1,POST,/auth/modify-friend/,1.100000,0.000000,140,140,180,180,180,180,180,180,180,180,180,243,0,220,272.98765432098764,74,1132,1713.0
1637174713,1,GET,/public/,1.100000,0.000000,150,160,250,250,410,410,410,410,410,410,410,243,0,260,333.18518518518516,109,1344,10192.098765432098
1637174713,1,,Aggregated,5.700000,0.000000,160,180,220,230,360,410,450,450,450,450,450,1573,0,240,318.19071837253654,8,2059,6002.914176732358
1637174714,1,GET,/,0.900000,0.000000,190,230,230,230,450,450,450,450,450,450,450,417,0,290,354.99520383693044,111,1677,10169.623501199041
1637174714,1,POST,/,0.100000,0.000000,450,450,450,450,450,450,450,450,450,450,450,62,0,720,833.6290322580645,296,2059,10033.467741935483
1637174714,1,GET,/auth/find-friends/,1.900000,0.000000,130,150,170,170,170,280,280,280,280,280,280,488,0,180,229.90983606557376,54,1145,1974.0
1637174714,1,GET,/auth/login/,0.000000,0.000000,0,0,0,0,0,0,0,0,0,0,0,1,0,597,597.0,597,597,2961.0
1637174714,1,POST,/auth/login/,0.200000,0.000000,270,270,360,360,360,360,360,360,360,360,360,62,0,370,527.7903225806451,160,1812,10340.758064516129
1637174714,1,GET,/auth/logout/,0.300000,0.000000,8,8,73,73,73,73,73,73,73,73,73,61,0,120,147.72131147540983,8,506,1712.0
1637174714,1,POST,/auth/modify-friend/,1.000000,0.000000,130,130,140,140,180,180,180,180,180,180,180,244,0,220,272.38524590163934,74,1132,1713.0
1637174714,1,GET,/public/,0.900000,0.000000,180,180,250,250,410,410,410,410,410,410,410,244,0,260,332.57377049180326,109,1344,10192.348360655738
1637174714,1,,Aggregated,5.300000,0.000000,160,180,220,230,280,410,450,450,450,450,450,1579,0,240,317.8309056364788,8,2059,6003.511716276124
1637174715,1,GET,/,0.900000,0.000000,190,200,220,230,230,230,230,230,230,230,230,422,0,290,352.9739336492891,111,1677,10171.118483412321
1637174715,1,POST,/,0.100000,0.000000,450,450,450,450,450,450,450,450,450,450,450,62,0,720,833.6290322580645,296,2059,10033.467741935483
1637174715,1,GET,/auth/find-friends/,1.400000,0.000000,110,130,160,170,280,280,280,280,280,280,280,488,0,180,229.90983606557376,54,1145,1974.0
1637174715,1,GET,/auth/login/,0.000000,0.000000,0,0,0,0,0,0,0,0,0,0,0,1,0,597,597.0,597,597,2961.0
1637174715,1,POST,/auth/login/,0.200000,0.000000,270,270,360,360,360,360,360,360,360,360,360,62,0,370,527.7903225806451,160,1812,10340.758064516129
1637174715,1,GET,/auth/logout/,0.300000,0.000000,8,8,73,73,73,73,73,73,73,73,73,61,0,120,147.72131147540983,8,506,1712.0
1637174715,1,POST,/auth/modify-friend/,0.800000,0.000000,76,130,130,140,140,140,140,140,140,140,140,244,0,220,272.38524590163934,74,1132,1713.0
1637174715,1,GET,/public/,0.700000,0.000000,180,180,250,250,410,410,410,410,410,410,410,244,0,260,332.57377049180326,109,1344,10192.348360655738
1637174715,1,,Aggregated,4.400000,0.000000,160,180,200,220,270,360,450,450,450,450,450,1584,0,240,317.40972222222223,8,2059,6017.060606060606
1637174716,1,GET,/,1.000000,0.000000,180,190,220,220,230,230,230,230,230,230,230,422,0,290,352.9739336492891,111,1677,10171.118483412321
1637174716,1,POST,/,0.200000,0.000000,450,450,450,450,450,450,450,450,450,450,450,62,0,720,833.6290322580645,296,2059,10033.467741935483
1637174716,1,GET,/auth/find-friends/,1.100000,0.000000,110,120,130,160,170,280,280,280,280,280,280,492,0,180,228.8861788617886,54,1145,1974.0
1637174716,1,GET,/auth/login/,0.000000,0.000000,0,0,0,0,0,0,0,0,0,0,0,1,0,597,597.0,597,597,2961.0
1637174716,1,POST,/auth/login/,0.300000,0.000000,270,270,360,360,360,360,360,360,360,360,360,62,0,370,527.7903225806451,160,1812,10340.758064516129
1637174716,1,GET,/auth/logout/,0.300000,0.000000,8,8,73,73,73,73,73,73,73,73,73,61,0,120,147.72131147540983,8,506,1712.0
1637174716,1,POST,/auth/modify-friend/,0.600000,0.000000,130,130,140,140,220,220,220,220,220,220,220,245,0,220,272.1877551020408,74,1132,1713.0
1637174716,1,GET,/public/,0.500000,0.000000,210,220,250,250,410,410,410,410,410,410,410,246,0,260,331.6422764227642,109,1344,10191.703252032521
1637174716,1,,Aggregated,4.000000,0.000000,160,180,220,220,270,360,450,450,450,450,450,1591,0,240,316.6895034569453,8,2059,6009.339409176619
1637174717,1,GET,/,1.000000,0.000000,170,200,220,220,230,230,230,230,230,230,230,422,0,290,352.9739336492891,111,1677,10171.118483412321
1637174717,1,POST,/,0.200000,0.000000,450,450,450,450,450,450,450,450,450,450,450,62,0,720,833.6290322580645,296,2059,10033.467741935483
1637174717,1,GET,/auth/find-friends/,1.200000,0.000000,110,110,130,130,160,280,280,280,280,280,280,492,0,180,228.8861788617886,54,1145,1974.0
1637174717,1,GET,/auth/login/,0.000000,0.000000,0,0,0,0,0,0,0,0,0,0,0,1,0,597,597.0,597,597,2961.0
1637174717,1,POST,/auth/login/,0.300000,0.000000,270,270,360,360,360,360,360,360,360,360,360,62,0,370,527.7903225806451,160,1812,10340.758064516129
1637174717,1,GET,/auth/logout/,0.300000,0.000000,73,73,270,270,270,270,270,270,270,270,270,62,0,120,149.7258064516129,8,506,1712.0
1637174717,1,POST,/auth/modify-friend/,0.600000,0.000000,130,130,150,150,220,220,220,220,220,220,220,246,0,220,271.7032520325203,74,1132,1713.0
1637174717,1,GET,/public/,0.600000,0.000000,180,180,210,210,220,220,220,220,220,220,220,246,0,260,331.6422764227642,109,1344,10191.703252032521
1637174717,1,,Aggregated,4.200000,0.000000,160,180,220,220,270,280,450,450,450,450,450,1593,0,240,316.5586942875078,8,2059,6003.94475831764
1637174718,1,GET,/,1.400000,0.000000,170,180,200,220,230,230,230,230,230,230,230,422,0,290,352.9739336492891,111,1677,10171.118483412321
1637174718,1,POST,/,0.200000,0.000000,450,450,450,450,450,450,450,450,450,450,450,62,0,720,833.6290322580645,296,2059,10033.467741935483
1637174718,1,GET,/auth/find-friends/,1.100000,0.000000,110,120,130,160,160,280,280,280,280,280,280,493,0,180,228.74645030425964,54,1145,1974.0
1637174718,1,GET,/auth/login/,0.000000,0.000000,0,0,0,0,0,0,0,0,0,0,0,1,0,597,597.0,597,597,2961.0
1637174718,1,POST,/auth/login/,0.300000,0.000000,270,270,360,360,360,360,360,360,360,360,360,63,0,370,521.8412698412699,153,1812,10340.126984126984
1637174718,1,GET,/auth/logout/,0.300000,0.000000,73,73,270,270,270,270,270,270,270,270,270,62,0,120,149.7258064516129,8,506,1712.0
1637174718,1,POST,/auth/modify-friend/,0.500000,0.000000,130,130,150,150,220,220,220,220,220,220,220,246,0,220,271.7032520325203,74,1132,1713.0
1637174718,1,GET,/public/,0.500000,0.000000,160,180,210,210,220,220,220,220,220,220,220,247,0,260,330.85425101214577,109,1344,10191.372469635628
1637174718,1,,Aggregated,4.300000,0.000000,150,160,200,220,230,280,450,450,450,450,450,1596,0,240,316.2456140350877,8,2059,6006.684837092732
1637174719,1,GET,/,1.200000,0.000000,180,200,220,220,230,230,230,230,230,230,230,422,0,290,352.9739336492891,111,1677,10171.118483412321
1637174719,1,POST,/,0.200000,0.000000,450,450,450,450,450,450,450,450,450,450,450,62,0,720,833.6290322580645,296,2059,10033.467741935483
1637174719,1,GET,/auth/find-friends/,1.200000,0.000000,120,130,160,160,280,280,280,280,280,280,280,494,0,180,228.6093117408907,54,1145,1974.0
1637174719,1,GET,/auth/login/,0.000000,0.000000,0,0,0,0,0,0,0,0,0,0,0,1,0,597,597.0,597,597,2961.0
1637174719,1,POST,/auth/login/,0.300000,0.000000,220,220,360,360,360,360,360,360,360,360,360,63,0,370,521.8412698412699,153,1812,10340.126984126984
1637174719,1,GET,/auth/logout/,0.300000,0.000000,120,120,270,270,270,270,270,270,270,270,270,63,0,120,149.1904761904762,8,506,1712.0
1637174719,1,POST,/auth/modify-friend/,0.600000,0.000000,150,180,180,220,220,220,220,220,220,220,220,247,0,220,271.33603238866397,74,1132,1713.0
1637174719,1,GET,/public/,0.600000,0.000000,180,210,210,220,220,220,220,220,220,220,220,247,0,260,330.85425101214577,109,1344,10191.372469635628
1637174719,1,,Aggregated,4.400000,0.000000,160,180,220,220,270,360,450,450,450,450,450,1599,0,240,315.93871169480923,8,2059,5998.791744840525
1637174720,1,GET,/,1.100000,0.000000,180,200,220,220,230,230,230,230,230,230,230,422,0,290,352.9739336492891,111,1677,10171.118483412321
1637174720,1,POST,/,0.100000,0.000000,450,450,450,450,450,450,450,450,450,450,450,62,0,720,833.6290322580645,296,2059,10033.467741935483
1637174720,1,GET,/auth/find-friends/,1.200000,0.000000,120,130,160,160,280,280,280,280,280,280,280,494,0,180,228.6093117408907,54,1145,1974.0
1637174720,1,GET,/auth/login/,0.000000,0.000000,0,0,0,0,0,0,0,0,0,0,0,1,0,597,597.0,597,597,2961.0
1637174720,1,POST,/auth/login/,0.300000,0.000000,290,290,360,360,360,360,360,360,360,360,360,64,0,370,518.171875,153,1812,10341.921875
1637174720,1,GET,/auth/logout/,0.300000,0.000000,120,120,270,270,270,270,270,270,270,270,270,63,0,120,149.1904761904762,8,506,1712.0
1637174720,1,POST,/auth/modify-friend/,0.600000,0.000000,150,180,180,220,220,220,220,220,220,220,220,247,0,220,271.33603238866397,74,1132,1713.0
1637174720,1,GET,/public/,0.600000,0.000000,210,210,220,220,340,340,340,340,340,340,340,248,0,260,330.883064516129,109,1344,10192.245967741936
1637174720,1,,Aggregated,4.200000,0.000000,180,220,220,230,290,360,450,450,450,450,450,1601,0,240,315.93441599000624,8,2059,6004.329169269206
1637174721,1,GET,/,0.900000,0.000000,180,200,220,230,230,230,230,230,230,230,230,424,0,290,352.1367924528302,111,1677,10173.176886792453
1637174721,1,POST,/,0.100000,0.000000,450,450,450,450,450,450,450,450,450,450,450,63,0,720,825.5714285714286,296,2059,10041.746031746032
1637174721,1,GET,/auth/find-friends/,1.400000,0.000000,110,120,160,160,160,280,280,280,280,280,280,496,0,170,228.07459677419354,54,1145,1974.0
1637174721,1,GET,/auth/login/,0.000000,0.000000,0,0,0,0,0,0,0,0,0,0,0,1,0,597,597.0,597,597,2961.0
1637174721,1,POST,/auth/login/,0.300000,0.000000,290,290,360,360,360,360,360,360,360,360,360,64,0,370,518.171875,153,1812,10341.921875
1637174721,1,GET,/auth/logout/,0.300000,0.000000,120,120,270,270,270,270,270,270,270,270,270,63,0,120,149.1904761904762,8,506,1712.0
1637174721,1,POST,/auth/modify-friend/,0.700000,0.000000,150,150,180,180,220,220,220,220,220,220,220,248,0,220,270.84274193548384,74,1132,1713.0
1637174721,1,GET,/public/,0.700000,0.000000,210,210,220,220,340,340,340,340,340,340,340,248,0,260,330.883064516129,109,1344,10192.245967741936
1637174721,1,,Aggregated,4.400000,0.000000,170,220,220,230,330,360,450,450,450,450,450,1607,0,240,315.3883011823273,8,2059,6005.2034847542
1637174722,1,GET,/,0.800000,0.000000,170,180,220,220,230,230,230,230,230,230,230,427,0,290,350.5503512880562,111,1677,10176.899297423888
1637174722,1,POST,/,0.100000,0.000000,450,450,450,450,450,450,450,450,450,450,450,63,0,720,825.5714285714286,296,2059,10041.746031746032
1637174722,1,GET,/auth/find-friends/,1.000000,0.000000,110,120,160,160,160,280,280,280,280,280,280,498,0,170,227.39558232931728,54,1145,1974.0
1637174722,1,GET,/auth/login/,0.000000,0.000000,0,0,0,0,0,0,0,0,0,0,0,1,0,597,597.0,597,597,2961.0
1637174722,1,POST,/auth/login/,0.300000,0.000000,290,290,360,360,360,360,360,360,360,360,360,64,0,370,518.171875,153,1812,10341.921875
1637174722,1,GET,/auth/logout/,0.400000,0.000000,120,120,270,270,270,270,270,270,270,270,270,64,0,120,148.640625,8,506,1712.0
1637174722,1,POST,/auth/modify-friend/,0.500000,0.000000,150,150,180,180,220,220,220,220,220,220,220,249,0,220,270.06024096385545,74,1132,1713.0
1637174722,1,GET,/public/,0.500000,0.000000,210,210,220,220,340,340,340,340,340,340,340,249,0,260,330.0281124497992,109,1344,10192.91967871486
1637174722,1,,Aggregated,3.600000,0.000000,160,180,220,230,290,340,450,450,450,450,450,1615,0,240,314.32445820433435,8,2059,6006.31826625387
1637174723,1,GET,/,0.800000,0.000000,160,180,200,220,230,230,230,230,230,230,230,427,0,290,350.5503512880562,111,1677,10176.899297423888
1637174723,1,POST,/,0.100000,0.000000,450,450,450,450,450,450,450,450,450,450,450,63,0,720,825.5714285714286,296,2059,10041.746031746032
1637174723,1,GET,/auth/find-friends/,1.000000,0.000000,110,120,160,160,160,280,280,280,280,280,280,498,0,170,227.39558232931728,54,1145,1974.0
1637174723,1,GET,/auth/login/,0.000000,0.000000,0,0,0,0,0,0,0,0,0,0,0,1,0,597,597.0,597,597,2961.0
1637174723,1,POST,/auth/login/,0.300000,0.000000,290,290,360,360,360,360,360,360,360,360,360,64,0,370,518.171875,153,1812,10341.921875
1637174723,1,GET,/auth/logout/,0.400000,0.000000,120,120,270,270,270,270,270,270,270,270,270,64,0,120,148.640625,8,506,1712.0
1637174723,1,POST,/auth/modify-friend/,0.500000,0.000000,150,150,180,180,220,220,220,220,220,220,220,249,0,220,270.06024096385545,74,1132,1713.0
1637174723,1,GET,/public/,0.500000,0.000000,210,210,220,220,340,340,340,340,340,340,340,249,0,260,330.0281124497992,109,1344,10192.91967871486
1637174723,1,,Aggregated,3.600000,0.000000,150,180,210,220,280,330,340,340,340,340,340,1615,0,240,314.32445820433435,8,2059,6006.31826625387
1637174724,1,GET,/,0.900000,0.000000,160,200,220,220,220,230,230,230,230,230,230,429,0,280,349.85547785547783,111,1677,10178.69696969697
1637174724,1,POST,/,0.200000,0.000000,450,450,450,450,450,450,450,450,450,450,450,63,0,720,825.5714285714286,296,2059,10041.746031746032
1637174724,1,GET,/auth/find-friends/,1.200000,0.000000,110,120,160,160,160,180,180,180,180,180,180,500,0,170,227.084,54,1145,1974.0
1637174724,1,GET,/auth/login/,0.000000,0.000000,0,0,0,0,0,0,0,0,0,0,0,1,0,597,597.0,597,597,2961.0
1637174724,1,POST,/auth/login/,0.300000,0.000000,290,290,360,360,360,360,360,360,360,360,360,65,0,370,513.8923076923077,153,1812,10343.23076923077
1637174724,1,GET,/auth/logout/,0.200000,0.000000,120,120,270,270,270,270,270,270,270,270,270,64,0,120,148.640625,8,506,1712.0
1637174724,1,POST,/auth/modify-friend/,0.500000,0.000000,150,150,180,180,220,220,220,220,220,220,220,249,0,220,270.06024096385545,74,1132,1713.0
1637174724,1,GET,/public/,0.600000,0.000000,220,220,220,220,340,340,340,340,340,340,340,250,0,250,329.568,109,1344,10193.18
1637174724,1,,Aggregated,3.900000,0.000000,150,180,220,220,240,290,340,340,340,340,340,1621,0,240,313.87476866132016,8,2059,6012.314620604565
1637174725,1,GET,/,1.200000,0.000000,160,200,220,220,220,230,230,230,230,230,230,429,0,280,349.85547785547783,111,1677,10178.69696969697
1637174725,1,POST,/,0.200000,0.000000,450,450,450,450,450,450,450,450,450,450,450,63,0,720,825.5714285714286,296,2059,10041.746031746032
1637174725,1,GET,/auth/find-friends/,1.200000,0.000000,110,120,150,160,160,180,180,180,180,180,180,502,0,170,226.67131474103584,54,1145,1974.0
1637174725,1,GET,/auth/login/,0.000000,0.000000,0,0,0,0,0,0,0,0,0,0,0,1,0,597,597.0,597,597,2961.0
1637174725,1,POST,/auth/login/,0.300000,0.000000,240,240,290,290,290,290,290,290,290,290,290,65,0,370,513.8923076923077,153,1812,10343.23076923077
1637174725,1,GET,/auth/logout/,0.300000,0.000000,120,120,270,270,270,270,270,270,270,270,270,64,0,120,148.640625,8,506,1712.0
1637174725,1,POST,/auth/modify-friend/,0.600000,0.000000,150,150,180,180,220,220,220,220,220,220,220,251,0,220,268.9282868525896,74,1132,1713.0
1637174725,1,GET,/public/,0.600000,0.000000,200,220,220,220,340,340,340,340,340,340,340,252,0,250,328.4484126984127,109,1344,10192.559523809523
1637174725,1,,Aggregated,4.400000,0.000000,150,180,200,220,240,290,340,340,340,340,340,1627,0,240,313.2581438229871,8,2059,6007.108789182545
1637174726,1,GET,/,1.100000,0.000000,180,190,220,220,220,230,230,230,230,230,230,430,0,280,349.49302325581397,111,1677,10178.727906976745
1637174726,1,POST,/,0.100000,0.000000,450,450,450,450,450,450,450,450,450,450,450,63,0,720,825.5714285714286,296,2059,10041.746031746032
1637174726,1,GET,/auth/find-friends/,1.200000,0.000000,110,120,150,160,170,180,180,180,180,180,180,506,0,170,225.72332015810278,54,1145,1974.0
1637174726,1,GET,/auth/login/,0.000000,0.000000,0,0,0,0,0,0,0,0,0,0,0,1,0,597,597.0,597,597,2961.0
1637174726,1,POST,/auth/login/,0.300000,0.000000,240,240,290,290,290,290,290,290,290,290,290,65,0,370,513.8923076923077,153,1812,10343.23076923077
1637174726,1,GET,/auth/logout/,0.300000,0.000000,120,120,270,270,270,270,270,270,270,270,270,64,0,120,148.640625,8,506,1712.0
1637174726,1,POST,/auth/modify-friend/,0.600000,0.000000,130,150,150,180,220,220,220,220,220,220,220,253,0,220,267.6679841897233,74,1132,1713.0
1637174726,1,GET,/public/,0.600000,0.000000,200,220,220,220,340,340,340,340,340,340,340,253,0,250,327.70355731225294,109,1344,10191.197628458498
1637174726,1,,Aggregated,4.200000,0.000000,140,170,180,200,240,290,340,340,340,340,340,1635,0,240,312.3247706422018,8,2059,5996.897859327217
1637174727,1,GET,/,1.100000,0.000000,190,220,220,220,230,320,320,320,320,320,320,432,0,280,349.11574074074076,111,1677,10178.92824074074
1637174727,1,POST,/,0.100000,0.000000,400,400,400,400,400,400,400,400,400,400,400,64,0,700,818.859375,296,2059,10044.484375
1637174727,1,GET,/auth/find-friends/,1.200000,0.000000,110,150,160,160,170,180,180,180,180,180,180,506,0,170,225.72332015810278,54,1145,1974.0
1637174727,1,GET,/auth/login/,0.000000,0.000000,0,0,0,0,0,0,0,0,0,0,0,1,0,597,597.0,597,597,2961.0
1637174727,1,POST,/auth/login/,0.300000,0.000000,240,240,290,290,290,290,290,290,290,290,290,65,0,370,513.8923076923077,153,1812,10343.23076923077
1637174727,1,GET,/auth/logout/,0.300000,0.000000,120,120,270,270,270,270,270,270,270,270,270,64,0,120,148.640625,8,506,1712.0
1637174727,1,POST,/auth/modify-friend/,0.600000,0.000000,130,130,150,150,180,180,180,180,180,180,180,253,0,220,267.6679841897233,74,1132,1713.0
1637174727,1,GET,/public/,0.600000,0.000000,180,200,220,220,340,340,340,340,340,340,340,253,0,250,327.70355731225294,109,1344,10191.197628458498
1637174727,1,,Aggregated,4.200000,0.000000,150,180,190,220,290,330,400,400,400,400,400,1638,0,240,312.3217338217338,8,2059,6004.633089133089
1637174728,1,GET,/,0.700000,0.000000,190,220,220,230,320,320,320,320,320,320,320,432,0,280,349.11574074074076,111,1677,10178.92824074074
1637174728,1,POST,/,0.100000,0.000000,400,400,400,400,400,400,400,400,400,400,400,64,0,700,818.859375,296,2059,10044.484375
1637174728,1,GET,/auth/find-friends/,1.500000,0.000000,120,160,170,170,290,300,300,300,300,300,300,508,0,170,225.98622047244095,54,1145,1974.0
1637174728,1,GET,/auth/login/,0.000000,0.000000,0,0,0,0,0,0,0,0,0,0,0,1,0,597,597.0,597,597,2961.0
1637174728,1,POST,/auth/login/,0.300000,0.000000,240,240,290,290,290,290,290,290,290,290,290,65,0,370,513.8923076923077,153,1812,10343.23076923077
1637174728,1,GET,/auth/logout/,0.300000,0.000000,120,120,120,120,120,120,120,120,120,120,120,64,0,120,148.640625,8,506,1712.0
1637174728,1,POST,/auth/modify-friend/,0.700000,0.000000,130,150,180,180,190,190,190,190,190,190,190,254,0,220,267.37007874015745,74,1132,1713.0
1637174728,1,GET,/public/,0.700000,0.000000,200,220,330,330,340,340,340,340,340,340,340,254,0,250,327.7007874015748,109,1344,10190.850393700788
1637174728,1,,Aggregated,4.300000,0.000000,150,190,220,240,320,330,400,400,400,400,400,1642,0,240,312.2332521315469,8,2059,5999.605968331303
1637174729,1,GET,/,0.700000,0.000000,190,220,230,230,290,320,320,320,320,320,320,433,0,280,348.97228637413394,111,1677,10179.353348729792
1637174729,1,POST,/,0.100000,0.000000,400,400,400,400,400,400,400,400,400,400,400,64,0,700,818.859375,296,2059,10044.484375
1637174729,1,GET,/auth/find-friends/,1.500000,0.000000,110,150,170,180,290,300,300,300,300,300,300,508,0,170,225.98622047244095,54,1145,1974.0
1637174729,1,GET,/auth/login/,0.000000,0.000000,0,0,0,0,0,0,0,0,0,0,0,1,0,597,597.0,597,597,2961.0
1637174729,1,POST,/auth/login/,0.300000,0.000000,290,290,290,290,290,290,290,290,290,290,290,65,0,370,513.8923076923077,153,1812,10343.23076923077
1637174729,1,GET,/auth/logout/,0.300000,0.000000,120,120,120,120,120,120,120,120,120,120,120,64,0,120,148.640625,8,506,1712.0
1637174729,1,POST,/auth/modify-friend/,0.700000,0.000000,130,130,150,150,190,190,190,190,190,190,190,254,0,220,267.37007874015745,74,1132,1713.0
1637174729,1,GET,/public/,0.700000,0.000000,200,220,330,330,340,340,340,340,340,340,340,254,0,250,327.7007874015748,109,1344,10190.850393700788
1637174729,1,,Aggregated,4.300000,0.000000,150,200,230,290,320,330,400,400,400,400,400,1643,0,240,312.21789409616554,8,2059,6002.261716372489
1637174730,1,GET,/,1.000000,0.000000,220,220,260,260,290,320,320,320,320,320,320,434,0,280,348.7695852534562,111,1677,10180.066820276497
1637174730,1,POST,/,0.200000,0.000000,400,400,860,860,860,860,860,860,860,860,860,65,0,720,819.5076923076923,296,2059,10049.923076923076
1637174730,1,GET,/auth/find-friends/,1.400000,0.000000,120,150,180,180,290,300,300,300,300,300,300,508,0,170,225.98622047244095,54,1145,1974.0
1637174730,1,GET,/auth/login/,0.000000,0.000000,0,0,0,0,0,0,0,0,0,0,0,1,0,597,597.0,597,597,2961.0
1637174730,1,POST,/auth/login/,0.300000,0.000000,290,290,290,290,290,290,290,290,290,290,290,65,0,370,513.8923076923077,153,1812,10343.23076923077
1637174730,1,GET,/auth/logout/,0.200000,0.000000,110,110,110,110,110,110,110,110,110,110,110,65,0,120,147.56923076923076,8,506,1712.0
1637174730,1,POST,/auth/modify-friend/,0.700000,0.000000,130,130,150,150,190,190,190,190,190,190,190,254,0,220,267.37007874015745,74,1132,1713.0
1637174730,1,GET,/public/,0.800000,0.000000,200,200,220,220,330,330,330,330,330,330,330,254,0,250,327.7007874015748,109,1344,10190.850393700788
1637174730,1,,Aggregated,4.600000,0.000000,150,200,230,260,320,330,860,860,860,860,860,1646,0,240,312.37849331713244,8,2059,6005.051640340219
1637174731,1,GET,/,1.100000,0.000000,220,260,280,280,290,320,320,320,320,320,320,435,0,280,348.6183908045977,111,1677,10181.050574712644
1637174731,1,POST,/,0.200000,0.000000,400,400,860,860,860,860,860,860,860,860,860,65,0,720,819.5076923076923,296,2059,10049.923076923076
1637174731,1,GET,/auth/find-friends/,1.400000,0.000000,120,150,180,180,290,300,300,300,300,300,300,508,0,170,225.98622047244095,54,1145,1974.0
1637174731,1,GET,/auth/login/,0.000000,0.000000,0,0,0,0,0,0,0,0,0,0,0,1,0,597,597.0,597,597,2961.0
1637174731,1,POST,/auth/login/,0.200000,0.000000,240,240,240,240,240,240,240,240,240,240,240,66,0,360,509.5151515151515,153,1812,10346.242424242424
1637174731,1,GET,/auth/logout/,0.200000,0.000000,110,110,110,110,110,110,110,110,110,110,110,65,0,120,147.56923076923076,8,506,1712.0
1637174731,1,POST,/auth/modify-friend/,0.700000,0.000000,130,130,130,130,190,190,190,190,190,190,190,254,0,220,267.37007874015745,74,1132,1713.0
1637174731,1,GET,/public/,0.700000,0.000000,200,200,220,220,330,330,330,330,330,330,330,254,0,250,327.7007874015748,109,1344,10190.850393700788
1637174731,1,,Aggregated,4.500000,0.000000,180,220,240,280,320,400,860,860,860,860,860,1648,0,240,312.30764563106794,8,2059,6010.597694174758
1637174732,1,GET,/,1.100000,0.000000,240,260,280,290,320,320,320,320,320,320,320,436,0,280,348.3669724770642,111,1677,10182.071100917432
1637174732,1,POST,/,0.300000,0.000000,400,400,860,860,860,860,860,860,860,860,860,65,0,720,819.5076923076923,296,2059,10049.923076923076
1637174732,1,GET,/auth/find-friends/,1.400000,0.000000,170,180,240,240,290,300,300,300,300,300,300,510,0,170,226.01764705882354,54,1145,1974.0
1637174732,1,GET,/auth/login/,0.000000,0.000000,0,0,0,0,0,0,0,0,0,0,0,1,0,597,597.0,597,597,2961.0
1637174732,1,POST,/auth/login/,0.200000,0.000000,240,240,240,240,240,240,240,240,240,240,240,66,0,360,509.5151515151515,153,1812,10346.242424242424
1637174732,1,GET,/auth/logout/,0.100000,0.000000,110,110,110,110,110,110,110,110,110,110,110,65,0,120,147.56923076923076,8,506,1712.0
1637174732,1,POST,/auth/modify-friend/,0.700000,0.000000,130,130,130,130,190,190,190,190,190,190,190,254,0,220,267.37007874015745,74,1132,1713.0
1637174732,1,GET,/public/,0.700000,0.000000,220,220,260,260,330,330,330,330,330,330,330,255,0,250,327.4392156862745,109,1344,10191.423529411764
1637174732,1,,Aggregated,4.500000,0.000000,200,240,260,280,320,400,860,860,860,860,860,1652,0,240,312.13740920096853,8,2059,6011.123486682809
1637174733,1,GET,/,1.200000,0.000000,260,280,290,290,320,320,320,320,320,320,320,436,0,280,348.3669724770642,111,1677,10182.071100917432
1637174733,1,POST,/,0.300000,0.000000,400,400,860,860,860,860,860,860,860,860,860,65,0,720,819.5076923076923,296,2059,10049.923076923076
1637174733,1,GET,/auth/find-friends/,1.200000,0.000000,180,230,230,240,290,300,300,300,300,300,300,512,0,170,226.025390625,54,1145,1974.0
1637174733,1,GET,/auth/login/,0.000000,0.000000,0,0,0,0,0,0,0,0,0,0,0,1,0,597,597.0,597,597,2961.0
1637174733,1,POST,/auth/login/,0.100000,0.000000,240,240,240,240,240,240,240,240,240,240,240,66,0,360,509.5151515151515,153,1812,10346.242424242424
1637174733,1,GET,/auth/logout/,0.200000,0.000000,110,110,110,110,110,110,110,110,110,110,110,65,0,120,147.56923076923076,8,506,1712.0
1637174733,1,POST,/auth/modify-friend/,0.700000,0.000000,130,130,190,190,270,270,270,270,270,270,270,255,0,220,267.3921568627451,74,1132,1713.0
1637174733,1,GET,/public/,0.600000,0.000000,220,260,320,320,330,330,330,330,330,330,330,256,0,250,327.41015625,109,1344,10191.25390625
1637174733,1,,Aggregated,4.300000,0.000000,220,240,270,290,320,400,860,860,860,860,860,1656,0,240,312.0169082125604,8,2059,6006.150362318841
1637174734,1,GET,/,1.200000,0.000000,260,280,290,290,320,320,320,320,320,320,320,436,0,280,348.3669724770642,111,1677,10182.071100917432
1637174734,1,POST,/,0.200000,0.000000,860,860,860,860,860,860,860,860,860,860,860,65,0,720,819.5076923076923,296,2059,10049.923076923076
1637174734,1,GET,/auth/find-friends/,1.000000,0.000000,220,230,240,240,290,300,300,300,300,300,300,512,0,170,226.025390625,54,1145,1974.0
1637174734,1,GET,/auth/login/,0.000000,0.000000,0,0,0,0,0,0,0,0,0,0,0,1,0,597,597.0,597,597,2961.0
1637174734,1,POST,/auth/login/,0.200000,0.000000,240,240,240,240,240,240,240,240,240,240,240,66,0,360,509.5151515151515,153,1812,10346.242424242424
1637174734,1,GET,/auth/logout/,0.200000,0.000000,110,110,260,260,260,260,260,260,260,260,260,66,0,120,149.33333333333334,8,506,1712.0
1637174734,1,POST,/auth/modify-friend/,0.600000,0.000000,190,190,270,270,350,350,350,350,350,350,350,256,0,220,267.7109375,74,1132,1713.0
1637174734,1,GET,/public/,0.500000,0.000000,260,260,320,320,330,330,330,330,330,330,330,256,0,250,327.41015625,109,1344,10191.25390625
1637174734,1,,Aggregated,3.900000,0.000000,230,260,290,290,330,400,860,860,860,860,860,1658,0,240,312.0102533172497,8,2059,6000.971049457177
1637174735,1,GET,/,1.200000,0.000000,260,280,290,290,320,320,320,320,320,320,320,436,0,280,348.3669724770642,111,1677,10182.071100917432
1637174735,1,POST,/,0.200000,0.000000,860,860,860,860,860,860,860,860,860,860,860,65,0,720,819.5076923076923,296,2059,10049.923076923076
1637174735,1,GET,/auth/find-friends/,1.000000,0.000000,230,240,290,290,300,300,300,300,300,300,300,512,0,170,226.025390625,54,1145,1974.0
1637174735,1,GET,/auth/login/,0.000000,0.000000,0,0,0,0,0,0,0,0,0,0,0,1,0,597,597.0,597,597,2961.0
1637174735,1,POST,/auth/login/,0.200000,0.000000,240,240,240,240,240,240,240,240,240,240,240,66,0,360,509.5151515151515,153,1812,10346.242424242424
1637174735,1,GET,/auth/logout/,0.200000,0.000000,110,110,260,260,260,260,260,260,260,260,260,66,0,120,149.33333333333334,8,506,1712.0
1637174735,1,POST,/auth/modify-friend/,0.600000,0.000000,190,270,270,350,350,350,350,350,350,350,350,256,0,220,267.7109375,74,1132,1713.0
1637174735,1,GET,/public/,0.500000,0.000000,320,320,330,330,330,330,330,330,330,330,330,256,0,250,327.41015625,109,1344,10191.25390625
1637174735,1,,Aggregated,3.900000,0.000000,240,280,290,320,350,400,860,860,860,860,860,1658,0,240,312.0102533172497,8,2059,6000.971049457177
1637174736,1,GET,/,0.800000,0.000000,280,280,290,290,380,380,380,380,380,380,380,437,0,280,348.4393592677346,111,1677,10182.58581235698
1637174736,1,POST,/,0.200000,0.000000,860,860,860,860,860,860,860,860,860,860,860,65,0,720,819.5076923076923,296,2059,10049.923076923076
1637174736,1,GET,/auth/find-friends/,1.400000,0.000000,230,240,290,290,300,300,300,300,300,300,300,512,0,170,226.025390625,54,1145,1974.0
1637174736,1,GET,/auth/login/,0.000000,0.000000,0,0,0,0,0,0,0,0,0,0,0,1,0,597,597.0,597,597,2961.0
1637174736,1,POST,/auth/login/,0.100000,0.000000,240,240,790,790,790,790,790,790,790,790,790,67,0,370,513.7164179104477,153,1812,10346.522388059702
1637174736,1,GET,/auth/logout/,0.100000,0.000000,260,260,260,260,260,260,260,260,260,260,260,66,0,120,149.33333333333334,8,506,1712.0
1637174736,1,POST,/auth/modify-friend/,0.600000,0.000000,190,270,270,350,350,350,350,350,350,350,350,256,0,220,267.7109375,74,1132,1713.0
1637174736,1,GET,/public/,0.700000,0.000000,320,320,330,330,330,330,330,330,330,330,330,256,0,250,327.41015625,109,1344,10191.25390625
1637174736,1,,Aggregated,3.900000,0.000000,270,290,330,350,400,790,860,860,860,860,860,1660,0,240,312.3397590361446,8,2059,6006.25421686747
1637174737,1,GET,/,0.700000,0.000000,280,290,290,380,380,380,380,380,380,380,380,437,0,280,348.4393592677346,111,1677,10182.58581235698
1637174737,1,POST,/,0.200000,0.000000,860,860,860,860,860,860,860,860,860,860,860,65,0,720,819.5076923076923,296,2059,10049.923076923076
1637174737,1,GET,/auth/find-friends/,1.200000,0.000000,240,280,290,290,300,300,300,300,300,300,300,514,0,170,226.07587548638134,54,1145,1974.0
1637174737,1,GET,/auth/login/,0.000000,0.000000,0,0,0,0,0,0,0,0,0,0,0,1,0,597,597.0,597,597,2961.0
1637174737,1,POST,/auth/login/,0.100000,0.000000,790,790,790,790,790,790,790,790,790,790,790,67,0,370,513.7164179104477,153,1812,10346.522388059702
1637174737,1,GET,/auth/logout/,0.200000,0.000000,260,260,260,260,260,260,260,260,260,260,260,66,0,120,149.33333333333334,8,506,1712.0
1637174737,1,POST,/auth/modify-friend/,0.600000,0.000000,270,270,350,350,350,350,350,350,350,350,350,257,0,220,267.2568093385214,74,1132,1713.0
1637174737,1,GET,/public/,0.600000,0.000000,330,330,470,470,470,470,470,470,470,470,470,257,0,260,327.97665369649803,109,1344,10191.33073929961
1637174737,1,,Aggregated,3.600000,0.000000,260,290,300,350,470,790,860,860,860,860,860,1664,0,240,312.2512019230769,8,2059,6001.354567307692
1637174738,1,GET,/,0.700000,0.000000,260,280,290,290,380,380,380,380,380,380,380,439,0,280,347.92027334851934,111,1677,10185.362186788156
1637174738,1,POST,/,0.200000,0.000000,860,860,860,860,860,860,860,860,860,860,860,65,0,720,819.5076923076923,296,2059,10049.923076923076
1637174738,1,GET,/auth/find-friends/,0.800000,0.000000,230,240,280,290,300,300,300,300,300,300,300,516,0,170,225.78875968992247,54,1145,1974.0
1637174738,1,GET,/auth/login/,0.000000,0.000000,0,0,0,0,0,0,0,0,0,0,0,1,0,597,597.0,597,597,2961.0
1637174738,1,POST,/auth/login/,0.100000,0.000000,790,790,790,790,790,790,790,790,790,790,790,67,0,370,513.7164179104477,153,1812,10346.522388059702
1637174738,1,GET,/auth/logout/,0.200000,0.000000,260,260,260,260,260,260,260,260,260,260,260,66,0,120,149.33333333333334,8,506,1712.0
1637174738,1,POST,/auth/modify-friend/,0.500000,0.000000,190,270,270,350,350,350,350,350,350,350,350,258,0,220,266.78682170542635,74,1132,1713.0
1637174738,1,GET,/public/,0.400000,0.000000,320,330,330,470,470,470,470,470,470,470,470,258,0,250,327.5387596899225,109,1344,10192.364341085271
1637174738,1,,Aggregated,2.900000,0.000000,240,260,280,320,470,790,860,860,860,860,860,1670,0,240,311.80838323353294,8,2059,6002.369461077844
1637174739,1,GET,/,0.600000,0.000000,260,260,280,280,380,380,380,380,380,380,380,439,0,280,347.92027334851934,111,1677,10185.362186788156
1637174739,1,POST,/,0.200000,0.000000,860,860,860,860,860,860,860,860,860,860,860,66,0,700,816.2727272727273,296,2059,10058.89393939394
1637174739,1,GET,/auth/find-friends/,0.600000,0.000000,230,240,280,290,300,300,300,300,300,300,300,516,0,170,225.78875968992247,54,1145,1974.0
1637174739,1,GET,/auth/login/,0.000000,0.000000,0,0,0,0,0,0,0,0,0,0,0,1,0,597,597.0,597,597,2961.0
1637174739,1,POST,/auth/login/,0.200000,0.000000,790,790,790,790,790,790,790,790,790,790,790,67,0,370,513.7164179104477,153,1812,10346.522388059702
1637174739,1,GET,/auth/logout/,0.200000,0.000000,260,260,260,260,260,260,260,260,260,260,260,66,0,120,149.33333333333334,8,506,1712.0
1637174739,1,POST,/auth/modify-friend/,0.300000,0.000000,190,270,270,350,350,350,350,350,350,350,350,258,0,220,266.78682170542635,74,1132,1713.0
1637174739,1,GET,/public/,0.300000,0.000000,270,320,320,470,470,470,470,470,470,470,470,259,0,260,327.3088803088803,109,1344,10191.590733590734
1637174739,1,,Aggregated,2.400000,0.000000,250,270,280,320,470,610,790,790,790,790,790,1672,0,240,311.9581339712919,8,2059,6007.530502392345
1637174740,1,GET,/,0.600000,0.000000,250,280,280,380,380,380,380,380,380,380,380,439,0,280,347.92027334851934,111,1677,10185.362186788156
1637174740,1,POST,/,0.100000,0.000000,860,860,860,860,860,860,860,860,860,860,860,66,0,700,816.2727272727273,296,2059,10058.89393939394
1637174740,1,GET,/auth/find-friends/,0.800000,0.000000,190,220,230,230,240,280,280,280,280,280,280,520,0,170,225.30384615384617,54,1145,1974.0
1637174740,1,GET,/auth/login/,0.000000,0.000000,0,0,0,0,0,0,0,0,0,0,0,1,0,597,597.0,597,597,2961.0
1637174740,1,POST,/auth/login/,0.200000,0.000000,790,790,790,790,790,790,790,790,790,790,790,67,0,370,513.7164179104477,153,1812,10346.522388059702
1637174740,1,GET,/auth/logout/,0.200000,0.000000,260,260,260,260,260,260,260,260,260,260,260,66,0,120,149.33333333333334,8,506,1712.0
1637174740,1,POST,/auth/modify-friend/,0.400000,0.000000,150,270,270,350,350,350,350,350,350,350,350,259,0,220,266.33590733590734,74,1132,1713.0
1637174740,1,GET,/public/,0.300000,0.000000,270,270,320,320,470,470,470,470,470,470,470,260,0,250,326.8884615384615,109,1344,10190.930769230768
1637174740,1,,Aggregated,2.600000,0.000000,230,260,280,280,380,610,790,790,790,790,790,1678,0,240,311.4499404052443,8,2059,5997.747318235995
1637174741,1,GET,/,0.600000,0.000000,250,250,280,280,380,380,380,380,380,380,380,440,0,280,347.6659090909091,111,1677,10185.788636363637
1637174741,1,POST,/,0.100000,0.000000,660,660,860,860,860,860,860,860,860,860,860,67,0,700,813.9701492537314,296,2059,10064.328358208955
1637174741,1,GET,/auth/find-friends/,0.800000,0.000000,190,220,230,230,240,280,280,280,280,280,280,520,0,170,225.30384615384617,54,1145,1974.0
1637174741,1,GET,/auth/login/,0.000000,0.000000,0,0,0,0,0,0,0,0,0,0,0,1,0,597,597.0,597,597,2961.0
1637174741,1,POST,/auth/login/,0.200000,0.000000,790,790,790,790,790,790,790,790,790,790,790,67,0,370,513.7164179104477,153,1812,10346.522388059702
1637174741,1,GET,/auth/logout/,0.200000,0.000000,260,260,260,260,260,260,260,260,260,260,260,66,0,120,149.33333333333334,8,506,1712.0
1637174741,1,POST,/auth/modify-friend/,0.400000,0.000000,150,150,270,270,350,350,350,350,350,350,350,260,0,220,265.87692307692305,74,1132,1713.0
1637174741,1,GET,/public/,0.400000,0.000000,270,270,320,320,470,470,470,470,470,470,470,260,0,250,326.8884615384615,109,1344,10190.930769230768
1637174741,1,,Aggregated,2.700000,0.000000,230,260,280,320,470,660,790,790,790,790,790,1681,0,240,311.51576442593694,8,2059,6000.433670434265
1637174742,1,GET,/,0.600000,0.000000,250,270,280,280,380,380,380,380,380,380,380,441,0,280,347.4988662131519,111,1677,10186.650793650793
1637174742,1,POST,/,0.100000,0.000000,660,660,860,860,860,860,860,860,860,860,860,67,0,700,813.9701492537314,296,2059,10064.328358208955
1637174742,1,GET,/auth/find-friends/,0.900000,0.000000,190,190,220,220,230,280,280,280,280,280,280,522,0,170,224.94061302681993,54,1145,1974.0
1637174742,1,GET,/auth/login/,0.000000,0.000000,0,0,0,0,0,0,0,0,0,0,0,1,0,597,597.0,597,597,2961.0
1637174742,1,POST,/auth/login/,0.200000,0.000000,790,790,790,790,790,790,790,790,790,790,790,67,0,370,513.7164179104477,153,1812,10346.522388059702
1637174742,1,GET,/auth/logout/,0.200000,0.000000,260,260,260,260,260,260,260,260,260,260,260,66,0,120,149.33333333333334,8,506,1712.0
1637174742,1,POST,/auth/modify-friend/,0.400000,0.000000,150,170,270,270,350,350,350,350,350,350,350,261,0,220,265.5249042145594,74,1132,1713.0
1637174742,1,GET,/public/,0.500000,0.000000,270,270,320,320,470,470,470,470,470,470,470,261,0,260,326.68199233716473,109,1344,10191.318007662836
1637174742,1,,Aggregated,2.900000,0.000000,220,260,270,320,470,660,790,790,790,790,790,1686,0,240,311.1743772241993,8,2059,5998.367734282325
1637174743,1,GET,/,0.500000,0.000000,280,310,360,360,380,380,380,380,380,380,380,444,0,280,347.30855855855856,111,1677,10189.25
1637174743,1,POST,/,0.100000,0.000000,660,660,860,860,860,860,860,860,860,860,860,67,0,700,813.9701492537314,296,2059,10064.328358208955
1637174743,1,GET,/auth/find-friends/,1.200000,0.000000,190,190,220,220,230,280,280,280,280,280,280,522,0,170,224.94061302681993,54,1145,1974.0
1637174743,1,GET,/auth/login/,0.000000,0.000000,0,0,0,0,0,0,0,0,0,0,0,1,0,597,597.0,597,597,2961.0
1637174743,1,POST,/auth/login/,0.200000,0.000000,790,790,790,790,790,790,790,790,790,790,790,67,0,370,513.7164179104477,153,1812,10346.522388059702
1637174743,1,GET,/auth/logout/,0.100000,0.000000,260,260,260,260,260,260,260,260,260,260,260,66,0,120,149.33333333333334,8,506,1712.0
1637174743,1,POST,/auth/modify-friend/,0.600000,0.000000,150,150,170,170,350,350,350,350,350,350,350,261,0,220,265.5249042145594,74,1132,1713.0
1637174743,1,GET,/public/,0.600000,0.000000,270,270,320,320,470,470,470,470,470,470,470,261,0,260,326.68199233716473,109,1344,10191.318007662836
1637174743,1,,Aggregated,3.300000,0.000000,220,270,280,350,470,660,790,790,790,790,790,1689,0,240,311.1888691533452,8,2059,6006.490230905862
1637174744,1,GET,/,0.400000,0.000000,270,280,310,360,380,380,380,380,380,380,380,445,0,280,347.0876404494382,111,1677,10190.026966292135
1637174744,1,POST,/,0.200000,0.000000,660,660,660,660,660,660,660,660,660,660,660,67,0,700,813.9701492537314,296,2059,10064.328358208955
1637174744,1,GET,/auth/find-friends/,1.200000,0.000000,150,190,190,190,230,280,280,280,280,280,280,526,0,170,223.76235741444867,54,1145,1974.0
1637174744,1,GET,/auth/login/,0.000000,0.000000,0,0,0,0,0,0,0,0,0,0,0,1,0,597,597.0,597,597,2961.0
1637174744,1,POST,/auth/login/,0.100000,0.000000,790,790,790,790,790,790,790,790,790,790,790,67,0,370,513.7164179104477,153,1812,10346.522388059702
1637174744,1,GET,/auth/logout/,0.100000,0.000000,260,260,260,260,260,260,260,260,260,260,260,66,0,120,149.33333333333334,8,506,1712.0
1637174744,1,POST,/auth/modify-friend/,0.600000,0.000000,150,150,170,170,350,350,350,350,350,350,350,263,0,220,264.23954372623575,74,1132,1713.0
1637174744,1,GET,/public/,0.600000,0.000000,270,270,320,320,470,470,470,470,470,470,470,263,0,250,325.4638783269962,109,1344,10191.878326996197
1637174744,1,,Aggregated,3.200000,0.000000,190,250,270,280,380,610,790,790,790,790,790,1698,0,240,310.160777385159,8,2059,5999.616607773852
1637174745,1,GET,/,0.500000,0.000000,270,280,310,360,380,380,380,380,380,380,380,445,0,280,347.0876404494382,111,1677,10190.026966292135
1637174745,1,POST,/,0.200000,0.000000,660,660,660,660,660,660,660,660,660,660,660,67,0,700,813.9701492537314,296,2059,10064.328358208955
1637174745,1,GET,/auth/find-friends/,1.200000,0.000000,120,150,190,190,190,280,280,280,280,280,280,528,0,170,223.1931818181818,54,1145,1974.0
1637174745,1,GET,/auth/login/,0.000000,0.000000,0,0,0,0,0,0,0,0,0,0,0,1,0,597,597.0,597,597,2961.0
1637174745,1,POST,/auth/login/,0.100000,0.000000,790,790,790,790,790,790,790,790,790,790,790,67,0,370,513.7164179104477,153,1812,10346.522388059702
1637174745,1,GET,/auth/logout/,0.100000,0.000000,260,260,260,260,260,260,260,260,260,260,260,67,0,120,147.3134328358209,8,506,1712.0
1637174745,1,POST,/auth/modify-friend/,0.600000,0.000000,150,150,150,150,170,170,170,170,170,170,170,264,0,210,263.5984848484849,74,1132,1713.0
1637174745,1,GET,/public/,0.600000,0.000000,220,270,270,270,470,470,470,470,470,470,470,264,0,250,324.7689393939394,109,1344,10191.935606060606
1637174745,1,,Aggregated,3.300000,0.000000,180,220,270,280,380,610,790,790,790,790,790,1703,0,240,309.48385202583677,8,2059,5992.324721080447
1637174746,1,GET,/,0.800000,0.000000,270,280,310,310,360,360,360,360,360,360,360,445,0,280,347.0876404494382,111,1677,10190.026966292135
1637174746,1,POST,/,0.200000,0.000000,660,660,660,660,660,660,660,660,660,660,660,67,0,700,813.9701492537314,296,2059,10064.328358208955
1637174746,1,GET,/auth/find-friends/,1.100000,0.000000,120,140,180,190,190,280,280,280,280,280,280,530,0,170,222.64716981132077,54,1145,1974.0
1637174746,1,GET,/auth/login/,0.000000,0.000000,0,0,0,0,0,0,0,0,0,0,0,1,0,597,597.0,597,597,2961.0
1637174746,1,POST,/auth/login/,0.100000,0.000000,790,790,790,790,790,790,790,790,790,790,790,68,0,360,509.04411764705884,153,1812,10347.926470588236
1637174746,1,GET,/auth/logout/,0.100000,0.000000,260,260,260,260,260,260,260,260,260,260,260,67,0,120,147.3134328358209,8,506,1712.0
1637174746,1,POST,/auth/modify-friend/,0.600000,0.000000,150,150,150,150,170,170,170,170,170,170,170,265,0,210,262.9584905660377,74,1132,1713.0
1637174746,1,GET,/public/,0.600000,0.000000,220,220,270,270,470,470,470,470,470,470,470,265,0,250,324.0566037735849,109,1344,10191.415094339623
1637174746,1,,Aggregated,3.500000,0.000000,150,200,250,270,310,470,660,660,660,660,660,1708,0,240,308.9192037470726,8,2059,5990.097189695551
1637174747,1,GET,/,0.900000,0.000000,270,280,310,310,360,360,360,360,360,360,360,445,0,280,347.0876404494382,111,1677,10190.026966292135
1637174747,1,POST,/,0.200000,0.000000,660,660,660,660,660,660,660,660,660,660,660,67,0,700,813.9701492537314,296,2059,10064.328358208955
1637174747,1,GET,/auth/find-friends/,1.400000,0.000000,81,120,140,150,190,190,190,190,190,190,190,532,0,170,222.07706766917292,54,1145,1974.0
1637174747,1,GET,/auth/login/,0.000000,0.000000,0,0,0,0,0,0,0,0,0,0,0,1,0,597,597.0,597,597,2961.0
1637174747,1,POST,/auth/login/,0.100000,0.000000,790,790,790,790,790,790,790,790,790,790,790,68,0,360,509.04411764705884,153,1812,10347.926470588236
1637174747,1,GET,/auth/logout/,0.000000,0.000000,14,14,260,260,260,260,260,260,260,260,260,68,0,110,145.33823529411765,8,506,1712.0
1637174747,1,POST,/auth/modify-friend/,0.700000,0.000000,97,150,150,150,170,170,170,170,170,170,170,266,0,210,262.31954887218046,74,1132,1713.0
1637174747,1,GET,/public/,0.800000,0.000000,190,220,220,270,270,270,270,270,270,270,270,266,0,250,323.40225563909775,109,1344,10191.12030075188
1637174747,1,,Aggregated,4.100000,0.000000,150,190,220,240,280,360,660,660,660,660,660,1713,0,240,308.2498540572096,8,2059,5982.820782253357
1637174748,1,GET,/,0.900000,0.000000,250,270,280,310,360,360,360,360,360,360,360,447,0,280,346.17225950783,111,1677,10191.458612975392
1637174748,1,POST,/,0.200000,0.000000,660,660,660,660,660,660,660,660,660,660,660,67,0,700,813.9701492537314,296,2059,10064.328358208955
1637174748,1,GET,/auth/find-friends/,1.600000,0.000000,77,120,140,140,190,190,190,190,190,190,190,532,0,170,222.07706766917292,54,1145,1974.0
1637174748,1,GET,/auth/login/,0.000000,0.000000,0,0,0,0,0,0,0,0,0,0,0,1,0,597,597.0,597,597,2961.0
1637174748,1,POST,/auth/login/,0.100000,0.000000,200,200,790,790,790,790,790,790,790,790,790,69,0,360,504.3188405797101,153,1812,10349.63768115942
1637174748,1,GET,/auth/logout/,0.100000,0.000000,14,14,260,260,260,260,260,260,260,260,260,68,0,110,145.33823529411765,8,506,1712.0
1637174748,1,POST,/auth/modify-friend/,0.800000,0.000000,97,150,150,150,170,170,170,170,170,170,170,266,0,210,262.31954887218046,74,1132,1713.0
1637174748,1,GET,/public/,0.800000,0.000000,150,190,220,270,270,270,270,270,270,270,270,267,0,250,322.7041198501873,109,1344,10191.831460674157
1637174748,1,,Aggregated,4.500000,0.000000,140,180,200,240,280,360,660,660,660,660,660,1717,0,240,307.88410017472336,8,2059,5993.266744321491
1637174749,1,GET,/,0.800000,0.000000,270,280,310,310,360,360,360,360,360,360,360,447,0,280,346.17225950783,111,1677,10191.458612975392
1637174749,1,POST,/,0.200000,0.000000,660,660,660,660,660,660,660,660,660,660,660,67,0,700,813.9701492537314,296,2059,10064.328358208955
1637174749,1,GET,/auth/find-friends/,1.800000,0.000000,75,81,120,120,150,190,190,190,190,190,190,536,0,170,220.97201492537314,54,1145,1974.0
1637174749,1,GET,/auth/login/,0.000000,0.000000,0,0,0,0,0,0,0,0,0,0,0,1,0,597,597.0,597,597,2961.0
1637174749,1,POST,/auth/login/,0.100000,0.000000,200,200,790,790,790,790,790,790,790,790,790,69,0,360,504.3188405797101,153,1812,10349.63768115942
1637174749,1,GET,/auth/logout/,0.100000,0.000000,13,13,14,14,14,14,14,14,14,14,14,69,0,110,143.36231884057972,8,506,1712.0
1637174749,1,POST,/auth/modify-friend/,0.900000,0.000000,96,97,150,150,170,170,170,170,170,170,170,268,0,210,261.0559701492537,74,1132,1713.0
1637174749,1,GET,/public/,1.000000,0.000000,150,160,190,220,270,270,270,270,270,270,270,268,0,250,322.09328358208955,109,1344,10191.891791044776
1637174749,1,,Aggregated,4.900000,0.000000,140,150,180,190,270,310,360,660,660,660,660,1725,0,240,306.8330434782609,8,2059,5978.945507246377
1637174750,1,GET,/,0.700000,0.000000,270,280,310,310,360,360,360,360,360,360,360,447,0,280,346.17225950783,111,1677,10191.458612975392
1637174750,1,POST,/,0.200000,0.000000,660,660,660,660,660,660,660,660,660,660,660,67,0,700,813.9701492537314,296,2059,10064.328358208955
1637174750,1,GET,/auth/find-friends/,1.800000,0.000000,75,81,120,120,150,190,190,190,190,190,190,536,0,170,220.97201492537314,54,1145,1974.0
1637174750,1,GET,/auth/login/,0.000000,0.000000,0,0,0,0,0,0,0,0,0,0,0,1,0,597,597.0,597,597,2961.0
1637174750,1,POST,/auth/login/,0.100000,0.000000,200,200,790,790,790,790,790,790,790,790,790,70,0,340,499.6857142857143,153,1812,10352.7
1637174750,1,GET,/auth/logout/,0.200000,0.000000,13,13,14,14,14,14,14,14,14,14,14,69,0,110,143.36231884057972,8,506,1712.0
1637174750,1,POST,/auth/modify-friend/,0.900000,0.000000,96,97,150,150,170,170,170,170,170,170,170,268,0,210,261.0559701492537,74,1132,1713.0
1637174750,1,GET,/public/,0.900000,0.000000,150,160,190,220,270,270,270,270,270,270,270,269,0,250,321.3940520446097,109,1344,10192.18215613383
1637174750,1,,Aggregated,4.800000,0.000000,120,140,180,190,270,310,660,660,660,660,660,1727,0,230,306.6595251881876,8,2059,5984.085118702953
1637174751,1,GET,/,0.800000,0.000000,270,280,310,310,360,360,360,360,360,360,360,447,0,280,346.17225950783,111,1677,10191.458612975392
1637174751,1,POST,/,0.200000,0.000000,660,660,660,660,660,660,660,660,660,660,660,67,0,700,813.9701492537314,296,2059,10064.328358208955
1637174751,1,GET,/auth/find-friends/,1.700000,0.000000,71,75,77,79,90,120,140,140,140,140,140,542,0,170,219.30258302583024,54,1145,1974.0
1637174751,1,GET,/auth/login/,0.000000,0.000000,0,0,0,0,0,0,0,0,0,0,0,1,0,597,597.0,597,597,2961.0
1637174751,1,POST,/auth/login/,0.200000,0.000000,180,180,200,200,200,200,200,200,200,200,200,70,0,340,499.6857142857143,153,1812,10352.7
1637174751,1,GET,/auth/logout/,0.200000,0.000000,13,13,14,14,14,14,14,14,14,14,14,69,0,110,143.36231884057972,8,506,1712.0
1637174751,1,POST,/auth/modify-friend/,0.800000,0.000000,94,96,97,97,98,170,170,170,170,170,170,271,0,210,259.21771217712177,74,1132,1713.0
1637174751,1,GET,/public/,0.900000,0.000000,140,150,160,160,190,270,270,270,270,270,270,271,0,250,320.0479704797048,109,1344,10192.177121771218
1637174751,1,,Aggregated,4.800000,0.000000,94,140,140,160,250,280,310,360,360,360,360,1738,0,230,305.2848101265823,8,2059,5967.710586881473
1637174752,1,GET,/,0.800000,0.000000,280,280,310,310,360,360,360,360,360,360,360,447,0,280,346.17225950783,111,1677,10191.458612975392
1637174752,1,POST,/,0.200000,0.000000,660,660,660,660,660,660,660,660,660,660,660,67,0,700,813.9701492537314,296,2059,10064.328358208955
1637174752,1,GET,/auth/find-friends/,1.700000,0.000000,70,71,76,77,81,90,90,90,90,90,90,542,0,170,219.30258302583024,54,1145,1974.0
1637174752,1,GET,/auth/login/,0.000000,0.000000,0,0,0,0,0,0,0,0,0,0,0,1,0,597,597.0,597,597,2961.0
1637174752,1,POST,/auth/login/,0.200000,0.000000,180,180,200,200,200,200,200,200,200,200,200,70,0,340,499.6857142857143,153,1812,10352.7
1637174752,1,GET,/auth/logout/,0.200000,0.000000,13,13,14,14,14,14,14,14,14,14,14,70,0,110,141.45714285714286,8,506,1712.0
1637174752,1,POST,/auth/modify-friend/,0.800000,0.000000,94,96,97,97,98,170,170,170,170,170,170,271,0,210,259.21771217712177,74,1132,1713.0
1637174752,1,GET,/public/,0.900000,0.000000,140,150,150,160,190,190,190,190,190,190,190,271,0,250,320.0479704797048,109,1344,10192.177121771218
1637174752,1,,Aggregated,4.800000,0.000000,93,130,140,150,190,280,310,360,360,360,360,1739,0,230,305.1150086256469,8,2059,5965.263369752732
1637174753,1,GET,/,0.800000,0.000000,140,140,140,250,250,250,250,250,250,250,250,449,0,280,345.260579064588,111,1677,10191.550111358574
1637174753,1,POST,/,0.100000,0.000000,660,660,660,660,660,660,660,660,660,660,660,67,0,700,813.9701492537314,296,2059,10064.328358208955
1637174753,1,GET,/auth/find-friends/,1.700000,0.000000,71,74,76,77,79,81,90,90,90,90,90,544,0,170,218.77389705882354,54,1145,1974.0
1637174753,1,GET,/auth/login/,0.000000,0.000000,0,0,0,0,0,0,0,0,0,0,0,1,0,597,597.0,597,597,2961.0
1637174753,1,POST,/auth/login/,0.300000,0.000000,180,180,200,200,200,200,200,200,200,200,200,71,0,340,495.15492957746477,153,1812,10352.30985915493
1637174753,1,GET,/auth/logout/,0.300000,0.000000,13,13,14,14,14,14,14,14,14,14,14,70,0,110,141.45714285714286,8,506,1712.0
1637174753,1,POST,/auth/modify-friend/,0.800000,0.000000,94,96,96,96,97,98,98,98,98,98,98,272,0,200,258.61764705882354,74,1132,1713.0
1637174753,1,GET,/public/,0.900000,0.000000,140,150,160,190,270,270,270,270,270,270,270,272,0,250,319.87867647058823,109,1344,10191.577205882353
1637174753,1,,Aggregated,4.900000,0.000000,93,130,140,140,180,200,250,270,270,270,270,1746,0,230,304.4541809851088,8,2059,5967.945017182131
1637174755,1,GET,/,0.700000,0.000000,140,140,170,170,250,250,250,250,250,250,250,451,0,280,344.4257206208426,111,1677,10192.121951219513
1637174755,1,POST,/,0.000000,0.000000,660,660,660,660,660,660,660,660,660,660,660,68,0,690,807.6470588235294,296,2059,10069.308823529413
1637174755,1,GET,/auth/find-friends/,2.200000,0.000000,71,74,77,77,81,90,90,90,90,90,90,544,0,170,218.77389705882354,54,1145,1974.0
1637174755,1,GET,/auth/login/,0.000000,0.000000,0,0,0,0,0,0,0,0,0,0,0,1,0,597,597.0,597,597,2961.0
1637174755,1,POST,/auth/login/,0.300000,0.000000,180,180,200,200,200,200,200,200,200,200,200,71,0,340,495.15492957746477,153,1812,10352.30985915493
1637174755,1,GET,/auth/logout/,0.400000,0.000000,13,13,14,14,14,14,14,14,14,14,14,70,0,110,141.45714285714286,8,506,1712.0
1637174755,1,POST,/auth/modify-friend/,1.100000,0.000000,94,94,96,96,98,98,98,98,98,98,98,272,0,200,258.61764705882354,74,1132,1713.0
1637174755,1,GET,/public/,1.100000,0.000000,140,150,150,160,270,270,270,270,270,270,270,273,0,250,319.25274725274727,109,1344,10191.608058608059
1637174755,1,,Aggregated,5.800000,0.000000,94,140,140,150,180,200,380,380,380,380,380,1750,0,230,304.24228571428574,8,2059,5977.872
1637174756,1,GET,/,0.600000,0.000000,140,150,150,150,170,170,170,170,170,170,170,453,0,280,343.5717439293598,111,1677,10192.94701986755
1637174756,1,POST,/,0.000000,0.000000,660,660,660,660,660,660,660,660,660,660,660,68,0,690,807.6470588235294,296,2059,10069.308823529413
1637174756,1,GET,/auth/find-friends/,2.000000,0.000000,71,73,74,77,90,250,250,250,250,250,250,547,0,170,218.2961608775137,54,1145,1974.0
1637174756,1,GET,/auth/login/,0.000000,0.000000,0,0,0,0,0,0,0,0,0,0,0,1,0,597,597.0,597,597,2961.0
1637174756,1,POST,/auth/login/,0.300000,0.000000,180,180,200,200,200,200,200,200,200,200,200,71,0,340,495.15492957746477,153,1812,10352.30985915493
1637174756,1,GET,/auth/logout/,0.400000,0.000000,10,10,13,13,13,13,13,13,13,13,13,70,0,110,141.45714285714286,8,506,1712.0
1637174756,1,POST,/auth/modify-friend/,1.000000,0.000000,94,96,98,98,100,100,100,100,100,100,100,273,0,200,258.03663003663,74,1132,1713.0
1637174756,1,GET,/public/,1.000000,0.000000,140,150,150,160,270,270,270,270,270,270,270,274,0,240,318.5985401459854,109,1344,10192.01094890511
1637174756,1,,Aggregated,5.300000,0.000000,96,140,140,150,180,250,380,380,380,380,380,1757,0,230,303.56346044393854,8,2059,5976.079112122937
1637174757,1,GET,/,0.500000,0.000000,140,150,150,170,180,180,180,180,180,180,180,454,0,280,343.22246696035245,111,1677,10193.275330396476
1637174757,1,POST,/,0.000000,0.000000,380,380,380,380,380,380,380,380,380,380,380,68,0,690,807.6470588235294,296,2059,10069.308823529413
1637174757,1,GET,/auth/find-friends/,2.100000,0.000000,71,73,74,77,90,250,250,250,250,250,250,551,0,170,217.23049001814883,54,1145,1974.0
1637174757,1,GET,/auth/login/,0.000000,0.000000,0,0,0,0,0,0,0,0,0,0,0,1,0,597,597.0,597,597,2961.0
1637174757,1,POST,/auth/login/,0.400000,0.000000,180,180,180,180,180,180,180,180,180,180,180,71,0,340,495.15492957746477,153,1812,10352.30985915493
1637174757,1,GET,/auth/logout/,0.400000,0.000000,10,10,13,13,13,13,13,13,13,13,13,70,0,110,141.45714285714286,8,506,1712.0
1637174757,1,POST,/auth/modify-friend/,1.100000,0.000000,95,96,98,100,100,100,100,100,100,100,100,275,0,200,256.88,74,1132,1713.0
1637174757,1,GET,/public/,1.000000,0.000000,140,150,160,170,270,270,270,270,270,270,270,276,0,240,317.4130434782609,109,1344,10191.786231884058
1637174757,1,,Aggregated,5.500000,0.000000,98,140,140,150,180,250,270,380,380,380,380,1766,0,230,302.57078142695354,8,2059,5969.398074745187
1637174758,1,GET,/,0.600000,0.000000,140,150,150,170,180,180,180,180,180,180,180,454,0,280,343.22246696035245,111,1677,10193.275330396476
1637174758,1,POST,/,0.100000,0.000000,380,380,380,380,380,380,380,380,380,380,380,68,0,690,807.6470588235294,296,2059,10069.308823529413
1637174758,1,GET,/auth/find-friends/,1.800000,0.000000,72,73,74,76,79,90,250,250,250,250,250,556,0,170,215.92985611510792,54,1145,1974.0
1637174758,1,GET,/auth/login/,0.000000,0.000000,0,0,0,0,0,0,0,0,0,0,0,1,0,597,597.0,597,597,2961.0
1637174758,1,POST,/auth/login/,0.400000,0.000000,180,180,180,180,180,180,180,180,180,180,180,71,0,340,495.15492957746477,153,1812,10352.30985915493
1637174758,1,GET,/auth/logout/,0.400000,0.000000,10,10,10,10,10,10,10,10,10,10,10,70,0,110,141.45714285714286,8,506,1712.0
1637174758,1,POST,/auth/modify-friend/,0.900000,0.000000,95,96,100,100,100,160,160,160,160,160,160,278,0,200,255.3705035971223,74,1132,1713.0
1637174758,1,GET,/public/,0.900000,0.000000,140,150,160,160,170,270,270,270,270,270,270,278,0,240,316.1546762589928,109,1344,10190.230215827338
1637174758,1,,Aggregated,5.100000,0.000000,94,140,140,150,180,250,270,380,380,380,380,1776,0,230,301.4296171171171,8,2059,5955.471283783784
1637174759,1,GET,/,0.800000,0.000000,140,150,150,150,170,180,180,180,180,180,180,456,0,280,342.32675438596493,111,1677,10193.478070175439
1637174759,1,POST,/,0.100000,0.000000,380,380,380,380,380,380,380,380,380,380,380,68,0,690,807.6470588235294,296,2059,10069.308823529413
1637174759,1,GET,/auth/find-friends/,1.900000,0.000000,72,73,74,76,79,86,250,250,250,250,250,558,0,170,215.43548387096774,54,1145,1974.0
1637174759,1,GET,/auth/login/,0.000000,0.000000,0,0,0,0,0,0,0,0,0,0,0,1,0,597,597.0,597,597,2961.0
1637174759,1,POST,/auth/login/,0.400000,0.000000,180,180,180,180,180,180,180,180,180,180,180,71,0,340,495.15492957746477,153,1812,10352.30985915493
1637174759,1,GET,/auth/logout/,0.300000,0.000000,10,10,10,10,10,10,10,10,10,10,10,70,0,110,141.45714285714286,8,506,1712.0
1637174759,1,POST,/auth/modify-friend/,0.900000,0.000000,95,98,98,100,100,160,160,160,160,160,160,279,0,200,254.80645161290323,74,1132,1713.0
1637174759,1,GET,/public/,1.000000,0.000000,140,140,150,150,170,270,270,270,270,270,270,279,0,240,315.5304659498208,109,1344,10189.197132616488
1637174759,1,,Aggregated,5.400000,0.000000,98,140,140,150,180,250,270,380,380,380,380,1782,0,230,300.7929292929293,8,2059,5955.6447811447815
1637174760,1,GET,/,0.900000,0.000000,140,150,150,170,180,180,180,180,180,180,180,457,0,280,341.89277899343546,111,1677,10194.168490153173
1637174760,1,POST,/,0.100000,0.000000,370,370,380,380,380,380,380,380,380,380,380,70,0,670,794.9428571428572,296,2059,10082.442857142858
1637174760,1,GET,/auth/find-friends/,2.100000,0.000000,72,73,74,76,79,86,250,250,250,250,250,560,0,170,214.90892857142856,54,1145,1974.0
1637174760,1,GET,/auth/login/,0.000000,0.000000,0,0,0,0,0,0,0,0,0,0,0,1,0,597,597.0,597,597,2961.0
1637174760,1,POST,/auth/login/,0.300000,0.000000,180,180,180,180,180,180,180,180,180,180,180,71,0,340,495.15492957746477,153,1812,10352.30985915493
1637174760,1,GET,/auth/logout/,0.300000,0.000000,10,10,10,10,10,10,10,10,10,10,10,70,0,110,141.45714285714286,8,506,1712.0
1637174760,1,POST,/auth/modify-friend/,1.000000,0.000000,96,98,100,100,100,160,160,160,160,160,160,280,0,190,254.23928571428573,74,1132,1713.0
1637174760,1,GET,/public/,1.000000,0.000000,140,140,150,150,170,270,270,270,270,270,270,280,0,240,314.9214285714286,109,1344,10189.735714285714
1637174760,1,,Aggregated,5.700000,0.000000,98,140,140,150,180,270,370,380,380,380,380,1789,0,230,300.31302403577416,8,2059,5958.930687534936
1637174761,1,GET,/,0.900000,0.000000,140,150,150,150,170,180,180,180,180,180,180,462,0,280,339.72294372294374,111,1677,10197.292207792209
1637174761,1,POST,/,0.100000,0.000000,370,370,380,380,380,380,380,380,380,380,380,70,0,670,794.9428571428572,296,2059,10082.442857142858
1637174761,1,GET,/auth/find-friends/,2.400000,0.000000,72,73,74,76,79,86,250,250,250,250,250,561,0,170,214.64527629233513,54,1145,1974.0
1637174761,1,GET,/auth/login/,0.000000,0.000000,0,0,0,0,0,0,0,0,0,0,0,1,0,597,597.0,597,597,2961.0
1637174761,1,POST,/auth/login/,0.300000,0.000000,180,180,180,180,180,180,180,180,180,180,180,71,0,340,495.15492957746477,153,1812,10352.30985915493
1637174761,1,GET,/auth/logout/,0.200000,0.000000,10,10,10,10,10,10,10,10,10,10,10,70,0,110,141.45714285714286,8,506,1712.0
1637174761,1,POST,/auth/modify-friend/,1.200000,0.000000,96,98,100,100,100,160,160,160,160,160,160,280,0,190,254.23928571428573,74,1132,1713.0
1637174761,1,GET,/public/,1.200000,0.000000,140,140,150,150,170,270,270,270,270,270,270,281,0,240,314.288256227758,109,1344,10189.722419928825
1637174761,1,,Aggregated,6.300000,0.000000,100,140,140,150,180,270,370,380,380,380,380,1796,0,230,299.6497772828508,8,2059,5971.659799554565
1637174762,1,GET,/,1.000000,0.000000,140,150,150,150,170,180,180,180,180,180,180,463,0,280,339.27645788336935,111,1677,10197.838012958964
1637174762,1,POST,/,0.300000,0.000000,370,370,380,380,380,380,380,380,380,380,380,70,0,670,794.9428571428572,296,2059,10082.442857142858
1637174762,1,GET,/auth/find-friends/,2.400000,0.000000,72,73,76,77,86,200,250,250,250,250,250,566,0,170,213.60247349823322,54,1145,1974.0
1637174762,1,GET,/auth/login/,0.000000,0.000000,0,0,0,0,0,0,0,0,0,0,0,1,0,597,597.0,597,597,2961.0
1637174762,1,POST,/auth/login/,0.200000,0.000000,180,180,180,180,180,180,180,180,180,180,180,71,0,340,495.15492957746477,153,1812,10352.30985915493
1637174762,1,GET,/auth/logout/,0.100000,0.000000,10,10,10,10,10,10,10,10,10,10,10,70,0,110,141.45714285714286,8,506,1712.0
1637174762,1,POST,/auth/modify-friend/,1.200000,0.000000,96,98,100,100,100,160,160,160,160,160,160,282,0,190,253.09574468085106,74,1132,1713.0
1637174762,1,GET,/public/,1.200000,0.000000,140,140,150,150,170,270,270,270,270,270,270,283,0,240,313.07773851590105,109,1344,10189.289752650177
1637174762,1,,Aggregated,6.400000,0.000000,140,140,140,150,180,270,370,380,380,380,380,1806,0,220,298.59302325581393,8,2059,5962.959025470654
1637174763,1,GET,/,1.000000,0.000000,140,150,150,160,170,180,180,180,180,180,180,466,0,280,338.0922746781116,111,1677,10200.714592274679
1637174763,1,POST,/,0.300000,0.000000,370,370,380,380,380,380,380,380,380,380,380,70,0,670,794.9428571428572,296,2059,10082.442857142858
1637174763,1,GET,/auth/find-friends/,2.400000,0.000000,72,73,74,76,86,200,250,250,250,250,250,568,0,170,213.0862676056338,54,1145,1974.0
1637174763,1,GET,/auth/login/,0.000000,0.000000,0,0,0,0,0,0,0,0,0,0,0,1,0,597,597.0,597,597,2961.0
1637174763,1,POST,/auth/login/,0.200000,0.000000,180,180,180,180,180,180,180,180,180,180,180,71,0,340,495.15492957746477,153,1812,10352.30985915493
1637174763,1,GET,/auth/logout/,0.100000,0.000000,10,10,10,10,10,10,10,10,10,10,10,70,0,110,141.45714285714286,8,506,1712.0
1637174763,1,POST,/auth/modify-friend/,1.200000,0.000000,95,96,98,100,100,160,160,160,160,160,160,284,0,190,251.97535211267606,74,1132,1713.0
1637174763,1,GET,/public/,1.200000,0.000000,140,140,140,140,150,170,170,170,170,170,170,284,0,240,312.47535211267603,109,1344,10189.271126760563
1637174763,1,,Aggregated,6.400000,0.000000,140,140,140,150,170,250,370,380,380,380,380,1814,0,220,297.78886438809263,8,2059,5963.944873208379
1637174764,1,GET,/,1.600000,0.000000,140,150,150,150,170,180,180,180,180,180,180,467,0,280,337.6723768736617,111,1677,10201.802997858673
1637174764,1,POST,/,0.300000,0.000000,370,370,380,380,380,380,380,380,380,380,380,70,0,670,794.9428571428572,296,2059,10082.442857142858
1637174764,1,GET,/auth/find-friends/,2.300000,0.000000,70,73,74,74,86,200,250,250,250,250,250,572,0,160,212.08566433566435,54,1145,1974.0
1637174764,1,GET,/auth/login/,0.000000,0.000000,0,0,0,0,0,0,0,0,0,0,0,1,0,597,597.0,597,597,2961.0
1637174764,1,POST,/auth/login/,0.100000,0.000000,180,180,180,180,180,180,180,180,180,180,180,71,0,340,495.15492957746477,153,1812,10352.30985915493
1637174764,1,GET,/auth/logout/,0.000000,0.000000,10,10,10,10,10,10,10,10,10,10,10,70,0,110,141.45714285714286,8,506,1712.0
1637174764,1,POST,/auth/modify-friend/,1.100000,0.000000,95,97,98,100,100,160,160,160,160,160,160,286,0,190,250.88111888111888,74,1132,1713.0
1637174764,1,GET,/public/,1.200000,0.000000,140,140,140,140,140,170,170,170,170,170,170,287,0,240,310.66550522648083,109,1344,10192.324041811848
1637174764,1,,Aggregated,6.600000,0.000000,100,140,140,140,160,200,350,370,370,370,370,1824,0,220,296.7214912280702,8,2059,5960.565241228071
1637174765,1,GET,/,1.600000,0.000000,140,150,160,160,170,180,180,180,180,180,180,469,0,270,336.88912579957355,111,1677,10203.908315565031
1637174765,1,POST,/,0.300000,0.000000,380,380,380,380,380,380,380,380,380,380,380,71,0,670,789.0704225352113,296,2059,10091.647887323943
1637174765,1,GET,/auth/find-friends/,2.300000,0.000000,69,72,73,74,79,86,200,200,200,200,200,574,0,160,211.58536585365854,54,1145,1974.0
1637174765,1,GET,/auth/login/,0.000000,0.000000,0,0,0,0,0,0,0,0,0,0,0,1,0,597,597.0,597,597,2961.0
1637174765,1,POST,/auth/login/,0.100000,0.000000,180,180,180,180,180,180,180,180,180,180,180,71,0,340,495.15492957746477,153,1812,10352.30985915493
1637174765,1,GET,/auth/logout/,0.000000,0.000000,10,10,10,10,10,10,10,10,10,10,10,70,0,110,141.45714285714286,8,506,1712.0
1637174765,1,POST,/auth/modify-friend/,1.100000,0.000000,94,96,97,98,100,160,160,160,160,160,160,287,0,190,250.33101045296166,74,1132,1713.0
1637174765,1,GET,/public/,1.200000,0.000000,140,140,140,140,140,170,170,170,170,170,170,287,0,240,310.66550522648083,109,1344,10192.324041811848
1637174765,1,,Aggregated,6.600000,0.000000,97,140,140,140,170,200,370,380,380,380,380,1830,0,220,296.2491803278688,8,2059,5961.671584699454
1637174766,1,GET,/,1.900000,0.000000,140,150,150,160,170,180,180,180,180,180,180,470,0,270,336.47021276595746,111,1677,10204.931914893617
1637174766,1,POST,/,0.300000,0.000000,370,370,380,380,380,380,380,380,380,380,380,72,0,660,783.2777777777778,296,2059,10098.333333333334
1637174766,1,GET,/auth/find-friends/,2.600000,0.000000,69,72,74,74,79,86,200,200,200,200,200,574,0,160,211.58536585365854,54,1145,1974.0
1637174766,1,GET,/auth/login/,0.000000,0.000000,0,0,0,0,0,0,0,0,0,0,0,1,0,597,597.0,597,597,2961.0
1637174766,1,POST,/auth/login/,0.100000,0.000000,180,180,180,180,180,180,180,180,180,180,180,71,0,340,495.15492957746477,153,1812,10352.30985915493
1637174766,1,GET,/auth/logout/,0.000000,0.000000,12,12,12,12,12,12,12,12,12,12,12,71,0,110,139.6338028169014,8,506,1712.0
1637174766,1,POST,/auth/modify-friend/,1.300000,0.000000,94,94,97,97,98,160,160,160,160,160,160,287,0,190,250.33101045296166,74,1132,1713.0
1637174766,1,GET,/public/,1.300000,0.000000,140,140,140,140,140,140,140,140,140,140,140,287,0,240,310.66550522648083,109,1344,10192.324041811848
1637174766,1,,Aggregated,7.500000,0.000000,98,140,140,140,170,350,370,380,380,380,380,1833,0,220,296.050190943808,8,2059,5964.445717403164
1637174767,1,GET,/,1.800000,0.000000,140,140,150,160,170,170,170,170,170,170,170,472,0,270,335.67161016949154,111,1677,10206.088983050848
1637174767,1,POST,/,0.300000,0.000000,370,370,380,380,380,380,380,380,380,380,380,72,0,660,783.2777777777778,296,2059,10098.333333333334
1637174767,1,GET,/auth/find-friends/,3.000000,0.000000,69,69,70,74,86,200,200,200,200,200,200,574,0,160,211.58536585365854,54,1145,1974.0
1637174767,1,GET,/auth/login/,0.000000,0.000000,0,0,0,0,0,0,0,0,0,0,0,1,0,597,597.0,597,597,2961.0
1637174767,1,POST,/auth/login/,0.000000,0.000000,270,270,270,270,270,270,270,270,270,270,270,72,0,330,491.9861111111111,153,1812,10353.430555555555
1637174767,1,GET,/auth/logout/,0.000000,0.000000,12,12,12,12,12,12,12,12,12,12,12,71,0,110,139.6338028169014,8,506,1712.0
1637174767,1,POST,/auth/modify-friend/,1.500000,0.000000,94,94,96,97,98,98,98,98,98,98,98,287,0,190,250.33101045296166,74,1132,1713.0
1637174767,1,GET,/public/,1.400000,0.000000,140,140,140,140,140,140,140,140,140,140,140,287,0,240,310.66550522648083,109,1344,10192.324041811848
1637174767,1,,Aggregated,8.000000,0.000000,140,140,140,150,200,370,370,380,380,380,380,1836,0,220,295.8730936819172,8,2059,5971.7962962962965
1637174768,1,GET,/,1.800000,0.000000,140,140,150,160,170,170,170,170,170,170,170,474,0,270,334.8396624472574,111,1677,10207.51476793249
1637174768,1,POST,/,0.300000,0.000000,370,370,380,380,380,380,380,380,380,380,380,72,0,660,783.2777777777778,296,2059,10098.333333333334
1637174768,1,GET,/auth/find-friends/,3.000000,0.000000,69,69,72,74,79,200,200,200,200,200,200,576,0,160,211.10590277777777,54,1145,1974.0
1637174768,1,GET,/auth/login/,0.000000,0.000000,0,0,0,0,0,0,0,0,0,0,0,1,0,597,597.0,597,597,2961.0
1637174768,1,POST,/auth/login/,0.000000,0.000000,270,270,270,270,270,270,270,270,270,270,270,72,0,330,491.9861111111111,153,1812,10353.430555555555
1637174768,1,GET,/auth/logout/,0.000000,0.000000,12,12,12,12,12,12,12,12,12,12,12,71,0,110,139.6338028169014,8,506,1712.0
1637174768,1,POST,/auth/modify-friend/,1.500000,0.000000,94,94,95,96,97,97,97,97,97,97,97,288,0,190,249.79166666666666,74,1132,1713.0
1637174768,1,GET,/public/,1.400000,0.000000,140,140,140,140,140,140,140,140,140,140,140,288,0,240,310.0798611111111,109,1344,10192.947916666666
1637174768,1,,Aggregated,8.000000,0.000000,140,140,140,150,200,370,370,380,380,380,380,1842,0,220,295.26818675352877,8,2059,5972.49674267101
1637174769,1,GET,/,1.700000,0.000000,140,150,150,160,170,170,170,170,170,170,170,474,0,270,334.8396624472574,111,1677,10207.51476793249
1637174769,1,POST,/,0.400000,0.000000,370,370,370,380,380,380,380,380,380,380,380,73,0,660,777.5342465753424,296,2059,10104.301369863013
1637174769,1,GET,/auth/find-friends/,2.700000,0.000000,69,69,74,74,79,200,200,200,200,200,200,576,0,160,211.10590277777777,54,1145,1974.0
1637174769,1,GET,/auth/login/,0.000000,0.000000,0,0,0,0,0,0,0,0,0,0,0,1,0,597,597.0,597,597,2961.0
1637174769,1,POST,/auth/login/,0.000000,0.000000,270,270,270,270,270,270,270,270,270,270,270,72,0,330,491.9861111111111,153,1812,10353.430555555555
1637174769,1,GET,/auth/logout/,0.100000,0.000000,23,23,23,23,23,23,23,23,23,23,23,72,0,110,138.01388888888889,8,506,1712.0
1637174769,1,POST,/auth/modify-friend/,1.400000,0.000000,94,94,95,96,97,97,97,97,97,97,97,288,0,190,249.79166666666666,74,1132,1713.0
1637174769,1,GET,/public/,1.300000,0.000000,140,140,140,140,140,140,140,140,140,140,140,288,0,240,310.0798611111111,109,1344,10192.947916666666
1637174769,1,,Aggregated,7.600000,0.000000,140,140,140,150,170,360,370,380,380,380,380,1844,0,220,295.15780911062905,8,2059,5972.659978308026
1637174770,1,GET,/,2.000000,0.000000,140,140,160,160,170,170,170,170,170,170,170,474,0,270,334.8396624472574,111,1677,10207.51476793249
1637174770,1,POST,/,0.400000,0.000000,370,370,370,380,380,380,380,380,380,380,380,73,0,660,777.5342465753424,296,2059,10104.301369863013
1637174770,1,GET,/auth/find-friends/,2.000000,0.000000,69,72,75,79,84,200,200,200,200,200,200,580,0,160,210.17241379310346,54,1145,1974.0
1637174770,1,GET,/auth/login/,0.000000,0.000000,0,0,0,0,0,0,0,0,0,0,0,1,0,597,597.0,597,597,2961.0
1637174770,1,POST,/auth/login/,0.100000,0.000000,270,270,270,270,270,270,270,270,270,270,270,73,0,330,487.83561643835617,153,1812,10357.27397260274
1637174770,1,GET,/auth/logout/,0.100000,0.000000,23,23,23,23,23,23,23,23,23,23,23,72,0,110,138.01388888888889,8,506,1712.0
1637174770,1,POST,/auth/modify-friend/,1.000000,0.000000,94,94,95,95,97,97,97,97,97,97,97,289,0,190,249.2560553633218,74,1132,1713.0
1637174770,1,GET,/public/,1.000000,0.000000,140,140,140,140,140,140,140,140,140,140,140,290,0,240,308.9172413793103,109,1344,10194.037931034483
1637174770,1,,Aggregated,6.600000,0.000000,97,140,140,140,190,360,370,380,380,380,380,1852,0,220,294.3525917926566,8,2059,5968.9686825054
1637174771,1,GET,/,2.000000,0.000000,140,160,160,160,170,170,170,170,170,170,170,475,0,270,334.4736842105263,111,1677,10208.475789473685
1637174771,1,POST,/,0.400000,0.000000,370,370,380,380,380,380,380,380,380,380,380,73,0,660,777.5342465753424,296,2059,10104.301369863013
1637174771,1,GET,/auth/find-friends/,2.000000,0.000000,69,72,75,79,79,84,84,84,84,84,84,580,0,160,210.17241379310346,54,1145,1974.0
1637174771,1,GET,/auth/login/,0.000000,0.000000,0,0,0,0,0,0,0,0,0,0,0,1,0,597,597.0,597,597,2961.0
1637174771,1,POST,/auth/login/,0.100000,0.000000,270,270,270,270,270,270,270,270,270,270,270,73,0,330,487.83561643835617,153,1812,10357.27397260274
1637174771,1,GET,/auth/logout/,0.100000,0.000000,12,12,23,23,23,23,23,23,23,23,23,73,0,110,136.26027397260273,8,506,1712.0
1637174771,1,POST,/auth/modify-friend/,1.000000,0.000000,95,95,97,97,100,100,100,100,100,100,100,290,0,190,248.74137931034483,74,1132,1713.0
1637174771,1,GET,/public/,1.000000,0.000000,140,140,140,140,140,140,140,140,140,140,140,290,0,240,308.9172413793103,109,1344,10194.037931034483
1637174771,1,,Aggregated,6.600000,0.000000,100,140,140,160,190,360,380,380,380,380,380,1855,0,220,294.022641509434,8,2059,5966.91051212938
1637174772,1,GET,/,1.800000,0.000000,140,150,160,160,160,170,170,170,170,170,170,477,0,270,333.6813417190776,111,1677,10209.090146750525
1637174772,1,POST,/,0.500000,0.000000,370,370,380,380,380,380,380,380,380,380,380,73,0,660,777.5342465753424,296,2059,10104.301369863013
1637174772,1,GET,/auth/find-friends/,1.800000,0.000000,71,72,75,75,79,84,84,84,84,84,84,580,0,160,210.17241379310346,54,1145,1974.0
1637174772,1,GET,/auth/login/,0.000000,0.000000,0,0,0,0,0,0,0,0,0,0,0,1,0,597,597.0,597,597,2961.0
1637174772,1,POST,/auth/login/,0.100000,0.000000,190,190,270,270,270,270,270,270,270,270,270,74,0,300,483.68918918918916,153,1812,10356.905405405405
1637174772,1,GET,/auth/logout/,0.200000,0.000000,12,12,23,23,23,23,23,23,23,23,23,74,0,110,134.54054054054055,8,506,1712.0
1637174772,1,POST,/auth/modify-friend/,0.900000,0.000000,95,95,97,97,100,100,100,100,100,100,100,290,0,190,248.74137931034483,74,1132,1713.0
1637174772,1,GET,/public/,0.900000,0.000000,140,140,140,140,140,140,140,140,140,140,140,290,0,240,308.9172413793103,109,1344,10194.037931034483
1637174772,1,,Aggregated,6.200000,0.000000,140,140,140,160,190,360,380,380,380,380,380,1859,0,220,293.6487358795051,8,2059,5971.689618074233
1637174773,1,GET,/,1.700000,0.000000,140,150,160,160,170,170,170,170,170,170,170,477,0,270,333.6813417190776,111,1677,10209.090146750525
1637174773,1,POST,/,0.300000,0.000000,370,370,380,380,380,380,380,380,380,380,380,73,0,660,777.5342465753424,296,2059,10104.301369863013
1637174773,1,GET,/auth/find-friends/,1.900000,0.000000,72,75,79,79,84,84,84,84,84,84,84,580,0,160,210.17241379310346,54,1145,1974.0
1637174773,1,GET,/auth/login/,0.000000,0.000000,0,0,0,0,0,0,0,0,0,0,0,1,0,597,597.0,597,597,2961.0
1637174773,1,POST,/auth/login/,0.200000,0.000000,190,190,270,270,270,270,270,270,270,270,270,75,0,300,479.58666666666664,153,1812,10355.96
1637174773,1,GET,/auth/logout/,0.200000,0.000000,12,12,23,23,23,23,23,23,23,23,23,74,0,110,134.54054054054055,8,506,1712.0
1637174773,1,POST,/auth/modify-friend/,0.900000,0.000000,95,95,100,100,100,100,100,100,100,100,100,290,0,190,248.74137931034483,74,1132,1713.0
1637174773,1,GET,/public/,1.000000,0.000000,140,140,140,140,140,140,140,140,140,140,140,290,0,240,308.9172413793103,109,1344,10194.037931034483
1637174773,1,,Aggregated,6.200000,0.000000,140,140,160,170,270,370,380,380,380,380,380,1860,0,220,293.5854838709677,8,2059,5974.0091397849465
1637174774,1,GET,/,1.400000,0.000000,140,150,160,160,280,280,280,280,280,280,280,478,0,270,333.55857740585776,111,1677,10209.259414225942
1637174774,1,POST,/,0.300000,0.000000,360,360,370,370,370,370,370,370,370,370,370,74,0,650,771.8378378378378,296,2059,10107.95945945946
1637174774,1,GET,/auth/find-friends/,1.500000,0.000000,71,72,75,79,84,84,84,84,84,84,84,582,0,160,209.68213058419244,54,1145,1974.0
1637174774,1,GET,/auth/login/,0.000000,0.000000,0,0,0,0,0,0,0,0,0,0,0,1,0,597,597.0,597,597,2961.0
1637174774,1,POST,/auth/login/,0.300000,0.000000,190,190,270,270,270,270,270,270,270,270,270,75,0,300,479.58666666666664,153,1812,10355.96
1637174774,1,GET,/auth/logout/,0.400000,0.000000,12,12,23,23,23,23,23,23,23,23,23,74,0,110,134.54054054054055,8,506,1712.0
1637174774,1,POST,/auth/modify-friend/,0.800000,0.000000,95,99,99,100,100,100,100,100,100,100,100,291,0,190,248.22680412371133,74,1132,1713.0
1637174774,1,GET,/public/,0.700000,0.000000,140,140,140,150,150,150,150,150,150,150,150,291,0,240,308.3745704467354,109,1344,10193.821305841924
1637174774,1,,Aggregated,5.400000,0.000000,140,140,160,180,280,360,370,370,370,370,370,1866,0,220,293.18595927116826,8,2059,5974.337620578778
1637174775,1,GET,/,1.400000,0.000000,140,150,160,160,280,280,280,280,280,280,280,479,0,270,333.1524008350731,111,1677,10209.910229645095
1637174775,1,POST,/,0.300000,0.000000,360,360,370,370,370,370,370,370,370,370,370,74,0,650,771.8378378378378,296,2059,10107.95945945946
1637174775,1,GET,/auth/find-friends/,1.500000,0.000000,71,72,75,75,79,84,84,84,84,84,84,586,0,160,208.72866894197952,54,1145,1974.0
1637174775,1,GET,/auth/login/,0.000000,0.000000,0,0,0,0,0,0,0,0,0,0,0,1,0,597,597.0,597,597,2961.0
1637174775,1,POST,/auth/login/,0.300000,0.000000,190,190,270,270,270,270,270,270,270,270,270,75,0,300,479.58666666666664,153,1812,10355.96
1637174775,1,GET,/auth/logout/,0.400000,0.000000,12,16,16,23,23,23,23,23,23,23,23,75,0,110,132.96,8,506,1712.0
1637174775,1,POST,/auth/modify-friend/,0.800000,0.000000,97,97,99,99,100,100,100,100,100,100,100,293,0,190,247.1877133105802,74,1132,1713.0
1637174775,1,GET,/public/,0.700000,0.000000,140,140,150,150,150,150,150,150,150,150,150,293,0,240,307.25255972696243,109,1344,10193.706484641638
1637174775,1,,Aggregated,5.400000,0.000000,100,140,150,160,190,280,360,360,360,360,360,1876,0,220,292.11087420042645,8,2059,5965.897121535181
1637174776,1,GET,/,1.400000,0.000000,150,160,160,160,280,280,280,280,280,280,280,479,0,270,333.1524008350731,111,1677,10209.910229645095
1637174776,1,POST,/,0.300000,0.000000,360,360,360,360,360,360,360,360,360,360,360,74,0,650,771.8378378378378,296,2059,10107.95945945946
1637174776,1,GET,/auth/find-friends/,1.500000,0.000000,71,72,75,75,79,84,84,84,84,84,84,586,0,160,208.72866894197952,54,1145,1974.0
1637174776,1,GET,/auth/login/,0.000000,0.000000,0,0,0,0,0,0,0,0,0,0,0,1,0,597,597.0,597,597,2961.0
1637174776,1,POST,/auth/login/,0.300000,0.000000,190,190,270,270,270,270,270,270,270,270,270,75,0,300,479.58666666666664,153,1812,10355.96
1637174776,1,GET,/auth/logout/,0.400000,0.000000,16,16,23,23,23,23,23,23,23,23,23,75,0,110,132.96,8,506,1712.0
1637174776,1,POST,/auth/modify-friend/,0.800000,0.000000,97,97,99,99,100,100,100,100,100,100,100,293,0,190,247.1877133105802,74,1132,1713.0
1637174776,1,GET,/public/,0.700000,0.000000,140,140,150,150,150,150,150,150,150,150,150,293,0,240,307.25255972696243,109,1344,10193.706484641638
1637174776,1,,Aggregated,5.400000,0.000000,99,140,150,150,180,280,360,360,360,360,360,1876,0,220,292.11087420042645,8,2059,5965.897121535181
1637174777,1,GET,/,1.000000,0.000000,150,160,160,160,280,280,280,280,280,280,280,480,0,270,332.79791666666665,111,1677,10210.99375
1637174777,1,POST,/,0.300000,0.000000,360,360,360,360,360,360,360,360,360,360,360,74,0,650,771.8378378378378,296,2059,10107.95945945946
1637174777,1,GET,/auth/find-friends/,1.200000,0.000000,70,71,74,74,79,84,84,84,84,84,84,590,0,160,207.78135593220338,54,1145,1974.0
1637174777,1,GET,/auth/login/,0.000000,0.000000,0,0,0,0,0,0,0,0,0,0,0,1,0,597,597.0,597,597,2961.0
1637174777,1,POST,/auth/login/,0.400000,0.000000,180,180,190,190,190,190,190,190,190,190,190,76,0,300,475.61842105263156,153,1812,10359.592105263158
1637174777,1,GET,/auth/logout/,0.500000,0.000000,10,16,16,23,23,23,23,23,23,23,23,76,0,100,131.32894736842104,8,506,1712.0
1637174777,1,POST,/auth/modify-friend/,0.600000,0.000000,95,97,99,99,100,100,100,100,100,100,100,295,0,180,246.1457627118644,74,1132,1713.0
1637174777,1,GET,/public/,0.600000,0.000000,140,140,150,150,150,150,150,150,150,150,150,295,0,240,306.0983050847458,109,1344,10195.142372881355
1637174777,1,,Aggregated,4.600000,0.000000,95,140,150,160,180,280,360,360,360,360,360,1887,0,220,290.98410174880763,8,2059,5960.376258611553
1637174778,1,GET,/,1.000000,0.000000,160,160,160,160,280,280,280,280,280,280,280,480,0,270,332.79791666666665,111,1677,10210.99375
1637174778,1,POST,/,0.300000,0.000000,360,360,360,360,360,360,360,360,360,360,360,74,0,650,771.8378378378378,296,2059,10107.95945945946
1637174778,1,GET,/auth/find-friends/,1.200000,0.000000,69,71,71,74,79,84,84,84,84,84,84,590,0,160,207.78135593220338,54,1145,1974.0
1637174778,1,GET,/auth/login/,0.000000,0.000000,0,0,0,0,0,0,0,0,0,0,0,1,0,597,597.0,597,597,2961.0
1637174778,1,POST,/auth/login/,0.400000,0.000000,180,180,190,190,190,190,190,190,190,190,190,76,0,300,475.61842105263156,153,1812,10359.592105263158
1637174778,1,GET,/auth/logout/,0.500000,0.000000,10,16,16,23,23,23,23,23,23,23,23,76,0,100,131.32894736842104,8,506,1712.0
1637174778,1,POST,/auth/modify-friend/,0.600000,0.000000,95,97,99,99,100,100,100,100,100,100,100,295,0,180,246.1457627118644,74,1132,1713.0
1637174778,1,GET,/public/,0.600000,0.000000,140,140,150,150,150,150,150,150,150,150,150,295,0,240,306.0983050847458,109,1344,10195.142372881355
1637174778,1,,Aggregated,4.600000,0.000000,95,140,150,150,180,190,360,360,360,360,360,1887,0,220,290.98410174880763,8,2059,5960.376258611553
1637174779,1,GET,/,0.900000,0.000000,160,170,170,170,280,280,280,280,280,280,280,482,0,270,332.12240663900417,111,1677,10212.697095435684
1637174779,1,POST,/,0.200000,0.000000,360,360,360,360,360,360,360,360,360,360,360,74,0,650,771.8378378378378,296,2059,10107.95945945946
1637174779,1,GET,/auth/find-friends/,1.600000,0.000000,69,70,71,74,90,91,91,91,91,91,91,592,0,160,207.38513513513513,54,1145,1974.0
1637174779,1,GET,/auth/login/,0.000000,0.000000,0,0,0,0,0,0,0,0,0,0,0,1,0,597,597.0,597,597,2961.0
1637174779,1,POST,/auth/login/,0.400000,0.000000,180,190,190,230,230,230,230,230,230,230,230,77,0,300,472.45454545454544,153,1812,10364.402597402597
1637174779,1,GET,/auth/logout/,0.400000,0.000000,10,10,16,16,16,16,16,16,16,16,16,76,0,100,131.32894736842104,8,506,1712.0
1637174779,1,POST,/auth/modify-friend/,0.700000,0.000000,97,97,99,99,100,100,100,100,100,100,100,295,0,180,246.1457627118644,74,1132,1713.0
1637174779,1,GET,/public/,0.800000,0.000000,140,150,150,150,200,200,200,200,200,200,200,296,0,230,305.72297297297297,109,1344,10196.074324324325
1637174779,1,,Aggregated,5.000000,0.000000,99,140,160,170,180,230,360,360,360,360,360,1893,0,220,290.5625990491284,8,2059,5965.991547807713
1637174780,1,GET,/,0.600000,0.000000,170,170,200,280,340,340,340,340,340,340,340,484,0,270,331.8615702479339,111,1677,10214.894628099173
1637174780,1,POST,/,0.200000,0.000000,360,360,360,360,360,360,360,360,360,360,360,74,0,650,771.8378378378378,296,2059,10107.95945945946
1637174780,1,GET,/auth/find-friends/,1.400000,0.000000,69,71,74,90,91,94,94,94,94,94,94,593,0,160,207.19392917369308,54,1145,1974.0
1637174780,1,GET,/auth/login/,0.000000,0.000000,0,0,0,0,0,0,0,0,0,0,0,1,0,597,597.0,597,597,2961.0
1637174780,1,POST,/auth/login/,0.400000,0.000000,180,180,230,230,230,230,230,230,230,230,230,77,0,300,472.45454545454544,153,1812,10364.402597402597
1637174780,1,GET,/auth/logout/,0.500000,0.000000,9,9,16,16,16,16,16,16,16,16,16,76,0,100,131.32894736842104,8,506,1712.0
1637174780,1,POST,/auth/modify-friend/,0.700000,0.000000,97,99,100,100,130,130,130,130,130,130,130,296,0,180,245.74324324324326,74,1132,1713.0
1637174780,1,GET,/public/,0.700000,0.000000,140,150,150,200,270,270,270,270,270,270,270,297,0,240,305.5892255892256,109,1344,10197.451178451178
1637174780,1,,Aggregated,4.500000,0.000000,130,150,170,180,230,280,360,360,360,360,360,1898,0,220,290.3371970495258,8,2059,5969.126975763962
1637174781,1,GET,/,0.600000,0.000000,170,170,200,280,340,340,340,340,340,340,340,484,0,270,331.8615702479339,111,1677,10214.894628099173
1637174781,1,POST,/,0.200000,0.000000,360,360,360,360,360,360,360,360,360,360,360,74,0,650,771.8378378378378,296,2059,10107.95945945946
1637174781,1,GET,/auth/find-friends/,1.400000,0.000000,70,74,90,91,92,94,94,94,94,94,94,594,0,160,207.0,54,1145,1974.0
1637174781,1,GET,/auth/login/,0.000000,0.000000,0,0,0,0,0,0,0,0,0,0,0,1,0,597,597.0,597,597,2961.0
1637174781,1,POST,/auth/login/,0.400000,0.000000,180,180,230,230,230,230,230,230,230,230,230,77,0,300,472.45454545454544,153,1812,10364.402597402597
1637174781,1,GET,/auth/logout/,0.500000,0.000000,16,16,24,24,24,24,24,24,24,24,24,77,0,100,129.93506493506493,8,506,1712.0
1637174781,1,POST,/auth/modify-friend/,0.700000,0.000000,99,100,130,130,130,130,130,130,130,130,130,297,0,180,245.36700336700338,74,1132,1713.0
1637174781,1,GET,/public/,0.700000,0.000000,150,150,200,200,270,270,270,270,270,270,270,297,0,240,305.5892255892256,109,1344,10197.451178451178
1637174781,1,,Aggregated,4.500000,0.000000,99,140,170,180,230,280,360,360,360,360,360,1901,0,220,290.0105207785376,8,2059,5962.547080483956
1637174782,1,GET,/,1.000000,0.000000,180,200,280,280,340,340,340,340,340,340,340,485,0,270,331.55670103092785,111,1677,10215.911340206185
1637174782,1,POST,/,0.100000,0.000000,360,360,360,360,360,360,360,360,360,360,360,74,0,650,771.8378378378378,296,2059,10107.95945945946
1637174782,1,GET,/auth/find-friends/,1.300000,0.000000,70,74,90,91,92,94,94,94,94,94,94,595,0,160,206.80336134453782,54,1145,1974.0
1637174782,1,GET,/auth/login/,0.000000,0.000000,0,0,0,0,0,0,0,0,0,0,0,1,0,597,597.0,597,597,2961.0
1637174782,1,POST,/auth/login/,0.400000,0.000000,230,230,250,250,250,250,250,250,250,250,250,78,0,290,469.6025641025641,153,1812,10369.064102564103
1637174782,1,GET,/auth/logout/,0.400000,0.000000,16,16,24,24,24,24,24,24,24,24,24,77,0,100,129.93506493506493,8,506,1712.0
1637174782,1,POST,/auth/modify-friend/,0.700000,0.000000,97,99,130,130,130,130,130,130,130,130,130,297,0,180,245.36700336700338,74,1132,1713.0
1637174782,1,GET,/public/,0.700000,0.000000,150,180,200,200,270,270,270,270,270,270,270,298,0,230,305.1677852348993,109,1344,10198.506711409396
1637174782,1,,Aggregated,4.600000,0.000000,99,150,170,180,250,280,360,360,360,360,360,1905,0,220,289.7711286089239,8,2059,5967.8341207349085
1637174783,1,GET,/,1.000000,0.000000,180,190,200,200,340,340,340,340,340,340,340,486,0,270,331.2695473251029,111,1677,10216.897119341564
1637174783,1,POST,/,0.100000,0.000000,360,360,360,360,360,360,360,360,360,360,360,74,0,650,771.8378378378378,296,2059,10107.95945945946
1637174783,1,GET,/auth/find-friends/,1.300000,0.000000,89,90,91,91,94,95,95,95,95,95,95,598,0,160,206.22408026755852,54,1145,1974.0
1637174783,1,GET,/auth/login/,0.000000,0.000000,0,0,0,0,0,0,0,0,0,0,0,1,0,597,597.0,597,597,2961.0
1637174783,1,POST,/auth/login/,0.400000,0.000000,230,230,250,250,250,250,250,250,250,250,250,78,0,290,469.6025641025641,153,1812,10369.064102564103
1637174783,1,GET,/auth/logout/,0.400000,0.000000,16,16,24,24,24,24,24,24,24,24,24,77,0,100,129.93506493506493,8,506,1712.0
1637174783,1,POST,/auth/modify-friend/,0.700000,0.000000,99,120,120,130,130,130,130,130,130,130,130,299,0,180,244.54849498327758,74,1132,1713.0
1637174783,1,GET,/public/,0.700000,0.000000,170,180,200,200,270,270,270,270,270,270,270,299,0,230,304.7257525083612,109,1344,10199.317725752508
1637174783,1,,Aggregated,4.600000,0.000000,99,140,170,180,200,250,340,340,340,340,340,1912,0,220,289.17311715481173,8,2059,5961.928870292887
1637174784,1,GET,/,0.800000,0.000000,180,190,200,200,210,340,340,340,340,340,340,489,0,270,330.39672801635993,111,1677,10219.010224948875
1637174784,1,POST,/,0.100000,0.000000,360,360,360,360,360,360,360,360,360,360,360,74,0,650,771.8378378378378,296,2059,10107.95945945946
1637174784,1,GET,/auth/find-friends/,1.400000,0.000000,90,90,91,92,94,95,95,95,95,95,95,600,0,150,205.84333333333333,54,1145,1974.0
1637174784,1,GET,/auth/login/,0.000000,0.000000,0,0,0,0,0,0,0,0,0,0,0,1,0,597,597.0,597,597,2961.0
1637174784,1,POST,/auth/login/,0.400000,0.000000,230,230,250,250,250,250,250,250,250,250,250,78,0,290,469.6025641025641,153,1812,10369.064102564103
1637174784,1,GET,/auth/logout/,0.300000,0.000000,16,16,24,24,24,24,24,24,24,24,24,77,0,100,129.93506493506493,8,506,1712.0
1637174784,1,POST,/auth/modify-friend/,0.700000,0.000000,120,120,120,130,130,130,130,130,130,130,130,300,0,180,244.14333333333335,74,1132,1713.0
1637174784,1,GET,/public/,0.800000,0.000000,170,170,180,200,270,270,270,270,270,270,270,300,0,230,304.29,109,1344,10199.366666666667
1637174784,1,,Aggregated,4.500000,0.000000,120,150,170,180,200,250,270,340,340,340,340,1919,0,220,288.6644085461178,8,2059,5964.96456487754
1637174785,1,GET,/,0.800000,0.000000,180,190,200,200,210,340,340,340,340,340,340,490,0,270,330.0857142857143,111,1677,10219.712244897959
1637174785,1,POST,/,0.100000,0.000000,360,360,360,360,360,360,360,360,360,360,360,74,0,650,771.8378378378378,296,2059,10107.95945945946
1637174785,1,GET,/auth/find-friends/,1.400000,0.000000,90,91,93,93,95,250,250,250,250,250,250,602,0,150,205.71594684385383,54,1145,1974.0
1637174785,1,GET,/auth/login/,0.000000,0.000000,0,0,0,0,0,0,0,0,0,0,0,1,0,597,597.0,597,597,2961.0
1637174785,1,POST,/auth/login/,0.400000,0.000000,230,230,250,250,250,250,250,250,250,250,250,78,0,290,469.6025641025641,153,1812,10369.064102564103
1637174785,1,GET,/auth/logout/,0.300000,0.000000,15,15,24,24,24,24,24,24,24,24,24,78,0,98,128.46153846153845,8,506,1712.0
1637174785,1,POST,/auth/modify-friend/,0.700000,0.000000,120,120,130,130,130,130,130,130,130,130,130,301,0,180,243.74418604651163,74,1132,1713.0
1637174785,1,GET,/public/,0.800000,0.000000,180,190,200,200,270,270,270,270,270,270,270,301,0,230,303.89700996677743,109,1344,10199.17607973422
1637174785,1,,Aggregated,4.500000,0.000000,130,170,180,190,230,250,340,340,340,340,340,1925,0,220,288.2,8,2059,5960.958441558441
1637174786,1,GET,/,1.000000,0.000000,180,190,200,200,210,340,340,340,340,340,340,490,0,270,330.0857142857143,111,1677,10219.712244897959
1637174786,1,POST,/,0.000000,0.000000,360,360,360,360,360,360,360,360,360,360,360,74,0,650,771.8378378378378,296,2059,10107.95945945946
1637174786,1,GET,/auth/find-friends/,1.800000,0.000000,90,91,93,93,95,250,250,250,250,250,250,602,0,150,205.71594684385383,54,1145,1974.0
1637174786,1,GET,/auth/login/,0.000000,0.000000,0,0,0,0,0,0,0,0,0,0,0,1,0,597,597.0,597,597,2961.0
1637174786,1,POST,/auth/login/,0.300000,0.000000,240,240,250,250,250,250,250,250,250,250,250,79,0,290,466.67088607594934,153,1812,10367.822784810127
1637174786,1,GET,/auth/logout/,0.300000,0.000000,15,15,24,24,24,24,24,24,24,24,24,78,0,98,128.46153846153845,8,506,1712.0
1637174786,1,POST,/auth/modify-friend/,1.000000,0.000000,120,120,130,130,130,130,130,130,130,130,130,301,0,180,243.74418604651163,74,1132,1713.0
1637174786,1,GET,/public/,0.900000,0.000000,180,190,200,200,270,270,270,270,270,270,270,301,0,230,303.89700996677743,109,1344,10199.17607973422
1637174786,1,,Aggregated,5.300000,0.000000,130,180,190,200,240,250,340,340,340,340,340,1926,0,220,288.1739356178609,8,2059,5963.196261682243
1637174787,1,GET,/,1.100000,0.000000,180,190,200,200,210,340,340,340,340,340,340,492,0,270,329.5243902439024,111,1677,10220.012195121952
1637174787,1,POST,/,0.000000,0.000000,550,550,550,550,550,550,550,550,550,550,550,75,0,650,768.8933333333333,296,2059,10110.12
1637174787,1,GET,/auth/find-friends/,1.600000,0.000000,91,92,94,94,95,250,250,250,250,250,250,602,0,150,205.71594684385383,54,1145,1974.0
1637174787,1,GET,/auth/login/,0.000000,0.000000,0,0,0,0,0,0,0,0,0,0,0,1,0,597,597.0,597,597,2961.0
1637174787,1,POST,/auth/login/,0.300000,0.000000,240,240,250,250,250,250,250,250,250,250,250,79,0,290,466.67088607594934,153,1812,10367.822784810127
1637174787,1,GET,/auth/logout/,0.300000,0.000000,15,15,24,24,24,24,24,24,24,24,24,78,0,98,128.46153846153845,8,506,1712.0
1637174787,1,POST,/auth/modify-friend/,0.800000,0.000000,120,120,130,130,130,130,130,130,130,130,130,301,0,180,243.74418604651163,74,1132,1713.0
1637174787,1,GET,/public/,0.800000,0.000000,190,190,200,200,270,270,270,270,270,270,270,301,0,230,303.89700996677743,109,1344,10199.17607973422
1637174787,1,,Aggregated,4.900000,0.000000,170,180,200,200,250,270,550,550,550,550,550,1929,0,220,288.2104717470192,8,2059,5969.9186106791085
1637174788,1,GET,/,1.100000,0.000000,200,210,250,280,340,520,520,520,520,520,520,495,0,270,329.63232323232324,111,1677,10221.125252525253
1637174788,1,POST,/,0.000000,0.000000,550,550,550,550,550,550,550,550,550,550,550,75,0,650,768.8933333333333,296,2059,10110.12
1637174788,1,GET,/auth/find-friends/,1.600000,0.000000,91,93,94,94,95,250,250,250,250,250,250,602,0,150,205.71594684385383,54,1145,1974.0
1637174788,1,GET,/auth/login/,0.000000,0.000000,0,0,0,0,0,0,0,0,0,0,0,1,0,597,597.0,597,597,2961.0
1637174788,1,POST,/auth/login/,0.300000,0.000000,240,240,250,250,250,250,250,250,250,250,250,79,0,290,466.67088607594934,153,1812,10367.822784810127
1637174788,1,GET,/auth/logout/,0.300000,0.000000,24,24,24,24,24,24,24,24,24,24,24,78,0,98,128.46153846153845,8,506,1712.0
1637174788,1,POST,/auth/modify-friend/,0.800000,0.000000,120,120,130,130,130,130,130,130,130,130,130,301,0,180,243.74418604651163,74,1132,1713.0
1637174788,1,GET,/public/,0.800000,0.000000,180,190,190,270,270,270,270,270,270,270,270,301,0,230,303.89700996677743,109,1344,10199.17607973422
1637174788,1,,Aggregated,4.900000,0.000000,180,190,210,250,280,520,550,550,550,550,550,1932,0,220,288.30227743271223,8,2059,5976.803312629399
1637174789,1,GET,/,1.200000,0.000000,200,210,250,280,340,520,520,520,520,520,520,495,0,270,329.63232323232324,111,1677,10221.125252525253
1637174789,1,POST,/,0.000000,0.000000,550,550,760,760,760,760,760,760,760,760,760,76,0,650,768.7894736842105,296,2059,10113.921052631578
1637174789,1,GET,/auth/find-friends/,1.200000,0.000000,92,93,94,95,250,250,250,250,250,250,250,602,0,150,205.71594684385383,54,1145,1974.0
1637174789,1,GET,/auth/login/,0.000000,0.000000,0,0,0,0,0,0,0,0,0,0,0,1,0,597,597.0,597,597,2961.0
1637174789,1,POST,/auth/login/,0.300000,0.000000,250,250,250,250,250,250,250,250,250,250,250,79,0,290,466.67088607594934,153,1812,10367.822784810127
1637174789,1,GET,/auth/logout/,0.300000,0.000000,24,24,24,24,24,24,24,24,24,24,24,78,0,98,128.46153846153845,8,506,1712.0
1637174789,1,POST,/auth/modify-friend/,0.700000,0.000000,120,120,120,130,130,130,130,130,130,130,130,301,0,180,243.74418604651163,74,1132,1713.0
1637174789,1,GET,/public/,0.600000,0.000000,190,190,250,250,270,270,270,270,270,270,270,302,0,230,303.71523178807945,109,1344,10199.079470198676
1637174789,1,,Aggregated,4.300000,0.000000,180,190,210,250,280,550,760,760,760,760,760,1934,0,220,288.5263702171665,8,2059,5981.258014477767
1637174790,1,GET,/,1.400000,0.000000,200,210,250,250,280,520,520,520,520,520,520,496,0,270,329.4778225806452,111,1677,10221.663306451614
1637174790,1,POST,/,0.100000,0.000000,760,760,760,760,760,760,760,760,760,760,760,76,0,650,768.7894736842105,296,2059,10113.921052631578
1637174790,1,GET,/auth/find-friends/,1.200000,0.000000,93,94,150,150,190,250,250,250,250,250,250,604,0,150,205.59271523178808,54,1145,1974.0
1637174790,1,GET,/auth/login/,0.000000,0.000000,0,0,0,0,0,0,0,0,0,0,0,1,0,597,597.0,597,597,2961.0
1637174790,1,POST,/auth/login/,0.300000,0.000000,250,250,250,250,250,250,250,250,250,250,250,79,0,290,466.67088607594934,153,1812,10367.822784810127
1637174790,1,GET,/auth/logout/,0.200000,0.000000,24,24,24,24,24,24,24,24,24,24,24,78,0,98,128.46153846153845,8,506,1712.0
1637174790,1,POST,/auth/modify-friend/,0.600000,0.000000,120,120,130,130,280,280,280,280,280,280,280,302,0,180,243.86423841059602,74,1132,1713.0
1637174790,1,GET,/public/,0.600000,0.000000,180,190,190,250,250,250,250,250,250,250,250,302,0,230,303.71523178807945,109,1344,10199.079470198676
1637174790,1,,Aggregated,4.400000,0.000000,180,200,250,250,280,550,760,760,760,760,760,1938,0,220,288.3797729618163,8,2059,5977.245614035088
1637174791,1,GET,/,1.300000,0.000000,200,250,250,250,280,520,520,520,520,520,520,496,0,270,329.4778225806452,111,1677,10221.663306451614
1637174791,1,POST,/,0.200000,0.000000,760,760,760,760,760,760,760,760,760,760,760,76,0,650,768.7894736842105,296,2059,10113.921052631578
1637174791,1,GET,/auth/find-friends/,1.100000,0.000000,95,150,190,190,240,250,250,250,250,250,250,606,0,160,205.6089108910891,54,1145,1974.0
1637174791,1,GET,/auth/login/,0.000000,0.000000,0,0,0,0,0,0,0,0,0,0,0,1,0,597,597.0,597,597,2961.0
1637174791,1,POST,/auth/login/,0.200000,0.000000,250,250,250,250,250,250,250,250,250,250,250,79,0,290,466.67088607594934,153,1812,10367.822784810127
1637174791,1,GET,/auth/logout/,0.200000,0.000000,24,24,24,24,24,24,24,24,24,24,24,78,0,98,128.46153846153845,8,506,1712.0
1637174791,1,POST,/auth/modify-friend/,0.600000,0.000000,120,120,190,190,280,280,280,280,280,280,280,303,0,180,243.6963696369637,74,1132,1713.0
1637174791,1,GET,/public/,0.500000,0.000000,250,250,250,250,250,250,250,250,250,250,250,304,0,230,303.3388157894737,109,1344,10198.628289473685
1637174791,1,,Aggregated,4.100000,0.000000,180,210,250,250,280,550,760,760,760,760,760,1943,0,220,288.20741121976323,8,2059,5975.205352547607
1637174792,1,GET,/,1.100000,0.000000,210,250,250,250,280,520,520,520,520,520,520,497,0,270,329.3118712273642,111,1677,10222.557344064386
1637174792,1,POST,/,0.200000,0.000000,760,760,760,760,760,760,760,760,760,760,760,76,0,650,768.7894736842105,296,2059,10113.921052631578
1637174792,1,GET,/auth/find-friends/,1.200000,0.000000,180,190,240,250,260,260,260,260,260,260,260,608,0,160,205.65296052631578,54,1145,1974.0
1637174792,1,GET,/auth/login/,0.000000,0.000000,0,0,0,0,0,0,0,0,0,0,0,1,0,597,597.0,597,597,2961.0
1637174792,1,POST,/auth/login/,0.200000,0.000000,250,250,250,250,250,250,250,250,250,250,250,79,0,290,466.67088607594934,153,1812,10367.822784810127
1637174792,1,GET,/auth/logout/,0.200000,0.000000,15,15,15,15,15,15,15,15,15,15,15,78,0,98,128.46153846153845,8,506,1712.0
1637174792,1,POST,/auth/modify-friend/,0.600000,0.000000,190,280,280,290,290,290,290,290,290,290,290,304,0,180,243.86184210526315,74,1132,1713.0
1637174792,1,GET,/public/,0.500000,0.000000,250,250,250,250,250,250,250,250,250,250,250,304,0,230,303.3388157894737,109,1344,10198.628289473685
1637174792,1,,Aggregated,4.000000,0.000000,200,250,250,260,290,550,760,760,760,760,760,1947,0,220,288.1181304571135,8,2059,5971.315356959425
1637174793,1,GET,/,1.100000,0.000000,250,280,280,280,320,520,520,520,520,520,520,499,0,270,329.186372745491,111,1677,10224.607214428857
1637174793,1,POST,/,0.200000,0.000000,760,760,760,760,760,760,760,760,760,760,760,76,0,650,768.7894736842105,296,2059,10113.921052631578
1637174793,1,GET,/auth/find-friends/,1.200000,0.000000,190,240,250,250,260,260,260,260,260,260,260,608,0,160,205.65296052631578,54,1145,1974.0
1637174793,1,GET,/auth/login/,0.000000,0.000000,0,0,0,0,0,0,0,0,0,0,0,1,0,597,597.0,597,597,2961.0
1637174793,1,POST,/auth/login/,0.200000,0.000000,240,240,240,240,240,240,240,240,240,240,240,79,0,290,466.67088607594934,153,1812,10367.822784810127
1637174793,1,GET,/auth/logout/,0.200000,0.000000,15,15,15,15,15,15,15,15,15,15,15,78,0,98,128.46153846153845,8,506,1712.0
1637174793,1,POST,/auth/modify-friend/,0.600000,0.000000,280,280,290,290,290,290,290,290,290,290,290,304,0,180,243.86184210526315,74,1132,1713.0
1637174793,1,GET,/public/,0.500000,0.000000,250,250,250,250,250,250,250,250,250,250,250,304,0,230,303.3388157894737,109,1344,10198.628289473685
1637174793,1,,Aggregated,4.000000,0.000000,250,250,280,280,320,550,760,760,760,760,760,1949,0,220,288.128270908158,8,2059,5976.20266803489
1637174794,1,GET,/,1.100000,0.000000,250,280,320,320,360,520,520,520,520,520,520,500,0,270,329.244,111,1677,10224.672
1637174794,1,POST,/,0.200000,0.000000,760,760,850,850,850,850,850,850,850,850,850,77,0,660,769.8701298701299,296,2059,10116.974025974027
1637174794,1,GET,/auth/find-friends/,1.400000,0.000000,190,240,250,250,260,260,260,260,260,260,260,608,0,160,205.65296052631578,54,1145,1974.0
1637174794,1,GET,/auth/login/,0.000000,0.000000,0,0,0,0,0,0,0,0,0,0,0,1,0,597,597.0,597,597,2961.0
1637174794,1,POST,/auth/login/,0.100000,0.000000,240,240,240,240,240,240,240,240,240,240,240,79,0,290,466.67088607594934,153,1812,10367.822784810127
1637174794,1,GET,/auth/logout/,0.100000,0.000000,170,170,170,170,170,170,170,170,170,170,170,79,0,100,129.0,8,506,1712.0
1637174794,1,POST,/auth/modify-friend/,0.700000,0.000000,280,280,290,290,290,290,290,290,290,290,290,304,0,180,243.86184210526315,74,1132,1713.0
1637174794,1,GET,/public/,0.600000,0.000000,250,250,250,250,250,250,250,250,250,250,250,304,0,230,303.3388157894737,109,1344,10198.628289473685
1637174794,1,,Aggregated,4.200000,0.000000,250,250,280,290,520,760,850,850,850,850,850,1952,0,220,288.39293032786884,8,2059,5978.451331967213
1637174795,1,GET,/,1.100000,0.000000,280,280,320,360,520,520,520,520,520,520,520,500,0,270,329.244,111,1677,10224.672
1637174795,1,POST,/,0.200000,0.000000,760,760,850,850,850,850,850,850,850,850,850,77,0,660,769.8701298701299,296,2059,10116.974025974027
1637174795,1,GET,/auth/find-friends/,1.400000,0.000000,190,240,250,250,260,260,260,260,260,260,260,608,0,160,205.65296052631578,54,1145,1974.0
1637174795,1,GET,/auth/login/,0.000000,0.000000,0,0,0,0,0,0,0,0,0,0,0,1,0,597,597.0,597,597,2961.0
1637174795,1,POST,/auth/login/,0.100000,0.000000,240,240,240,240,240,240,240,240,240,240,240,79,0,290,466.67088607594934,153,1812,10367.822784810127
1637174795,1,GET,/auth/logout/,0.100000,0.000000,170,170,170,170,170,170,170,170,170,170,170,79,0,100,129.0,8,506,1712.0
1637174795,1,POST,/auth/modify-friend/,0.700000,0.000000,280,280,290,290,290,290,290,290,290,290,290,304,0,180,243.86184210526315,74,1132,1713.0
1637174795,1,GET,/public/,0.600000,0.000000,250,250,250,250,250,250,250,250,250,250,250,304,0,230,303.3388157894737,109,1344,10198.628289473685
1637174795,1,,Aggregated,4.200000,0.000000,250,280,290,320,550,760,850,850,850,850,850,1952,0,220,288.39293032786884,8,2059,5978.451331967213
1637174796,1,GET,/,1.200000,0.000000,280,320,360,360,520,520,520,520,520,520,520,500,0,270,329.244,111,1677,10224.672
1637174796,1,POST,/,0.300000,0.000000,760,760,850,850,850,850,850,850,850,850,850,77,0,660,769.8701298701299,296,2059,10116.974025974027
1637174796,1,GET,/auth/find-friends/,0.800000,0.000000,190,190,240,240,260,260,260,260,260,260,260,608,0,160,205.65296052631578,54,1145,1974.0
1637174796,1,GET,/auth/login/,0.000000,0.000000,0,0,0,0,0,0,0,0,0,0,0,1,0,597,597.0,597,597,2961.0
1637174796,1,POST,/auth/login/,0.100000,0.000000,950,950,950,950,950,950,950,950,950,950,950,80,0,290,472.675,153,1812,10368.65
1637174796,1,GET,/auth/logout/,0.100000,0.000000,170,170,170,170,170,170,170,170,170,170,170,79,0,100,129.0,8,506,1712.0
1637174796,1,POST,/auth/modify-friend/,0.400000,0.000000,280,280,290,290,290,290,290,290,290,290,290,304,0,180,243.86184210526315,74,1132,1713.0
1637174796,1,GET,/public/,0.400000,0.000000,250,250,250,250,250,250,250,250,250,250,250,304,0,230,303.3388157894737,109,1344,10198.628289473685
1637174796,1,,Aggregated,3.300000,0.000000,250,280,320,520,760,850,950,950,950,950,950,1953,0,220,288.73015873015873,8,2059,5980.732718894009
1637174797,1,GET,/,1.200000,0.000000,320,360,520,520,800,800,800,800,800,800,800,501,0,270,330.18562874251495,111,1677,10225.477045908183
1637174797,1,POST,/,0.300000,0.000000,850,850,850,850,850,850,850,850,850,850,850,77,0,660,769.8701298701299,296,2059,10116.974025974027
1637174797,1,GET,/auth/find-friends/,0.800000,0.000000,190,190,240,240,260,260,260,260,260,260,260,608,0,160,205.65296052631578,54,1145,1974.0
1637174797,1,GET,/auth/login/,0.000000,0.000000,0,0,0,0,0,0,0,0,0,0,0,1,0,597,597.0,597,597,2961.0
1637174797,1,POST,/auth/login/,0.100000,0.000000,950,950,950,950,950,950,950,950,950,950,950,80,0,290,472.675,153,1812,10368.65
1637174797,1,GET,/auth/logout/,0.100000,0.000000,170,170,170,170,170,170,170,170,170,170,170,79,0,100,129.0,8,506,1712.0
1637174797,1,POST,/auth/modify-friend/,0.400000,0.000000,280,280,290,290,290,290,290,290,290,290,290,304,0,180,243.86184210526315,74,1132,1713.0
1637174797,1,GET,/public/,0.400000,0.000000,250,250,250,250,250,250,250,250,250,250,250,304,0,230,303.3388157894737,109,1344,10198.628289473685
1637174797,1,,Aggregated,3.300000,0.000000,250,290,360,520,800,850,950,950,950,950,950,1954,0,220,288.99232343909927,8,2059,5983.111054247697
1637174798,1,GET,/,1.200000,0.000000,320,360,520,520,800,800,800,800,800,800,800,501,0,270,330.18562874251495,111,1677,10225.477045908183
1637174798,1,POST,/,0.300000,0.000000,850,850,850,850,850,850,850,850,850,850,850,77,0,660,769.8701298701299,296,2059,10116.974025974027
1637174798,1,GET,/auth/find-friends/,0.800000,0.000000,190,190,240,240,260,260,260,260,260,260,260,608,0,160,205.65296052631578,54,1145,1974.0
1637174798,1,GET,/auth/login/,0.000000,0.000000,0,0,0,0,0,0,0,0,0,0,0,1,0,597,597.0,597,597,2961.0
1637174798,1,POST,/auth/login/,0.100000,0.000000,950,950,950,950,950,950,950,950,950,950,950,80,0,290,472.675,153,1812,10368.65
1637174798,1,GET,/auth/logout/,0.100000,0.000000,170,170,170,170,170,170,170,170,170,170,170,79,0,100,129.0,8,506,1712.0
1637174798,1,POST,/auth/modify-friend/,0.400000,0.000000,280,280,290,290,290,290,290,290,290,290,290,304,0,180,243.86184210526315,74,1132,1713.0
1637174798,1,GET,/public/,0.400000,0.000000,250,250,250,250,250,250,250,250,250,250,250,304,0,230,303.3388157894737,109,1344,10198.628289473685
1637174798,1,,Aggregated,3.300000,0.000000,250,280,290,320,800,850,950,950,950,950,950,1954,0,220,288.99232343909927,8,2059,5983.111054247697
1637174799,1,GET,/,0.900000,0.000000,320,320,360,360,800,800,800,800,800,800,800,501,0,270,330.18562874251495,111,1677,10225.477045908183
1637174799,1,POST,/,0.300000,0.000000,850,850,1600,1600,1600,1600,1600,1600,1600,1600,1600,78,0,660,780.5897435897435,296,2059,10121.51282051282
1637174799,1,GET,/auth/find-friends/,0.600000,0.000000,240,240,260,260,260,260,260,260,260,260,260,608,0,160,205.65296052631578,54,1145,1974.0
1637174799,1,GET,/auth/login/,0.000000,0.000000,0,0,0,0,0,0,0,0,0,0,0,1,0,597,597.0,597,597,2961.0
1637174799,1,POST,/auth/login/,0.100000,0.000000,950,950,950,950,950,950,950,950,950,950,950,80,0,290,472.675,153,1812,10368.65
1637174799,1,GET,/auth/logout/,0.100000,0.000000,170,170,170,170,170,170,170,170,170,170,170,79,0,100,129.0,8,506,1712.0
1637174799,1,POST,/auth/modify-friend/,0.300000,0.000000,290,290,290,290,290,290,290,290,290,290,290,304,0,180,243.86184210526315,74,1132,1713.0
1637174799,1,GET,/public/,0.300000,0.000000,250,250,700,700,700,700,700,700,700,700,700,305,0,240,304.62622950819673,109,1344,10198.48524590164
1637174799,1,,Aggregated,2.600000,0.000000,260,320,700,800,950,1600,1600,1600,1600,1600,1600,1956,0,220,289.87372188139057,8,2059,5987.538343558283
1637174800,1,GET,/,0.900000,0.000000,320,320,360,360,800,800,800,800,800,800,800,501,0,270,330.18562874251495,111,1677,10225.477045908183
1637174800,1,POST,/,0.300000,0.000000,1600,1600,1600,1600,1600,1600,1600,1600,1600,1600,1600,78,0,660,780.5897435897435,296,2059,10121.51282051282
1637174800,1,GET,/auth/find-friends/,0.600000,0.000000,260,260,470,470,470,470,470,470,470,470,470,609,0,160,206.08210180623973,54,1145,1974.0
1637174800,1,GET,/auth/login/,0.000000,0.000000,0,0,0,0,0,0,0,0,0,0,0,1,0,597,597.0,597,597,2961.0
1637174800,1,POST,/auth/login/,0.100000,0.000000,950,950,950,950,950,950,950,950,950,950,950,80,0,290,472.675,153,1812,10368.65
1637174800,1,GET,/auth/logout/,0.100000,0.000000,170,170,170,170,170,170,170,170,170,170,170,79,0,100,129.0,8,506,1712.0
1637174800,1,POST,/auth/modify-friend/,0.300000,0.000000,290,290,290,290,290,290,290,290,290,290,290,304,0,180,243.86184210526315,74,1132,1713.0
1637174800,1,GET,/public/,0.300000,0.000000,700,700,700,700,700,700,700,700,700,700,700,305,0,240,304.62622950819673,109,1344,10198.48524590164
1637174800,1,,Aggregated,2.600000,0.000000,320,470,800,850,950,1600,1600,1600,1600,1600,1600,1957,0,220,289.96423096576393,8,2059,5985.487480838017
1637174801,1,GET,/,0.700000,0.000000,320,360,360,800,800,800,800,800,800,800,800,501,0,270,330.18562874251495,111,1677,10225.477045908183
1637174801,1,POST,/,0.200000,0.000000,1600,1600,1600,1600,1600,1600,1600,1600,1600,1600,1600,78,0,660,780.5897435897435,296,2059,10121.51282051282
1637174801,1,GET,/auth/find-friends/,0.600000,0.000000,470,470,640,640,640,640,640,640,640,640,640,610,0,160,206.7967213114754,54,1145,1974.0
1637174801,1,GET,/auth/login/,0.000000,0.000000,0,0,0,0,0,0,0,0,0,0,0,1,0,597,597.0,597,597,2961.0
1637174801,1,POST,/auth/login/,0.100000,0.000000,950,950,950,950,950,950,950,950,950,950,950,80,0,290,472.675,153,1812,10368.65
1637174801,1,GET,/auth/logout/,0.100000,0.000000,170,170,170,170,170,170,170,170,170,170,170,79,0,100,129.0,8,506,1712.0
1637174801,1,POST,/auth/modify-friend/,0.300000,0.000000,500,500,500,500,500,500,500,500,500,500,500,305,0,180,244.71803278688526,74,1132,1713.0
1637174801,1,GET,/public/,0.300000,0.000000,700,700,700,700,700,700,700,700,700,700,700,305,0,240,304.62622950819673,109,1344,10198.48524590164
1637174801,1,,Aggregated,2.300000,0.000000,500,700,800,850,950,1600,1600,1600,1600,1600,1600,1959,0,220,290.2537008677897,8,2059,5981.258805513017
1637174802,1,GET,/,0.600000,0.000000,800,800,800,800,800,800,800,800,800,800,800,501,0,270,330.18562874251495,111,1677,10225.477045908183
1637174802,1,POST,/,0.200000,0.000000,1600,1600,1600,1600,1600,1600,1600,1600,1600,1600,1600,78,0,660,780.5897435897435,296,2059,10121.51282051282
1637174802,1,GET,/auth/find-friends/,0.600000,0.000000,470,520,520,640,640,640,640,640,640,640,640,611,0,160,207.3142389525368,54,1145,1974.0
1637174802,1,GET,/auth/login/,0.000000,0.000000,0,0,0,0,0,0,0,0,0,0,0,1,0,597,597.0,597,597,2961.0
1637174802,1,POST,/auth/login/,0.100000,0.000000,950,950,950,950,950,950,950,950,950,950,950,80,0,290,472.675,153,1812,10368.65
1637174802,1,GET,/auth/logout/,0.100000,0.000000,170,170,170,170,170,170,170,170,170,170,170,79,0,100,129.0,8,506,1712.0
1637174802,1,POST,/auth/modify-friend/,0.300000,0.000000,500,500,500,500,500,500,500,500,500,500,500,305,0,180,244.71803278688526,74,1132,1713.0
1637174802,1,GET,/public/,0.300000,0.000000,510,510,700,700,700,700,700,700,700,700,700,306,0,240,305.2908496732026,109,1344,10199.124183006536
1637174802,1,,Aggregated,2.200000,0.000000,640,700,850,850,950,1600,1600,1600,1600,1600,1600,1961,0,220,290.48342682304946,8,2059,5981.465578786334
1637174803,1,GET,/,0.500000,0.000000,800,800,800,800,800,800,800,800,800,800,800,501,0,270,330.18562874251495,111,1677,10225.477045908183
1637174803,1,POST,/,0.200000,0.000000,1600,1600,1600,1600,1600,1600,1600,1600,1600,1600,1600,78,0,660,780.5897435897435,296,2059,10121.51282051282
1637174803,1,GET,/auth/find-friends/,0.400000,0.000000,500,500,520,520,640,640,640,640,640,640,640,612,0,160,207.80065359477123,54,1145,1974.0
1637174803,1,GET,/auth/login/,0.000000,0.000000,0,0,0,0,0,0,0,0,0,0,0,1,0,597,597.0,597,597,2961.0
1637174803,1,POST,/auth/login/,0.100000,0.000000,950,950,950,950,950,950,950,950,950,950,950,80,0,290,472.675,153,1812,10368.65
1637174803,1,GET,/auth/logout/,0.100000,0.000000,170,170,170,170,170,170,170,170,170,170,170,79,0,100,129.0,8,506,1712.0
1637174803,1,POST,/auth/modify-friend/,0.200000,0.000000,500,500,730,730,730,730,730,730,730,730,730,306,0,180,246.2941176470588,74,1132,1713.0
1637174803,1,GET,/public/,0.200000,0.000000,510,510,700,700,700,700,700,700,700,700,700,306,0,240,305.2908496732026,109,1344,10199.124183006536
1637174803,1,,Aggregated,1.700000,0.000000,640,700,800,800,950,1600,1600,1600,1600,1600,1600,1963,0,220,290.8150789607743,8,2059,5977.249617931737
1637174804,1,GET,/,0.500000,0.000000,800,800,800,800,800,800,800,800,800,800,800,502,0,270,330.8625498007968,111,1677,10225.822709163347
1637174804,1,POST,/,0.200000,0.000000,1600,1600,1600,1600,1600,1600,1600,1600,1600,1600,1600,78,0,660,780.5897435897435,296,2059,10121.51282051282
1637174804,1,GET,/auth/find-friends/,0.400000,0.000000,500,500,520,520,640,640,640,640,640,640,640,612,0,160,207.80065359477123,54,1145,1974.0
1637174804,1,GET,/auth/login/,0.000000,0.000000,0,0,0,0,0,0,0,0,0,0,0,1,0,597,597.0,597,597,2961.0
1637174804,1,POST,/auth/login/,0.100000,0.000000,950,950,950,950,950,950,950,950,950,950,950,80,0,290,472.675,153,1812,10368.65
1637174804,1,GET,/auth/logout/,0.100000,0.000000,170,170,170,170,170,170,170,170,170,170,170,79,0,100,129.0,8,506,1712.0
1637174804,1,POST,/auth/modify-friend/,0.200000,0.000000,500,500,730,730,730,730,730,730,730,730,730,306,0,180,246.2941176470588,74,1132,1713.0
1637174804,1,GET,/public/,0.200000,0.000000,510,510,700,700,700,700,700,700,700,700,700,306,0,240,305.2908496732026,109,1344,10199.124183006536
1637174804,1,,Aggregated,1.700000,0.000000,640,700,730,800,950,1600,1600,1600,1600,1600,1600,1964,0,220,291.0081466395112,8,2059,5979.501018329939
1637174805,1,GET,/,0.200000,0.000000,800,800,800,800,800,800,800,800,800,800,800,502,0,270,330.8625498007968,111,1677,10225.822709163347
1637174805,1,POST,/,0.200000,0.000000,1600,1600,1600,1600,1600,1600,1600,1600,1600,1600,1600,78,0,660,780.5897435897435,296,2059,10121.51282051282
1637174805,1,GET,/auth/find-friends/,0.400000,0.000000,520,640,640,640,640,640,640,640,640,640,640,613,0,160,208.5089722675367,54,1145,1974.0
1637174805,1,GET,/auth/login/,0.000000,0.000000,0,0,0,0,0,0,0,0,0,0,0,1,0,597,597.0,597,597,2961.0
1637174805,1,POST,/auth/login/,0.100000,0.000000,950,950,950,950,950,950,950,950,950,950,950,80,0,290,472.675,153,1812,10368.65
1637174805,1,GET,/auth/logout/,0.100000,0.000000,170,170,170,170,170,170,170,170,170,170,170,79,0,100,129.0,8,506,1712.0
1637174805,1,POST,/auth/modify-friend/,0.100000,0.000000,730,730,730,730,730,730,730,730,730,730,730,306,0,180,246.2941176470588,74,1132,1713.0
1637174805,1,GET,/public/,0.200000,0.000000,700,700,830,830,830,830,830,830,830,830,830,307,0,240,307.0,109,1344,10199.104234527687
1637174805,1,,Aggregated,1.300000,0.000000,670,730,800,830,950,1600,1600,1600,1600,1600,1600,1966,0,220,291.4608341810783,8,2059,5979.606815869786
1637174806,1,GET,/,0.200000,0.000000,800,800,800,800,800,800,800,800,800,800,800,502,0,270,330.8625498007968,111,1677,10225.822709163347
1637174806,1,POST,/,0.100000,0.000000,1600,1600,1600,1600,1600,1600,1600,1600,1600,1600,1600,78,0,660,780.5897435897435,296,2059,10121.51282051282
1637174806,1,GET,/auth/find-friends/,0.400000,0.000000,640,640,640,640,780,780,780,780,780,780,780,614,0,160,209.44788273615634,54,1145,1974.0
1637174806,1,GET,/auth/login/,0.000000,0.000000,0,0,0,0,0,0,0,0,0,0,0,1,0,597,597.0,597,597,2961.0
1637174806,1,POST,/auth/login/,0.100000,0.000000,950,950,950,950,950,950,950,950,950,950,950,80,0,290,472.675,153,1812,10368.65
1637174806,1,GET,/auth/logout/,0.100000,0.000000,170,170,170,170,170,170,170,170,170,170,170,79,0,100,129.0,8,506,1712.0
1637174806,1,POST,/auth/modify-friend/,0.200000,0.000000,730,730,730,730,730,730,730,730,730,730,730,306,0,180,246.2941176470588,74,1132,1713.0
1637174806,1,GET,/public/,0.200000,0.000000,700,700,830,830,830,830,830,830,830,830,830,307,0,240,307.0,109,1344,10199.104234527687
1637174806,1,,Aggregated,1.300000,0.000000,670,730,800,830,950,1600,1600,1600,1600,1600,1600,1967,0,220,291.711743772242,8,2059,5977.570411794611
1637174807,1,GET,/,0.200000,0.000000,670,670,800,800,800,800,800,800,800,800,800,503,0,270,331.17296222664015,111,1677,10226.644135188866
1637174807,1,POST,/,0.100000,0.000000,1600,1600,1600,1600,1600,1600,1600,1600,1600,1600,1600,78,0,660,780.5897435897435,296,2059,10121.51282051282
1637174807,1,GET,/auth/find-friends/,0.400000,0.000000,640,640,640,640,780,780,780,780,780,780,780,614,0,160,209.44788273615634,54,1145,1974.0
1637174807,1,GET,/auth/login/,0.000000,0.000000,0,0,0,0,0,0,0,0,0,0,0,1,0,597,597.0,597,597,2961.0
1637174807,1,POST,/auth/login/,0.100000,0.000000,950,950,950,950,950,950,950,950,950,950,950,80,0,290,472.675,153,1812,10368.65
1637174807,1,GET,/auth/logout/,0.000000,0.000000,170,170,170,170,170,170,170,170,170,170,170,79,0,100,129.0,8,506,1712.0
1637174807,1,POST,/auth/modify-friend/,0.200000,0.000000,590,590,730,730,730,730,730,730,730,730,730,307,0,180,247.42345276872965,74,1132,1713.0
1637174807,1,GET,/public/,0.300000,0.000000,700,700,830,830,830,830,830,830,830,830,830,307,0,240,307.0,109,1344,10199.104234527687
1637174807,1,,Aggregated,1.300000,0.000000,640,670,730,780,830,1600,1600,1600,1600,1600,1600,1969,0,220,291.9639410868461,8,2059,5977.771965464703
1637174808,1,GET,/,0.200000,0.000000,670,670,800,800,800,800,800,800,800,800,800,503,0,270,331.17296222664015,111,1677,10226.644135188866
1637174808,1,POST,/,0.100000,0.000000,1600,1600,1600,1600,1600,1600,1600,1600,1600,1600,1600,78,0,660,780.5897435897435,296,2059,10121.51282051282
1637174808,1,GET,/auth/find-friends/,0.500000,0.000000,520,640,640,640,780,780,780,780,780,780,780,615,0,160,209.82764227642275,54,1145,1974.0
1637174808,1,GET,/auth/login/,0.000000,0.000000,0,0,0,0,0,0,0,0,0,0,0,1,0,597,597.0,597,597,2961.0
1637174808,1,POST,/auth/login/,0.100000,0.000000,950,950,950,950,950,950,950,950,950,950,950,80,0,290,472.675,153,1812,10368.65
1637174808,1,GET,/auth/logout/,0.000000,0.000000,170,170,170,170,170,170,170,170,170,170,170,79,0,100,129.0,8,506,1712.0
1637174808,1,POST,/auth/modify-friend/,0.200000,0.000000,590,590,730,730,730,730,730,730,730,730,730,307,0,180,247.42345276872965,74,1132,1713.0
1637174808,1,GET,/public/,0.300000,0.000000,700,700,830,830,830,830,830,830,830,830,830,308,0,240,308.24675324675326,109,1344,10199.97077922078
1637174808,1,,Aggregated,1.400000,0.000000,640,670,700,700,780,830,830,830,830,830,830,1971,0,220,292.24302384576356,8,2059,5978.017757483511
1637174809,1,GET,/,0.200000,0.000000,670,670,670,670,670,670,670,670,670,670,670,503,0,270,331.17296222664015,111,1677,10226.644135188866
1637174809,1,POST,/,0.100000,0.000000,1600,1600,1600,1600,1600,1600,1600,1600,1600,1600,1600,78,0,660,780.5897435897435,296,2059,10121.51282051282
1637174809,1,GET,/auth/find-friends/,0.500000,0.000000,550,640,640,640,780,780,780,780,780,780,780,616,0,160,210.38311688311688,54,1145,1974.0
1637174809,1,GET,/auth/login/,0.000000,0.000000,0,0,0,0,0,0,0,0,0,0,0,1,0,597,597.0,597,597,2961.0
1637174809,1,POST,/auth/login/,0.100000,0.000000,950,950,950,950,950,950,950,950,950,950,950,80,0,290,472.675,153,1812,10368.65
1637174809,1,GET,/auth/logout/,0.000000,0.000000,170,170,170,170,170,170,170,170,170,170,170,79,0,100,129.0,8,506,1712.0
1637174809,1,POST,/auth/modify-friend/,0.200000,0.000000,590,590,730,730,730,730,730,730,730,730,730,307,0,180,247.42345276872965,74,1132,1713.0
1637174809,1,GET,/public/,0.300000,0.000000,700,700,830,830,830,830,830,830,830,830,830,308,0,240,308.24675324675326,109,1344,10199.97077922078
1637174809,1,,Aggregated,1.400000,0.000000,590,640,690,730,780,830,830,830,830,830,830,1972,0,220,292.37474645030426,8,2059,5975.987322515213
1637174810,1,GET,/,0.200000,0.000000,670,670,670,670,670,670,670,670,670,670,670,503,0,270,331.17296222664015,111,1677,10226.644135188866
1637174810,1,POST,/,0.100000,0.000000,1600,1600,1600,1600,1600,1600,1600,1600,1600,1600,1600,78,0,660,780.5897435897435,296,2059,10121.51282051282
1637174810,1,GET,/auth/find-friends/,0.600000,0.000000,550,550,640,640,780,780,780,780,780,780,780,616,0,160,210.38311688311688,54,1145,1974.0
1637174810,1,GET,/auth/login/,0.000000,0.000000,0,0,0,0,0,0,0,0,0,0,0,1,0,597,597.0,597,597,2961.0
1637174810,1,POST,/auth/login/,0.000000,0.000000,950,950,950,950,950,950,950,950,950,950,950,80,0,290,472.675,153,1812,10368.65
1637174810,1,GET,/auth/logout/,0.000000,0.000000,170,170,170,170,170,170,170,170,170,170,170,79,0,100,129.0,8,506,1712.0
1637174810,1,POST,/auth/modify-friend/,0.300000,0.000000,600,600,730,730,730,730,730,730,730,730,730,308,0,180,248.58116883116884,74,1132,1713.0
1637174810,1,GET,/public/,0.400000,0.000000,820,820,830,830,830,830,830,830,830,830,830,309,0,240,309.9190938511327,109,1344,10199.401294498382
1637174810,1,,Aggregated,1.600000,0.000000,600,670,730,780,820,830,830,830,830,830,830,1974,0,220,292.8024316109422,8,2059,5975.878419452887
1637174811,1,GET,/,0.200000,0.000000,670,670,670,670,670,670,670,670,670,670,670,503,0,270,331.17296222664015,111,1677,10226.644135188866
1637174811,1,POST,/,0.100000,0.000000,1600,1600,1600,1600,1600,1600,1600,1600,1600,1600,1600,78,0,660,780.5897435897435,296,2059,10121.51282051282
1637174811,1,GET,/auth/find-friends/,0.600000,0.000000,640,640,670,670,780,780,780,780,780,780,780,617,0,160,211.12965964343599,54,1145,1974.0
1637174811,1,GET,/auth/login/,0.000000,0.000000,0,0,0,0,0,0,0,0,0,0,0,1,0,597,597.0,597,597,2961.0
1637174811,1,POST,/auth/login/,0.000000,0.000000,950,950,950,950,950,950,950,950,950,950,950,80,0,290,472.675,153,1812,10368.65
1637174811,1,GET,/auth/logout/,0.000000,0.000000,170,170,170,170,170,170,170,170,170,170,170,79,0,100,129.0,8,506,1712.0
1637174811,1,POST,/auth/modify-friend/,0.300000,0.000000,600,600,730,730,730,730,730,730,730,730,730,308,0,180,248.58116883116884,74,1132,1713.0
1637174811,1,GET,/public/,0.400000,0.000000,820,820,830,830,830,830,830,830,830,830,830,309,0,240,309.9190938511327,109,1344,10199.401294498382
1637174811,1,,Aggregated,1.600000,0.000000,670,690,730,780,820,830,830,830,830,830,830,1975,0,220,292.9939240506329,8,2059,5973.8521518987345
1637174812,1,GET,/,0.200000,0.000000,670,670,670,670,670,670,670,670,670,670,670,503,0,270,331.17296222664015,111,1677,10226.644135188866
1637174812,1,POST,/,0.000000,0.000000,1600,1600,1600,1600,1600,1600,1600,1600,1600,1600,1600,78,0,660,780.5897435897435,296,2059,10121.51282051282
1637174812,1,GET,/auth/find-friends/,0.800000,0.000000,580,640,670,670,780,780,780,780,780,780,780,618,0,160,211.7200647249191,54,1145,1974.0
1637174812,1,GET,/auth/login/,0.000000,0.000000,0,0,0,0,0,0,0,0,0,0,0,1,0,597,597.0,597,597,2961.0
1637174812,1,POST,/auth/login/,0.000000,0.000000,950,950,950,950,950,950,950,950,950,950,950,80,0,290,472.675,153,1812,10368.65
1637174812,1,GET,/auth/logout/,0.000000,0.000000,0,0,0,0,0,0,0,0,0,0,0,79,0,100,129.0,8,506,1712.0
1637174812,1,POST,/auth/modify-friend/,0.300000,0.000000,600,600,730,730,730,730,730,730,730,730,730,308,0,180,248.58116883116884,74,1132,1713.0
1637174812,1,GET,/public/,0.400000,0.000000,820,820,830,830,830,830,830,830,830,830,830,309,0,240,309.9190938511327,109,1344,10199.401294498382
1637174812,1,,Aggregated,1.700000,0.000000,670,690,730,780,820,830,830,830,830,830,830,1976,0,220,293.13714574898785,8,2059,5971.827935222672
1637174813,1,GET,/,0.200000,0.000000,670,670,670,670,670,670,670,670,670,670,670,503,0,270,331.17296222664015,111,1677,10226.644135188866
1637174813,1,POST,/,0.000000,0.000000,1600,1600,1600,1600,1600,1600,1600,1600,1600,1600,1600,78,0,660,780.5897435897435,296,2059,10121.51282051282
1637174813,1,GET,/auth/find-friends/,0.700000,0.000000,640,640,670,670,780,780,780,780,780,780,780,618,0,160,211.7200647249191,54,1145,1974.0
1637174813,1,GET,/auth/login/,0.000000,0.000000,0,0,0,0,0,0,0,0,0,0,0,1,0,597,597.0,597,597,2961.0
1637174813,1,POST,/auth/login/,0.000000,0.000000,950,950,950,950,950,950,950,950,950,950,950,80,0,290,472.675,153,1812,10368.65
1637174813,1,GET,/auth/logout/,0.000000,0.000000,0,0,0,0,0,0,0,0,0,0,0,79,0,100,129.0,8,506,1712.0
1637174813,1,POST,/auth/modify-friend/,0.300000,0.000000,730,730,880,880,880,880,880,880,880,880,880,309,0,190,250.63754045307442,74,1132,1713.0
1637174813,1,GET,/public/,0.400000,0.000000,820,820,830,830,830,830,830,830,830,830,830,310,0,240,311.11290322580646,109,1344,10199.693548387097
1637174813,1,,Aggregated,1.600000,0.000000,670,690,780,820,830,880,880,880,880,880,880,1978,0,220,293.6314459049545,8,2059,5971.857937310415
1637174814,1,GET,/,0.200000,0.000000,670,670,670,670,670,670,670,670,670,670,670,503,0,270,331.17296222664015,111,1677,10226.644135188866
1637174814,1,POST,/,0.000000,0.000000,1600,1600,1600,1600,1600,1600,1600,1600,1600,1600,1600,78,0,660,780.5897435897435,296,2059,10121.51282051282
1637174814,1,GET,/auth/find-friends/,0.700000,0.000000,590,640,670,670,780,780,780,780,780,780,780,620,0,160,212.78064516129032,54,1145,1974.0
1637174814,1,GET,/auth/login/,0.000000,0.000000,0,0,0,0,0,0,0,0,0,0,0,1,0,597,597.0,597,597,2961.0
1637174814,1,POST,/auth/login/,0.000000,0.000000,0,0,0,0,0,0,0,0,0,0,0,80,0,290,472.675,153,1812,10368.65
1637174814,1,GET,/auth/logout/,0.000000,0.000000,0,0,0,0,0,0,0,0,0,0,0,79,0,100,129.0,8,506,1712.0
1637174814,1,POST,/auth/modify-friend/,0.300000,0.000000,600,600,880,880,880,880,880,880,880,880,880,309,0,190,250.63754045307442,74,1132,1713.0
1637174814,1,GET,/public/,0.300000,0.000000,820,820,830,830,830,830,830,830,830,830,830,310,0,240,311.11290322580646,109,1344,10199.693548387097
1637174814,1,,Aggregated,1.500000,0.000000,600,670,690,780,820,880,880,880,880,880,880,1980,0,220,293.8808080808081,8,2059,5967.819696969697
1637174815,1,GET,/,0.200000,0.000000,490,490,490,490,490,490,490,490,490,490,490,503,0,270,331.17296222664015,111,1677,10226.644135188866
1637174815,1,POST,/,0.000000,0.000000,1600,1600,1600,1600,1600,1600,1600,1600,1600,1600,1600,78,0,660,780.5897435897435,296,2059,10121.51282051282
1637174815,1,GET,/auth/find-friends/,0.700000,0.000000,580,590,670,670,780,780,780,780,780,780,780,620,0,160,212.78064516129032,54,1145,1974.0
1637174815,1,GET,/auth/login/,0.000000,0.000000,0,0,0,0,0,0,0,0,0,0,0,1,0,597,597.0,597,597,2961.0
1637174815,1,POST,/auth/login/,0.000000,0.000000,0,0,0,0,0,0,0,0,0,0,0,80,0,290,472.675,153,1812,10368.65
1637174815,1,GET,/auth/logout/,0.000000,0.000000,0,0,0,0,0,0,0,0,0,0,0,79,0,100,129.0,8,506,1712.0
1637174815,1,POST,/auth/modify-friend/,0.300000,0.000000,600,600,880,880,880,880,880,880,880,880,880,310,0,190,251.64193548387098,74,1132,1713.0
1637174815,1,GET,/public/,0.300000,0.000000,690,690,820,820,820,820,820,820,820,820,820,310,0,240,311.11290322580646,109,1344,10199.693548387097
1637174815,1,,Aggregated,1.500000,0.000000,590,670,690,780,820,880,880,880,880,880,880,1981,0,220,294.01615345784955,8,2059,5965.671882887431
1637174816,1,GET,/,0.200000,0.000000,490,490,490,490,490,490,490,490,490,490,490,503,0,270,331.17296222664015,111,1677,10226.644135188866
1637174816,1,POST,/,0.000000,0.000000,0,0,0,0,0,0,0,0,0,0,0,78,0,660,780.5897435897435,296,2059,10121.51282051282
1637174816,1,GET,/auth/find-friends/,0.600000,0.000000,580,590,670,670,780,780,780,780,780,780,780,620,0,160,212.78064516129032,54,1145,1974.0
1637174816,1,GET,/auth/login/,0.000000,0.000000,0,0,0,0,0,0,0,0,0,0,0,1,0,597,597.0,597,597,2961.0
1637174816,1,POST,/auth/login/,0.000000,0.000000,0,0,0,0,0,0,0,0,0,0,0,80,0,290,472.675,153,1812,10368.65
1637174816,1,GET,/auth/logout/,0.000000,0.000000,0,0,0,0,0,0,0,0,0,0,0,79,0,100,129.0,8,506,1712.0
1637174816,1,POST,/auth/modify-friend/,0.400000,0.000000,600,600,880,880,880,880,880,880,880,880,880,310,0,190,251.64193548387098,74,1132,1713.0
1637174816,1,GET,/public/,0.300000,0.000000,820,820,930,930,930,930,930,930,930,930,930,311,0,240,313.0996784565916,109,1344,10200.141479099679
1637174816,1,,Aggregated,1.500000,0.000000,600,680,690,820,880,930,930,930,930,930,930,1982,0,220,294.33652875882944,8,2059,5967.8784056508575
1637174817,1,GET,/,0.100000,0.000000,490,490,490,490,490,490,490,490,490,490,490,503,0,270,331.17296222664015,111,1677,10226.644135188866
1637174817,1,POST,/,0.000000,0.000000,0,0,0,0,0,0,0,0,0,0,0,78,0,660,780.5897435897435,296,2059,10121.51282051282
1637174817,1,GET,/auth/find-friends/,0.800000,0.000000,580,590,670,670,1000,1000,1000,1000,1000,1000,1000,622,0,160,214.63987138263664,54,1145,1974.0
1637174817,1,GET,/auth/login/,0.000000,0.000000,0,0,0,0,0,0,0,0,0,0,0,1,0,597,597.0,597,597,2961.0
1637174817,1,POST,/auth/login/,0.000000,0.000000,0,0,0,0,0,0,0,0,0,0,0,80,0,290,472.675,153,1812,10368.65
1637174817,1,GET,/auth/logout/,0.000000,0.000000,0,0,0,0,0,0,0,0,0,0,0,79,0,100,129.0,8,506,1712.0
1637174817,1,POST,/auth/modify-friend/,0.400000,0.000000,600,600,880,880,880,880,880,880,880,880,880,310,0,190,251.64193548387098,74,1132,1713.0
1637174817,1,GET,/public/,0.300000,0.000000,820,820,930,930,930,930,930,930,930,930,930,311,0,240,313.0996784565916,109,1344,10200.141479099679
1637174817,1,,Aggregated,1.600000,0.000000,600,680,820,880,930,1000,1000,1000,1000,1000,1000,1984,0,220,294.8371975806452,8,2059,5963.852318548387
1637174818,1,GET,/,0.100000,0.000000,490,490,490,490,490,490,490,490,490,490,490,503,0,270,331.17296222664015,111,1677,10226.644135188866
1637174818,1,POST,/,0.000000,0.000000,0,0,0,0,0,0,0,0,0,0,0,78,0,660,780.5897435897435,296,2059,10121.51282051282
1637174818,1,GET,/auth/find-friends/,0.800000,0.000000,580,590,670,670,1000,1000,1000,1000,1000,1000,1000,622,0,160,214.63987138263664,54,1145,1974.0
1637174818,1,GET,/auth/login/,0.000000,0.000000,0,0,0,0,0,0,0,0,0,0,0,1,0,597,597.0,597,597,2961.0
1637174818,1,POST,/auth/login/,0.000000,0.000000,0,0,0,0,0,0,0,0,0,0,0,80,0,290,472.675,153,1812,10368.65
1637174818,1,GET,/auth/logout/,0.000000,0.000000,0,0,0,0,0,0,0,0,0,0,0,79,0,100,129.0,8,506,1712.0
1637174818,1,POST,/auth/modify-friend/,0.400000,0.000000,600,600,880,880,880,880,880,880,880,880,880,311,0,190,252.63665594855306,74,1132,1713.0
1637174818,1,GET,/public/,0.300000,0.000000,820,820,930,930,930,930,930,930,930,930,930,311,0,240,313.0996784565916,109,1344,10200.141479099679
1637174818,1,,Aggregated,1.600000,0.000000,600,680,820,880,930,1000,1000,1000,1000,1000,1000,1985,0,220,294.9712846347607,8,2059,5961.710831234257
1637174819,1,GET,/,0.100000,0.000000,790,790,790,790,790,790,790,790,790,790,790,504,0,270,332.0833333333333,111,1677,10227.400793650793
1637174819,1,POST,/,0.000000,0.000000,0,0,0,0,0,0,0,0,0,0,0,78,0,660,780.5897435897435,296,2059,10121.51282051282
1637174819,1,GET,/auth/find-friends/,0.700000,0.000000,590,590,670,670,1000,1000,1000,1000,1000,1000,1000,622,0,160,214.63987138263664,54,1145,1974.0
1637174819,1,GET,/auth/login/,0.000000,0.000000,0,0,0,0,0,0,0,0,0,0,0,1,0,597,597.0,597,597,2961.0
1637174819,1,POST,/auth/login/,0.000000,0.000000,0,0,0,0,0,0,0,0,0,0,0,80,0,290,472.675,153,1812,10368.65
1637174819,1,GET,/auth/logout/,0.000000,0.000000,0,0,0,0,0,0,0,0,0,0,0,79,0,100,129.0,8,506,1712.0
1637174819,1,POST,/auth/modify-friend/,0.300000,0.000000,600,600,880,880,880,880,880,880,880,880,880,311,0,190,252.63665594855306,74,1132,1713.0
1637174819,1,GET,/public/,0.400000,0.000000,820,820,930,930,930,930,930,930,930,930,930,312,0,240,314.49038461538464,109,1344,10200.169871794871
1637174819,1,,Aggregated,1.500000,0.000000,680,790,820,880,930,1000,1000,1000,1000,1000,1000,1987,0,220,295.44791142425765,8,2059,5966.186713638651
1637174820,1,GET,/,0.000000,0.000000,790,790,790,790,790,790,790,790,790,790,790,504,0,270,332.0833333333333,111,1677,10227.400793650793
1637174820,1,POST,/,0.000000,0.000000,0,0,0,0,0,0,0,0,0,0,0,78,0,660,780.5897435897435,296,2059,10121.51282051282
1637174820,1,GET,/auth/find-friends/,0.800000,0.000000,570,580,590,590,1000,1000,1000,1000,1000,1000,1000,624,0,160,214.86378205128204,54,1145,1974.0
1637174820,1,GET,/auth/login/,0.000000,0.000000,0,0,0,0,0,0,0,0,0,0,0,1,0,597,597.0,597,597,2961.0
1637174820,1,POST,/auth/login/,0.000000,0.000000,0,0,0,0,0,0,0,0,0,0,0,80,0,290,472.675,153,1812,10368.65
1637174820,1,GET,/auth/logout/,0.000000,0.000000,0,0,0,0,0,0,0,0,0,0,0,79,0,100,129.0,8,506,1712.0
1637174820,1,POST,/auth/modify-friend/,0.400000,0.000000,560,560,880,880,880,880,880,880,880,880,880,312,0,190,253.23397435897436,74,1132,1713.0
1637174820,1,GET,/public/,0.300000,0.000000,820,820,930,930,930,930,930,930,930,930,930,312,0,240,314.49038461538464,109,1344,10200.169871794871
1637174820,1,,Aggregated,1.500000,0.000000,580,680,790,880,930,1000,1000,1000,1000,1000,1000,1990,0,220,295.50904522613064,8,2059,5960.037185929648
1637174821,1,GET,/,0.100000,0.000000,790,790,790,790,790,790,790,790,790,790,790,504,0,270,332.0833333333333,111,1677,10227.400793650793
1637174821,1,POST,/,0.000000,0.000000,0,0,0,0,0,0,0,0,0,0,0,78,0,660,780.5897435897435,296,2059,10121.51282051282
1637174821,1,GET,/auth/find-friends/,0.600000,0.000000,570,580,590,590,1000,1000,1000,1000,1000,1000,1000,624,0,160,214.86378205128204,54,1145,1974.0
1637174821,1,GET,/auth/login/,0.000000,0.000000,0,0,0,0,0,0,0,0,0,0,0,1,0,597,597.0,597,597,2961.0
1637174821,1,POST,/auth/login/,0.000000,0.000000,0,0,0,0,0,0,0,0,0,0,0,80,0,290,472.675,153,1812,10368.65
1637174821,1,GET,/auth/logout/,0.000000,0.000000,0,0,0,0,0,0,0,0,0,0,0,79,0,100,129.0,8,506,1712.0
1637174821,1,POST,/auth/modify-friend/,0.400000,0.000000,560,560,880,880,880,880,880,880,880,880,880,312,0,190,253.23397435897436,74,1132,1713.0
1637174821,1,GET,/public/,0.300000,0.000000,750,750,930,930,930,930,930,930,930,930,930,313,0,240,315.61341853035145,109,1344,10199.961661341853
1637174821,1,,Aggregated,1.400000,0.000000,590,680,790,880,930,1000,1000,1000,1000,1000,1000,1991,0,220,295.69512807634356,8,2059,5962.134103465595
1637174822,1,GET,/,0.100000,0.000000,790,790,790,790,790,790,790,790,790,790,790,504,0,270,332.0833333333333,111,1677,10227.400793650793
1637174822,1,POST,/,0.000000,0.000000,0,0,0,0,0,0,0,0,0,0,0,78,0,660,780.5897435897435,296,2059,10121.51282051282
1637174822,1,GET,/auth/find-friends/,0.800000,0.000000,570,590,1000,1000,1100,1100,1100,1100,1100,1100,1100,625,0,160,216.216,54,1145,1974.0
1637174822,1,GET,/auth/login/,0.000000,0.000000,0,0,0,0,0,0,0,0,0,0,0,1,0,597,597.0,597,597,2961.0
1637174822,1,POST,/auth/login/,0.000000,0.000000,0,0,0,0,0,0,0,0,0,0,0,80,0,290,472.675,153,1812,10368.65
1637174822,1,GET,/auth/logout/,0.000000,0.000000,0,0,0,0,0,0,0,0,0,0,0,79,0,100,129.0,8,506,1712.0
1637174822,1,POST,/auth/modify-friend/,0.300000,0.000000,560,560,880,880,880,880,880,880,880,880,880,312,0,190,253.23397435897436,74,1132,1713.0
1637174822,1,GET,/public/,0.400000,0.000000,750,750,930,930,930,930,930,930,930,930,930,313,0,240,315.61341853035145,109,1344,10199.961661341853
1637174822,1,,Aggregated,1.600000,0.000000,590,680,790,930,1000,1100,1100,1100,1100,1100,1100,1992,0,220,296.07881526104416,8,2059,5960.13202811245
1637174823,1,GET,/,0.100000,0.000000,790,790,790,790,790,790,790,790,790,790,790,504,0,270,332.0833333333333,111,1677,10227.400793650793
1637174823,1,POST,/,0.000000,0.000000,0,0,0,0,0,0,0,0,0,0,0,78,0,660,780.5897435897435,296,2059,10121.51282051282
1637174823,1,GET,/auth/find-friends/,0.800000,0.000000,590,890,1000,1000,1100,1100,1100,1100,1100,1100,1100,626,0,160,217.2859424920128,54,1145,1974.0
1637174823,1,GET,/auth/login/,0.000000,0.000000,0,0,0,0,0,0,0,0,0,0,0,1,0,597,597.0,597,597,2961.0
1637174823,1,POST,/auth/login/,0.000000,0.000000,0,0,0,0,0,0,0,0,0,0,0,80,0,290,472.675,153,1812,10368.65
1637174823,1,GET,/auth/logout/,0.000000,0.000000,0,0,0,0,0,0,0,0,0,0,0,79,0,100,129.0,8,506,1712.0
1637174823,1,POST,/auth/modify-friend/,0.300000,0.000000,560,560,560,560,560,560,560,560,560,560,560,312,0,190,253.23397435897436,74,1132,1713.0
1637174823,1,GET,/public/,0.400000,0.000000,750,750,930,930,930,930,930,930,930,930,930,313,0,240,315.61341853035145,109,1344,10199.961661341853
1637174823,1,,Aggregated,1.600000,0.000000,670,790,890,930,1000,1100,1100,1100,1100,1100,1100,1993,0,220,296.3748118414451,8,2059,5958.131961866533
1637174824,1,GET,/,0.100000,0.000000,790,790,790,790,790,790,790,790,790,790,790,505,0,270,332.9346534653465,111,1677,10228.338613861386
1637174824,1,POST,/,0.000000,0.000000,0,0,0,0,0,0,0,0,0,0,0,78,0,660,780.5897435897435,296,2059,10121.51282051282
1637174824,1,GET,/auth/find-friends/,0.600000,0.000000,590,890,1000,1000,1100,1100,1100,1100,1100,1100,1100,626,0,160,217.2859424920128,54,1145,1974.0
1637174824,1,GET,/auth/login/,0.000000,0.000000,0,0,0,0,0,0,0,0,0,0,0,1,0,597,597.0,597,597,2961.0
1637174824,1,POST,/auth/login/,0.000000,0.000000,0,0,0,0,0,0,0,0,0,0,0,80,0,290,472.675,153,1812,10368.65
1637174824,1,GET,/auth/logout/,0.000000,0.000000,0,0,0,0,0,0,0,0,0,0,0,79,0,100,129.0,8,506,1712.0
1637174824,1,POST,/auth/modify-friend/,0.400000,0.000000,560,560,560,560,560,560,560,560,560,560,560,313,0,190,254.1597444089457,74,1132,1713.0
1637174824,1,GET,/public/,0.400000,0.000000,750,750,930,930,930,930,930,930,930,930,930,313,0,240,315.61341853035145,109,1344,10199.961661341853
1637174824,1,,Aggregated,1.500000,0.000000,750,790,890,930,1000,1100,1100,1100,1100,1100,1100,1995,0,220,296.7318295739348,8,2059,5958.381453634085
1637174825,1,GET,/,0.100000,0.000000,790,790,790,790,790,790,790,790,790,790,790,505,0,270,332.9346534653465,111,1677,10228.338613861386
1637174825,1,POST,/,0.000000,0.000000,0,0,0,0,0,0,0,0,0,0,0,78,0,660,780.5897435897435,296,2059,10121.51282051282
1637174825,1,GET,/auth/find-friends/,0.800000,0.000000,890,890,1000,1000,1100,1100,1100,1100,1100,1100,1100,626,0,160,217.2859424920128,54,1145,1974.0
1637174825,1,GET,/auth/login/,0.000000,0.000000,0,0,0,0,0,0,0,0,0,0,0,1,0,597,597.0,597,597,2961.0
1637174825,1,POST,/auth/login/,0.000000,0.000000,0,0,0,0,0,0,0,0,0,0,0,80,0,290,472.675,153,1812,10368.65
1637174825,1,GET,/auth/logout/,0.000000,0.000000,0,0,0,0,0,0,0,0,0,0,0,79,0,100,129.0,8,506,1712.0
1637174825,1,POST,/auth/modify-friend/,0.300000,0.000000,540,540,560,560,560,560,560,560,560,560,560,313,0,190,254.1597444089457,74,1132,1713.0
1637174825,1,GET,/public/,0.400000,0.000000,930,930,940,940,940,940,940,940,940,940,940,314,0,240,317.61464968152865,109,1344,10199.767515923568
1637174825,1,,Aggregated,1.600000,0.000000,750,790,890,940,1000,1100,1100,1100,1100,1100,1100,1996,0,220,297.0561122244489,8,2059,5960.475951903808
1637174826,1,GET,/,0.100000,0.000000,790,790,790,790,790,790,790,790,790,790,790,505,0,270,332.9346534653465,111,1677,10228.338613861386
1637174826,1,POST,/,0.000000,0.000000,0,0,0,0,0,0,0,0,0,0,0,78,0,660,780.5897435897435,296,2059,10121.51282051282
1637174826,1,GET,/auth/find-friends/,0.700000,0.000000,570,620,890,890,1100,1100,1100,1100,1100,1100,1100,628,0,160,218.32165605095543,54,1145,1974.0
1637174826,1,GET,/auth/login/,0.000000,0.000000,0,0,0,0,0,0,0,0,0,0,0,1,0,597,597.0,597,597,2961.0
1637174826,1,POST,/auth/login/,0.000000,0.000000,0,0,0,0,0,0,0,0,0,0,0,80,0,290,472.675,153,1812,10368.65
1637174826,1,GET,/auth/logout/,0.000000,0.000000,0,0,0,0,0,0,0,0,0,0,0,79,0,100,129.0,8,506,1712.0
1637174826,1,POST,/auth/modify-friend/,0.400000,0.000000,540,540,560,560,560,560,560,560,560,560,560,313,0,190,254.1597444089457,74,1132,1713.0
1637174826,1,GET,/public/,0.300000,0.000000,930,930,940,940,940,940,940,940,940,940,940,314,0,240,317.61464968152865,109,1344,10199.767515923568
1637174826,1,,Aggregated,1.500000,0.000000,620,750,790,890,940,1100,1100,1100,1100,1100,1100,1998,0,220,297.3018018018018,8,2059,5956.485485485486
1637174827,1,GET,/,0.100000,0.000000,790,790,790,790,790,790,790,790,790,790,790,505,0,270,332.9346534653465,111,1677,10228.338613861386
1637174827,1,POST,/,0.000000,0.000000,0,0,0,0,0,0,0,0,0,0,0,78,0,660,780.5897435897435,296,2059,10121.51282051282
1637174827,1,GET,/auth/find-friends/,0.700000,0.000000,570,620,890,890,1100,1100,1100,1100,1100,1100,1100,628,0,160,218.32165605095543,54,1145,1974.0
1637174827,1,GET,/auth/login/,0.000000,0.000000,0,0,0,0,0,0,0,0,0,0,0,1,0,597,597.0,597,597,2961.0
1637174827,1,POST,/auth/login/,0.000000,0.000000,0,0,0,0,0,0,0,0,0,0,0,80,0,290,472.675,153,1812,10368.65
1637174827,1,GET,/auth/logout/,0.000000,0.000000,0,0,0,0,0,0,0,0,0,0,0,79,0,100,129.0,8,506,1712.0
1637174827,1,POST,/auth/modify-friend/,0.400000,0.000000,560,560,620,620,620,620,620,620,620,620,620,314,0,190,255.32165605095543,74,1132,1713.0
1637174827,1,GET,/public/,0.300000,0.000000,750,750,940,940,940,940,940,940,940,940,940,314,0,240,317.61464968152865,109,1344,10199.767515923568
1637174827,1,,Aggregated,1.500000,0.000000,670,760,790,890,940,1100,1100,1100,1100,1100,1100,1999,0,220,297.4627313656828,8,2059,5954.36268134067
1637174828,1,GET,/,0.200000,0.000000,760,760,790,790,790,790,790,790,790,790,790,506,0,270,333.74308300395256,111,1677,10228.808300395256
1637174828,1,POST,/,0.000000,0.000000,0,0,0,0,0,0,0,0,0,0,0,78,0,660,780.5897435897435,296,2059,10121.51282051282
1637174828,1,GET,/auth/find-friends/,0.600000,0.000000,620,620,890,890,1100,1100,1100,1100,1100,1100,1100,628,0,160,218.32165605095543,54,1145,1974.0
1637174828,1,GET,/auth/login/,0.000000,0.000000,0,0,0,0,0,0,0,0,0,0,0,1,0,597,597.0,597,597,2961.0
1637174828,1,POST,/auth/login/,0.000000,0.000000,0,0,0,0,0,0,0,0,0,0,0,80,0,290,472.675,153,1812,10368.65
1637174828,1,GET,/auth/logout/,0.000000,0.000000,0,0,0,0,0,0,0,0,0,0,0,79,0,100,129.0,8,506,1712.0
1637174828,1,POST,/auth/modify-friend/,0.300000,0.000000,540,540,620,620,620,620,620,620,620,620,620,314,0,190,255.32165605095543,74,1132,1713.0
1637174828,1,GET,/public/,0.300000,0.000000,750,750,940,940,940,940,940,940,940,940,940,314,0,240,317.61464968152865,109,1344,10199.767515923568
1637174828,1,,Aggregated,1.400000,0.000000,670,750,760,890,940,1100,1100,1100,1100,1100,1100,2000,0,220,297.685,8,2059,5956.6185
1637174829,1,GET,/,0.200000,0.000000,780,780,790,790,790,790,790,790,790,790,790,507,0,270,334.6232741617357,111,1677,10229.392504930967
1637174829,1,POST,/,0.000000,0.000000,0,0,0,0,0,0,0,0,0,0,0,78,0,660,780.5897435897435,296,2059,10121.51282051282
1637174829,1,GET,/auth/find-friends/,0.700000,0.000000,620,620,890,890,1100,1100,1100,1100,1100,1100,1100,628,0,160,218.32165605095543,54,1145,1974.0
1637174829,1,GET,/auth/login/,0.000000,0.000000,0,0,0,0,0,0,0,0,0,0,0,1,0,597,597.0,597,597,2961.0
1637174829,1,POST,/auth/login/,0.000000,0.000000,0,0,0,0,0,0,0,0,0,0,0,80,0,290,472.675,153,1812,10368.65
1637174829,1,GET,/auth/logout/,0.000000,0.000000,0,0,0,0,0,0,0,0,0,0,0,79,0,100,129.0,8,506,1712.0
1637174829,1,POST,/auth/modify-friend/,0.300000,0.000000,540,540,620,620,620,620,620,620,620,620,620,314,0,190,255.32165605095543,74,1132,1713.0
1637174829,1,GET,/public/,0.300000,0.000000,750,750,940,940,940,940,940,940,940,940,940,314,0,240,317.61464968152865,109,1344,10199.767515923568
1637174829,1,,Aggregated,1.500000,0.000000,740,760,890,890,940,1100,1100,1100,1100,1100,1100,2001,0,220,297.92603698150924,8,2059,5958.9015492253875
1637174830,1,GET,/,0.300000,0.000000,780,780,790,790,790,790,790,790,790,790,790,507,0,270,334.6232741617357,111,1677,10229.392504930967
1637174830,1,POST,/,0.000000,0.000000,0,0,0,0,0,0,0,0,0,0,0,78,0,660,780.5897435897435,296,2059,10121.51282051282
1637174830,1,GET,/auth/find-friends/,0.600000,0.000000,650,890,890,1100,1100,1100,1100,1100,1100,1100,1100,629,0,160,219.0127186009539,54,1145,1974.0
1637174830,1,GET,/auth/login/,0.000000,0.000000,0,0,0,0,0,0,0,0,0,0,0,1,0,597,597.0,597,597,2961.0
1637174830,1,POST,/auth/login/,0.000000,0.000000,0,0,0,0,0,0,0,0,0,0,0,80,0,290,472.675,153,1812,10368.65
1637174830,1,GET,/auth/logout/,0.000000,0.000000,0,0,0,0,0,0,0,0,0,0,0,79,0,100,129.0,8,506,1712.0
1637174830,1,POST,/auth/modify-friend/,0.300000,0.000000,540,540,620,620,620,620,620,620,620,620,620,314,0,190,255.32165605095543,74,1132,1713.0
1637174830,1,GET,/public/,0.300000,0.000000,940,940,1100,1100,1100,1100,1100,1100,1100,1100,1100,315,0,240,320.1111111111111,109,1344,10199.987301587302
1637174830,1,,Aggregated,1.500000,0.000000,740,780,890,940,1100,1100,1100,1100,1100,1100,1100,2003,0,220,298.50574138791814,8,2059,5959.063904143784
1637174831,1,GET,/,0.300000,0.000000,760,760,780,780,780,780,780,780,780,780,780,507,0,270,334.6232741617357,111,1677,10229.392504930967
1637174831,1,POST,/,0.000000,0.000000,0,0,0,0,0,0,0,0,0,0,0,78,0,660,780.5897435897435,296,2059,10121.51282051282
1637174831,1,GET,/auth/find-friends/,0.600000,0.000000,710,710,890,890,1100,1100,1100,1100,1100,1100,1100,630,0,160,219.78571428571428,54,1145,1974.0
1637174831,1,GET,/auth/login/,0.000000,0.000000,0,0,0,0,0,0,0,0,0,0,0,1,0,597,597.0,597,597,2961.0
1637174831,1,POST,/auth/login/,0.000000,0.000000,0,0,0,0,0,0,0,0,0,0,0,80,0,290,472.675,153,1812,10368.65
1637174831,1,GET,/auth/logout/,0.000000,0.000000,0,0,0,0,0,0,0,0,0,0,0,79,0,100,129.0,8,506,1712.0
1637174831,1,POST,/auth/modify-friend/,0.300000,0.000000,620,620,620,620,620,620,620,620,620,620,620,314,0,190,255.32165605095543,74,1132,1713.0
1637174831,1,GET,/public/,0.300000,0.000000,940,940,1100,1100,1100,1100,1100,1100,1100,1100,1100,315,0,240,320.1111111111111,109,1344,10199.987301587302
1637174831,1,,Aggregated,1.500000,0.000000,740,780,890,940,1100,1100,1100,1100,1100,1100,1100,2004,0,220,298.70908183632736,8,2059,5957.075349301397
1637174832,1,GET,/,0.300000,0.000000,760,760,780,780,780,780,780,780,780,780,780,507,0,270,334.6232741617357,111,1677,10229.392504930967
1637174832,1,POST,/,0.000000,0.000000,0,0,0,0,0,0,0,0,0,0,0,78,0,660,780.5897435897435,296,2059,10121.51282051282
1637174832,1,GET,/auth/find-friends/,0.600000,0.000000,710,710,890,890,1100,1100,1100,1100,1100,1100,1100,630,0,160,219.78571428571428,54,1145,1974.0
1637174832,1,GET,/auth/login/,0.000000,0.000000,0,0,0,0,0,0,0,0,0,0,0,1,0,597,597.0,597,597,2961.0
1637174832,1,POST,/auth/login/,0.000000,0.000000,0,0,0,0,0,0,0,0,0,0,0,80,0,290,472.675,153,1812,10368.65
1637174832,1,GET,/auth/logout/,0.000000,0.000000,0,0,0,0,0,0,0,0,0,0,0,79,0,100,129.0,8,506,1712.0
1637174832,1,POST,/auth/modify-friend/,0.300000,0.000000,620,620,750,750,750,750,750,750,750,750,750,315,0,190,256.8825396825397,74,1132,1713.0
1637174832,1,GET,/public/,0.300000,0.000000,940,940,1100,1100,1100,1100,1100,1100,1100,1100,1100,315,0,240,320.1111111111111,109,1344,10199.987301587302
1637174832,1,,Aggregated,1.500000,0.000000,740,750,780,780,940,1100,1100,1100,1100,1100,1100,2005,0,220,298.93266832917703,8,2059,5954.958603491272
1637174833,1,GET,/,0.300000,0.000000,760,760,780,780,780,780,780,780,780,780,780,507,0,270,334.6232741617357,111,1677,10229.392504930967
1637174833,1,POST,/,0.000000,0.000000,0,0,0,0,0,0,0,0,0,0,0,78,0,660,780.5897435897435,296,2059,10121.51282051282
1637174833,1,GET,/auth/find-friends/,0.600000,0.000000,620,650,650,710,710,710,710,710,710,710,710,631,0,160,220.20285261489698,54,1145,1974.0
1637174833,1,GET,/auth/login/,0.000000,0.000000,0,0,0,0,0,0,0,0,0,0,0,1,0,597,597.0,597,597,2961.0
1637174833,1,POST,/auth/login/,0.000000,0.000000,0,0,0,0,0,0,0,0,0,0,0,80,0,290,472.675,153,1812,10368.65
1637174833,1,GET,/auth/logout/,0.000000,0.000000,0,0,0,0,0,0,0,0,0,0,0,79,0,100,129.0,8,506,1712.0
1637174833,1,POST,/auth/modify-friend/,0.200000,0.000000,620,620,750,750,750,750,750,750,750,750,750,315,0,190,256.8825396825397,74,1132,1713.0
1637174833,1,GET,/public/,0.300000,0.000000,940,940,1100,1100,1100,1100,1100,1100,1100,1100,1100,316,0,240,321.99367088607596,109,1344,10199.582278481013
1637174833,1,,Aggregated,1.400000,0.000000,740,760,780,920,940,1100,1100,1100,1100,1100,1100,2007,0,220,299.3313403089188,8,2059,5955.026407573493
1637174834,1,GET,/,0.300000,0.000000,760,760,780,780,780,780,780,780,780,780,780,507,0,270,334.6232741617357,111,1677,10229.392504930967
1637174834,1,POST,/,0.000000,0.000000,0,0,0,0,0,0,0,0,0,0,0,78,0,660,780.5897435897435,296,2059,10121.51282051282
1637174834,1,GET,/auth/find-friends/,0.600000,0.000000,620,620,650,650,710,710,710,710,710,710,710,632,0,160,220.53955696202533,54,1145,1974.0
1637174834,1,GET,/auth/login/,0.000000,0.000000,0,0,0,0,0,0,0,0,0,0,0,1,0,597,597.0,597,597,2961.0
1637174834,1,POST,/auth/login/,0.000000,0.000000,0,0,0,0,0,0,0,0,0,0,0,80,0,290,472.675,153,1812,10368.65
1637174834,1,GET,/auth/logout/,0.000000,0.000000,0,0,0,0,0,0,0,0,0,0,0,80,0,100,128.7625,8,506,1712.0
1637174834,1,POST,/auth/modify-friend/,0.300000,0.000000,620,620,750,750,750,750,750,750,750,750,750,316,0,190,257.42721518987344,74,1132,1713.0
1637174834,1,GET,/public/,0.200000,0.000000,940,940,1100,1100,1100,1100,1100,1100,1100,1100,1100,316,0,240,321.99367088607596,109,1344,10199.582278481013
1637174834,1,,Aggregated,1.400000,0.000000,650,740,780,920,940,1100,1100,1100,1100,1100,1100,2010,0,220,299.3681592039801,8,2059,5948.8243781094525
1637174835,1,GET,/,0.300000,0.000000,780,780,780,780,780,780,780,780,780,780,780,507,0,270,334.6232741617357,111,1677,10229.392504930967
1637174835,1,POST,/,0.000000,0.000000,0,0,0,0,0,0,0,0,0,0,0,78,0,660,780.5897435897435,296,2059,10121.51282051282
1637174835,1,GET,/auth/find-friends/,0.600000,0.000000,620,650,650,710,710,710,710,710,710,710,710,632,0,160,220.53955696202533,54,1145,1974.0
1637174835,1,GET,/auth/login/,0.000000,0.000000,0,0,0,0,0,0,0,0,0,0,0,1,0,597,597.0,597,597,2961.0
1637174835,1,POST,/auth/login/,0.000000,0.000000,0,0,0,0,0,0,0,0,0,0,0,80,0,290,472.675,153,1812,10368.65
1637174835,1,GET,/auth/logout/,0.000000,0.000000,110,110,110,110,110,110,110,110,110,110,110,80,0,100,128.7625,8,506,1712.0
1637174835,1,POST,/auth/modify-friend/,0.300000,0.000000,620,620,750,750,750,750,750,750,750,750,750,316,0,190,257.42721518987344,74,1132,1713.0
1637174835,1,GET,/public/,0.200000,0.000000,940,940,1100,1100,1100,1100,1100,1100,1100,1100,1100,316,0,240,321.99367088607596,109,1344,10199.582278481013
1637174835,1,,Aggregated,1.400000,0.000000,650,740,750,780,920,1100,1100,1100,1100,1100,1100,2010,0,220,299.3681592039801,8,2059,5948.8243781094525
1637174836,1,GET,/,0.300000,0.000000,780,780,780,780,780,780,780,780,780,780,780,507,0,270,334.6232741617357,111,1677,10229.392504930967
1637174836,1,POST,/,0.000000,0.000000,0,0,0,0,0,0,0,0,0,0,0,78,0,660,780.5897435897435,296,2059,10121.51282051282
1637174836,1,GET,/auth/find-friends/,0.600000,0.000000,620,650,650,710,710,710,710,710,710,710,710,632,0,160,220.53955696202533,54,1145,1974.0
1637174836,1,GET,/auth/login/,0.000000,0.000000,0,0,0,0,0,0,0,0,0,0,0,1,0,597,597.0,597,597,2961.0
1637174836,1,POST,/auth/login/,0.000000,0.000000,850,850,850,850,850,850,850,850,850,850,850,81,0,300,477.34567901234567,153,1812,10370.234567901234
1637174836,1,GET,/auth/logout/,0.000000,0.000000,110,110,110,110,110,110,110,110,110,110,110,80,0,100,128.7625,8,506,1712.0
1637174836,1,POST,/auth/modify-friend/,0.200000,0.000000,620,620,750,750,750,750,750,750,750,750,750,316,0,190,257.42721518987344,74,1132,1713.0
1637174836,1,GET,/public/,0.300000,0.000000,940,940,1100,1100,1100,1100,1100,1100,1100,1100,1100,317,0,240,322.49842271293375,109,1344,10199.77287066246
1637174836,1,,Aggregated,1.400000,0.000000,710,750,780,850,920,1100,1100,1100,1100,1100,1100,2012,0,220,299.7331013916501,8,2059,5953.227634194831
1637174837,1,GET,/,0.200000,0.000000,780,780,780,780,780,780,780,780,780,780,780,507,0,270,334.6232741617357,111,1677,10229.392504930967
1637174837,1,POST,/,0.000000,0.000000,0,0,0,0,0,0,0,0,0,0,0,78,0,660,780.5897435897435,296,2059,10121.51282051282
1637174837,1,GET,/auth/find-friends/,0.600000,0.000000,650,650,710,710,970,970,970,970,970,970,970,633,0,170,221.72353870458136,54,1145,1974.0
1637174837,1,GET,/auth/login/,0.000000,0.000000,0,0,0,0,0,0,0,0,0,0,0,1,0,597,597.0,597,597,2961.0
1637174837,1,POST,/auth/login/,0.000000,0.000000,850,850,850,850,850,850,850,850,850,850,850,81,0,300,477.34567901234567,153,1812,10370.234567901234
1637174837,1,GET,/auth/logout/,0.100000,0.000000,110,110,110,110,110,110,110,110,110,110,110,80,0,100,128.7625,8,506,1712.0
1637174837,1,POST,/auth/modify-friend/,0.300000,0.000000,620,620,750,750,750,750,750,750,750,750,750,316,0,190,257.42721518987344,74,1132,1713.0
1637174837,1,GET,/public/,0.300000,0.000000,920,920,1100,1100,1100,1100,1100,1100,1100,1100,1100,317,0,240,322.49842271293375,109,1344,10199.77287066246
1637174837,1,,Aggregated,1.500000,0.000000,710,780,850,920,970,1100,1100,1100,1100,1100,1100,2013,0,220,300.06607054148037,8,2059,5951.25086934923
1637174838,1,GET,/,0.200000,0.000000,780,780,780,780,780,780,780,780,780,780,780,507,0,270,334.6232741617357,111,1677,10229.392504930967
1637174838,1,POST,/,0.000000,0.000000,0,0,0,0,0,0,0,0,0,0,0,78,0,660,780.5897435897435,296,2059,10121.51282051282
1637174838,1,GET,/auth/find-friends/,0.500000,0.000000,650,650,710,710,970,970,970,970,970,970,970,634,0,170,222.26971608832807,54,1145,1974.0
1637174838,1,GET,/auth/login/,0.000000,0.000000,0,0,0,0,0,0,0,0,0,0,0,1,0,597,597.0,597,597,2961.0
1637174838,1,POST,/auth/login/,0.100000,0.000000,850,850,850,850,850,850,850,850,850,850,850,81,0,300,477.34567901234567,153,1812,10370.234567901234
1637174838,1,GET,/auth/logout/,0.100000,0.000000,110,110,110,110,110,110,110,110,110,110,110,80,0,100,128.7625,8,506,1712.0
1637174838,1,POST,/auth/modify-friend/,0.300000,0.000000,440,440,750,750,750,750,750,750,750,750,750,317,0,190,257.98738170347,74,1132,1713.0
1637174838,1,GET,/public/,0.200000,0.000000,920,920,1100,1100,1100,1100,1100,1100,1100,1100,1100,317,0,240,322.49842271293375,109,1344,10199.77287066246
1637174838,1,,Aggregated,1.400000,0.000000,650,750,850,920,970,1100,1100,1100,1100,1100,1100,2015,0,220,300.26600496277916,8,2059,5947.173697270471
1637174839,1,GET,/,0.200000,0.000000,780,780,780,780,780,780,780,780,780,780,780,507,0,270,334.6232741617357,111,1677,10229.392504930967
1637174839,1,POST,/,0.000000,0.000000,0,0,0,0,0,0,0,0,0,0,0,78,0,660,780.5897435897435,296,2059,10121.51282051282
1637174839,1,GET,/auth/find-friends/,0.400000,0.000000,570,650,710,710,970,970,970,970,970,970,970,635,0,170,222.34173228346458,54,1145,1974.0
1637174839,1,GET,/auth/login/,0.000000,0.000000,0,0,0,0,0,0,0,0,0,0,0,1,0,597,597.0,597,597,2961.0
1637174839,1,POST,/auth/login/,0.100000,0.000000,850,850,850,850,850,850,850,850,850,850,850,81,0,300,477.34567901234567,153,1812,10370.234567901234
1637174839,1,GET,/auth/logout/,0.100000,0.000000,110,110,110,110,110,110,110,110,110,110,110,80,0,100,128.7625,8,506,1712.0
1637174839,1,POST,/auth/modify-friend/,0.200000,0.000000,440,440,750,750,750,750,750,750,750,750,750,317,0,190,257.98738170347,74,1132,1713.0
1637174839,1,GET,/public/,0.300000,0.000000,920,920,1100,1100,1100,1100,1100,1100,1100,1100,1100,318,0,240,322.91509433962267,109,1344,10200.399371069183
1637174839,1,,Aggregated,1.300000,0.000000,480,650,750,850,920,970,970,970,970,970,970,2017,0,220,300.3267228557263,8,2059,5947.411006445216
1637174840,1,GET,/,0.100000,0.000000,780,780,780,780,780,780,780,780,780,780,780,507,0,270,334.6232741617357,111,1677,10229.392504930967
1637174840,1,POST,/,0.000000,0.000000,0,0,0,0,0,0,0,0,0,0,0,78,0,660,780.5897435897435,296,2059,10121.51282051282
1637174840,1,GET,/auth/find-friends/,0.500000,0.000000,480,570,650,710,970,970,970,970,970,970,970,637,0,170,222.74097331240188,54,1145,1974.0
1637174840,1,GET,/auth/login/,0.000000,0.000000,0,0,0,0,0,0,0,0,0,0,0,1,0,597,597.0,597,597,2961.0
1637174840,1,POST,/auth/login/,0.100000,0.000000,850,850,850,850,850,850,850,850,850,850,850,81,0,300,477.34567901234567,153,1812,10370.234567901234
1637174840,1,GET,/auth/logout/,0.100000,0.000000,110,110,110,110,110,110,110,110,110,110,110,80,0,100,128.7625,8,506,1712.0
1637174840,1,POST,/auth/modify-friend/,0.200000,0.000000,440,440,750,750,750,750,750,750,750,750,750,318,0,190,258.20440251572325,74,1132,1713.0
1637174840,1,GET,/public/,0.300000,0.000000,480,480,920,920,920,920,920,920,920,920,920,319,0,240,322.63009404388714,109,1344,10200.739811912226
1637174840,1,,Aggregated,1.300000,0.000000,440,480,570,750,920,970,970,970,970,970,970,2021,0,220,300.35477486392875,8,2059,5943.541810984661
1637174841,1,GET,/,0.000000,0.000000,780,780,780,780,780,780,780,780,780,780,780,507,0,270,334.6232741617357,111,1677,10229.392504930967
1637174841,1,POST,/,0.000000,0.000000,0,0,0,0,0,0,0,0,0,0,0,78,0,660,780.5897435897435,296,2059,10121.51282051282
1637174841,1,GET,/auth/find-friends/,0.600000,0.000000,430,480,570,570,970,970,970,970,970,970,970,638,0,170,222.85109717868337,54,1145,1974.0
1637174841,1,GET,/auth/login/,0.000000,0.000000,0,0,0,0,0,0,0,0,0,0,0,1,0,597,597.0,597,597,2961.0
1637174841,1,POST,/auth/login/,0.100000,0.000000,850,850,850,850,850,850,850,850,850,850,850,81,0,300,477.34567901234567,153,1812,10370.234567901234
1637174841,1,GET,/auth/logout/,0.100000,0.000000,110,110,110,110,110,110,110,110,110,110,110,80,0,100,128.7625,8,506,1712.0
1637174841,1,POST,/auth/modify-friend/,0.300000,0.000000,430,440,440,750,750,750,750,750,750,750,750,319,0,190,258.423197492163,74,1132,1713.0
1637174841,1,GET,/public/,0.400000,0.000000,460,480,480,920,920,920,920,920,920,920,920,320,0,240,322.8375,109,1344,10200.8375
1637174841,1,,Aggregated,1.500000,0.000000,430,460,480,570,920,970,970,970,970,970,970,2024,0,220,300.4085968379447,8,2059,5941.60918972332
1637174842,1,GET,/,0.000000,0.000000,780,780,780,780,780,780,780,780,780,780,780,507,0,270,334.6232741617357,111,1677,10229.392504930967
1637174842,1,POST,/,0.000000,0.000000,0,0,0,0,0,0,0,0,0,0,0,78,0,660,780.5897435897435,296,2059,10121.51282051282
1637174842,1,GET,/auth/find-friends/,0.800000,0.000000,400,430,480,570,970,970,970,970,970,970,970,640,0,170,222.93125,54,1145,1974.0
1637174842,1,GET,/auth/login/,0.000000,0.000000,0,0,0,0,0,0,0,0,0,0,0,1,0,597,597.0,597,597,2961.0
1637174842,1,POST,/auth/login/,0.100000,0.000000,850,850,850,850,850,850,850,850,850,850,850,81,0,300,477.34567901234567,153,1812,10370.234567901234
1637174842,1,GET,/auth/logout/,0.100000,0.000000,110,110,110,110,110,110,110,110,110,110,110,80,0,100,128.7625,8,506,1712.0
1637174842,1,POST,/auth/modify-friend/,0.400000,0.000000,330,430,430,440,440,440,440,440,440,440,440,320,0,190,258.640625,74,1132,1713.0
1637174842,1,GET,/public/,0.300000,0.000000,460,480,480,920,920,920,920,920,920,920,920,320,0,240,322.8375,109,1344,10200.8375
1637174842,1,,Aggregated,1.700000,0.000000,390,430,460,480,570,850,970,970,970,970,970,2027,0,220,300.3709916132215,8,2059,5935.6082881105085
1637174843,1,GET,/,0.000000,0.000000,780,780,780,780,780,780,780,780,780,780,780,507,0,270,334.6232741617357,111,1677,10229.392504930967
1637174843,1,POST,/,0.000000,0.000000,0,0,0,0,0,0,0,0,0,0,0,78,0,660,780.5897435897435,296,2059,10121.51282051282
1637174843,1,GET,/auth/find-friends/,0.800000,0.000000,400,430,480,570,970,970,970,970,970,970,970,640,0,170,222.93125,54,1145,1974.0
1637174843,1,GET,/auth/login/,0.000000,0.000000,0,0,0,0,0,0,0,0,0,0,0,1,0,597,597.0,597,597,2961.0
1637174843,1,POST,/auth/login/,0.100000,0.000000,850,850,850,850,850,850,850,850,850,850,850,81,0,300,477.34567901234567,153,1812,10370.234567901234
1637174843,1,GET,/auth/logout/,0.100000,0.000000,250,250,250,250,250,250,250,250,250,250,250,81,0,110,130.2469135802469,8,506,1712.0
1637174843,1,POST,/auth/modify-friend/,0.400000,0.000000,330,430,430,440,440,440,440,440,440,440,440,320,0,190,258.640625,74,1132,1713.0
1637174843,1,GET,/public/,0.300000,0.000000,460,480,480,920,920,920,920,920,920,920,920,320,0,240,322.8375,109,1344,10200.8375
1637174843,1,,Aggregated,1.700000,0.000000,330,430,460,480,850,970,970,970,970,970,970,2028,0,220,300.3456607495069,8,2059,5933.525641025641
1637174844,1,GET,/,0.000000,0.000000,780,780,780,780,780,780,780,780,780,780,780,507,0,270,334.6232741617357,111,1677,10229.392504930967
1637174844,1,POST,/,0.000000,0.000000,0,0,0,0,0,0,0,0,0,0,0,78,0,660,780.5897435897435,296,2059,10121.51282051282
1637174844,1,GET,/auth/find-friends/,1.000000,0.000000,400,430,480,570,970,970,970,970,970,970,970,640,0,170,222.93125,54,1145,1974.0
1637174844,1,GET,/auth/login/,0.000000,0.000000,0,0,0,0,0,0,0,0,0,0,0,1,0,597,597.0,597,597,2961.0
1637174844,1,POST,/auth/login/,0.100000,0.000000,880,880,880,880,880,880,880,880,880,880,880,82,0,300,482.2926829268293,153,1812,10374.548780487805
1637174844,1,GET,/auth/logout/,0.100000,0.000000,250,250,250,250,250,250,250,250,250,250,250,81,0,110,130.2469135802469,8,506,1712.0
1637174844,1,POST,/auth/modify-friend/,0.400000,0.000000,330,430,430,440,440,440,440,440,440,440,440,320,0,190,258.640625,74,1132,1713.0
1637174844,1,GET,/public/,0.500000,0.000000,460,460,480,480,480,480,480,480,480,480,480,320,0,240,322.8375,109,1344,10200.8375
1637174844,1,,Aggregated,2.100000,0.000000,330,440,480,570,880,970,970,970,970,970,970,2029,0,220,300.63282405125676,8,2059,5935.886643666831
1637174845,1,GET,/,0.000000,0.000000,480,480,780,780,780,780,780,780,780,780,780,509,0,270,334.88408644400783,111,1677,10231.453831041257
1637174845,1,POST,/,0.000000,0.000000,0,0,0,0,0,0,0,0,0,0,0,78,0,660,780.5897435897435,296,2059,10121.51282051282
1637174845,1,GET,/auth/find-friends/,1.000000,0.000000,320,400,570,570,970,970,970,970,970,970,970,640,0,170,222.93125,54,1145,1974.0
1637174845,1,GET,/auth/login/,0.000000,0.000000,0,0,0,0,0,0,0,0,0,0,0,1,0,597,597.0,597,597,2961.0
1637174845,1,POST,/auth/login/,0.100000,0.000000,880,880,880,880,880,880,880,880,880,880,880,82,0,300,482.2926829268293,153,1812,10374.548780487805
1637174845,1,GET,/auth/logout/,0.200000,0.000000,250,250,250,250,250,250,250,250,250,250,250,81,0,110,130.2469135802469,8,506,1712.0
1637174845,1,POST,/auth/modify-friend/,0.500000,0.000000,330,430,430,440,440,440,440,440,440,440,440,320,0,190,258.640625,74,1132,1713.0
1637174845,1,GET,/public/,0.400000,0.000000,460,460,480,480,480,480,480,480,480,480,480,320,0,240,322.8375,109,1344,10200.8375
1637174845,1,,Aggregated,2.200000,0.000000,330,440,480,480,880,970,970,970,970,970,970,2031,0,220,300.7316592811423,8,2059,5940.63121614968
1637174846,1,GET,/,0.000000,0.000000,480,480,480,480,480,480,480,480,480,480,480,509,0,270,334.88408644400783,111,1677,10231.453831041257
1637174846,1,POST,/,0.000000,0.000000,0,0,0,0,0,0,0,0,0,0,0,78,0,660,780.5897435897435,296,2059,10121.51282051282
1637174846,1,GET,/auth/find-friends/,0.800000,0.000000,320,400,480,570,970,970,970,970,970,970,970,641,0,170,223.32917316692667,54,1145,1974.0
1637174846,1,GET,/auth/login/,0.000000,0.000000,0,0,0,0,0,0,0,0,0,0,0,1,0,597,597.0,597,597,2961.0
1637174846,1,POST,/auth/login/,0.100000,0.000000,880,880,880,880,880,880,880,880,880,880,880,82,0,300,482.2926829268293,153,1812,10374.548780487805
1637174846,1,GET,/auth/logout/,0.200000,0.000000,250,250,250,250,250,250,250,250,250,250,250,81,0,110,130.2469135802469,8,506,1712.0
1637174846,1,POST,/auth/modify-friend/,0.500000,0.000000,330,330,440,440,440,440,440,440,440,440,440,320,0,190,258.640625,74,1132,1713.0
1637174846,1,GET,/public/,0.400000,0.000000,390,460,460,480,480,480,480,480,480,480,480,321,0,240,323.0436137071651,109,1344,10201.632398753894
1637174846,1,,Aggregated,2.000000,0.000000,330,400,460,480,570,880,970,970,970,970,970,2033,0,220,300.86227250368916,8,2059,5940.901131333006
1637174847,1,GET,/,0.100000,0.000000,480,480,480,480,480,480,480,480,480,480,480,509,0,270,334.88408644400783,111,1677,10231.453831041257
1637174847,1,POST,/,0.000000,0.000000,0,0,0,0,0,0,0,0,0,0,0,78,0,660,780.5897435897435,296,2059,10121.51282051282
1637174847,1,GET,/auth/find-friends/,0.800000,0.000000,320,400,420,480,570,570,570,570,570,570,570,642,0,170,223.62772585669782,54,1145,1974.0
1637174847,1,GET,/auth/login/,0.000000,0.000000,0,0,0,0,0,0,0,0,0,0,0,1,0,597,597.0,597,597,2961.0
1637174847,1,POST,/auth/login/,0.200000,0.000000,880,880,880,880,880,880,880,880,880,880,880,82,0,300,482.2926829268293,153,1812,10374.548780487805
1637174847,1,GET,/auth/logout/,0.100000,0.000000,250,250,250,250,250,250,250,250,250,250,250,81,0,110,130.2469135802469,8,506,1712.0
1637174847,1,POST,/auth/modify-friend/,0.400000,0.000000,330,440,440,450,450,450,450,450,450,450,450,321,0,190,259.23364485981307,74,1132,1713.0
1637174847,1,GET,/public/,0.400000,0.000000,390,390,390,460,460,460,460,460,460,460,460,322,0,240,323.1832298136646,109,1344,10201.649068322982
1637174847,1,,Aggregated,2.000000,0.000000,370,420,450,460,480,570,880,880,880,880,880,2036,0,220,301.02406679764243,8,2059,5938.971512770137
1637174848,1,GET,/,0.200000,0.000000,480,480,480,480,480,480,480,480,480,480,480,509,0,270,334.88408644400783,111,1677,10231.453831041257
1637174848,1,POST,/,0.000000,0.000000,0,0,0,0,0,0,0,0,0,0,0,78,0,660,780.5897435897435,296,2059,10121.51282051282
1637174848,1,GET,/auth/find-friends/,0.800000,0.000000,370,390,400,420,480,480,480,480,480,480,480,644,0,170,224.1164596273292,54,1145,1974.0
1637174848,1,GET,/auth/login/,0.000000,0.000000,0,0,0,0,0,0,0,0,0,0,0,1,0,597,597.0,597,597,2961.0
1637174848,1,POST,/auth/login/,0.100000,0.000000,880,880,880,880,880,880,880,880,880,880,880,82,0,300,482.2926829268293,153,1812,10374.548780487805
1637174848,1,GET,/auth/logout/,0.100000,0.000000,250,250,250,250,250,250,250,250,250,250,250,81,0,110,130.2469135802469,8,506,1712.0
1637174848,1,POST,/auth/modify-friend/,0.400000,0.000000,330,330,450,450,450,450,450,450,450,450,450,321,0,190,259.23364485981307,74,1132,1713.0
1637174848,1,GET,/public/,0.500000,0.000000,390,390,390,460,460,460,460,460,460,460,460,322,0,240,323.1832298136646,109,1344,10201.649068322982
1637174848,1,,Aggregated,2.100000,0.000000,370,390,400,420,480,480,880,880,880,880,880,2038,0,220,301.10255152109914,8,2059,5935.080471050049
1637174849,1,GET,/,0.200000,0.000000,480,480,480,480,480,480,480,480,480,480,480,509,0,270,334.88408644400783,111,1677,10231.453831041257
1637174849,1,POST,/,0.000000,0.000000,0,0,0,0,0,0,0,0,0,0,0,78,0,660,780.5897435897435,296,2059,10121.51282051282
1637174849,1,GET,/auth/find-friends/,1.000000,0.000000,370,390,420,420,480,480,480,480,480,480,480,644,0,170,224.1164596273292,54,1145,1974.0
1637174849,1,GET,/auth/login/,0.000000,0.000000,0,0,0,0,0,0,0,0,0,0,0,1,0,597,597.0,597,597,2961.0
1637174849,1,POST,/auth/login/,0.100000,0.000000,880,880,880,880,880,880,880,880,880,880,880,82,0,300,482.2926829268293,153,1812,10374.548780487805
1637174849,1,GET,/auth/logout/,0.100000,0.000000,250,250,250,250,250,250,250,250,250,250,250,81,0,110,130.2469135802469,8,506,1712.0
1637174849,1,POST,/auth/modify-friend/,0.400000,0.000000,330,450,450,510,510,510,510,510,510,510,510,322,0,190,260.00621118012424,74,1132,1713.0
1637174849,1,GET,/public/,0.400000,0.000000,390,390,390,560,560,560,560,560,560,560,560,323,0,240,323.9256965944272,109,1344,10201.1826625387
1637174849,1,,Aggregated,2.200000,0.000000,370,390,450,480,510,560,880,880,880,880,880,2040,0,220,301.33235294117645,8,2059,5935.028431372549
1637174850,1,GET,/,0.200000,0.000000,480,480,480,480,480,480,480,480,480,480,480,509,0,270,334.88408644400783,111,1677,10231.453831041257
1637174850,1,POST,/,0.000000,0.000000,0,0,0,0,0,0,0,0,0,0,0,78,0,660,780.5897435897435,296,2059,10121.51282051282
1637174850,1,GET,/auth/find-friends/,1.000000,0.000000,420,480,540,540,570,570,570,570,570,570,570,646,0,170,225.13931888544892,54,1145,1974.0
1637174850,1,GET,/auth/login/,0.000000,0.000000,0,0,0,0,0,0,0,0,0,0,0,1,0,597,597.0,597,597,2961.0
1637174850,1,POST,/auth/login/,0.100000,0.000000,880,880,880,880,880,880,880,880,880,880,880,82,0,300,482.2926829268293,153,1812,10374.548780487805
1637174850,1,GET,/auth/logout/,0.100000,0.000000,250,250,250,250,250,250,250,250,250,250,250,81,0,110,130.2469135802469,8,506,1712.0
1637174850,1,POST,/auth/modify-friend/,0.500000,0.000000,450,450,510,510,510,510,510,510,510,510,510,322,0,190,260.00621118012424,74,1132,1713.0
1637174850,1,GET,/public/,0.500000,0.000000,390,390,560,560,560,560,560,560,560,560,560,323,0,240,323.9256965944272,109,1344,10201.1826625387
1637174850,1,,Aggregated,2.400000,0.000000,390,480,510,540,570,880,880,880,880,880,880,2042,0,220,301.58031341821743,8,2059,5931.148873653281
1637174851,1,GET,/,0.200000,0.000000,480,480,480,480,480,480,480,480,480,480,480,509,0,270,334.88408644400783,111,1677,10231.453831041257
1637174851,1,POST,/,0.000000,0.000000,0,0,0,0,0,0,0,0,0,0,0,78,0,660,780.5897435897435,296,2059,10121.51282051282
1637174851,1,GET,/auth/find-friends/,1.000000,0.000000,420,480,540,540,570,570,570,570,570,570,570,646,0,170,225.13931888544892,54,1145,1974.0
1637174851,1,GET,/auth/login/,0.000000,0.000000,0,0,0,0,0,0,0,0,0,0,0,1,0,597,597.0,597,597,2961.0
1637174851,1,POST,/auth/login/,0.100000,0.000000,880,880,880,880,880,880,880,880,880,880,880,82,0,300,482.2926829268293,153,1812,10374.548780487805
1637174851,1,GET,/auth/logout/,0.100000,0.000000,250,250,250,250,250,250,250,250,250,250,250,81,0,110,130.2469135802469,8,506,1712.0
1637174851,1,POST,/auth/modify-friend/,0.500000,0.000000,510,510,640,640,640,640,640,640,640,640,640,323,0,190,261.1764705882353,74,1132,1713.0
1637174851,1,GET,/public/,0.500000,0.000000,390,390,560,560,560,560,560,560,560,560,560,323,0,240,323.9256965944272,109,1344,10201.1826625387
1637174851,1,,Aggregated,2.400000,0.000000,450,510,540,560,640,880,880,880,880,880,880,2043,0,220,301.7449828683309,8,2059,5929.084189916789
1637174852,1,GET,/,0.200000,0.000000,570,570,770,770,770,770,770,770,770,770,770,511,0,270,336.19569471624266,111,1677,10232.050880626222
1637174852,1,POST,/,0.000000,0.000000,0,0,0,0,0,0,0,0,0,0,0,78,0,660,780.5897435897435,296,2059,10121.51282051282
1637174852,1,GET,/auth/find-friends/,0.900000,0.000000,420,480,540,540,570,570,570,570,570,570,570,646,0,170,225.13931888544892,54,1145,1974.0
1637174852,1,GET,/auth/login/,0.000000,0.000000,0,0,0,0,0,0,0,0,0,0,0,1,0,597,597.0,597,597,2961.0
1637174852,1,POST,/auth/login/,0.100000,0.000000,880,880,880,880,880,880,880,880,880,880,880,82,0,300,482.2926829268293,153,1812,10374.548780487805
1637174852,1,GET,/auth/logout/,0.100000,0.000000,250,250,250,250,250,250,250,250,250,250,250,81,0,110,130.2469135802469,8,506,1712.0
1637174852,1,POST,/auth/modify-friend/,0.400000,0.000000,510,510,640,640,640,640,640,640,640,640,640,323,0,190,261.1764705882353,74,1132,1713.0
1637174852,1,GET,/public/,0.500000,0.000000,390,390,560,560,560,560,560,560,560,560,560,323,0,240,323.9256965944272,109,1344,10201.1826625387
1637174852,1,,Aggregated,2.200000,0.000000,480,540,570,570,770,880,880,880,880,880,880,2045,0,220,302.10513447432766,8,2059,5933.441075794621
1637174853,1,GET,/,0.200000,0.000000,570,770,770,800,800,800,800,800,800,800,800,512,0,270,337.109375,111,1677,10232.03125
1637174853,1,POST,/,0.000000,0.000000,0,0,0,0,0,0,0,0,0,0,0,78,0,660,780.5897435897435,296,2059,10121.51282051282
1637174853,1,GET,/auth/find-friends/,0.800000,0.000000,480,480,540,540,570,570,570,570,570,570,570,646,0,170,225.13931888544892,54,1145,1974.0
1637174853,1,GET,/auth/login/,0.000000,0.000000,0,0,0,0,0,0,0,0,0,0,0,1,0,597,597.0,597,597,2961.0
1637174853,1,POST,/auth/login/,0.100000,0.000000,880,880,880,880,880,880,880,880,880,880,880,82,0,300,482.2926829268293,153,1812,10374.548780487805
1637174853,1,GET,/auth/logout/,0.100000,0.000000,250,250,250,250,250,250,250,250,250,250,250,81,0,110,130.2469135802469,8,506,1712.0
1637174853,1,POST,/auth/modify-friend/,0.500000,0.000000,510,510,640,640,640,640,640,640,640,640,640,323,0,190,261.1764705882353,74,1132,1713.0
1637174853,1,GET,/public/,0.400000,0.000000,390,390,560,560,560,560,560,560,560,560,560,323,0,240,323.9256965944272,109,1344,10201.1826625387
1637174853,1,,Aggregated,2.100000,0.000000,510,560,570,640,800,880,880,880,880,880,880,2046,0,220,302.35043988269797,8,2059,5935.537145650049
1637174854,1,GET,/,0.300000,0.000000,760,760,770,770,800,800,800,800,800,800,800,514,0,270,338.29571984435796,111,1677,10231.97859922179
1637174854,1,POST,/,0.000000,0.000000,0,0,0,0,0,0,0,0,0,0,0,78,0,660,780.5897435897435,296,2059,10121.51282051282
1637174854,1,GET,/auth/find-friends/,0.600000,0.000000,480,480,540,540,570,570,570,570,570,570,570,646,0,170,225.13931888544892,54,1145,1974.0
1637174854,1,GET,/auth/login/,0.000000,0.000000,0,0,0,0,0,0,0,0,0,0,0,1,0,597,597.0,597,597,2961.0
1637174854,1,POST,/auth/login/,0.100000,0.000000,880,880,880,880,880,880,880,880,880,880,880,82,0,300,482.2926829268293,153,1812,10374.548780487805
1637174854,1,GET,/auth/logout/,0.100000,0.000000,250,250,250,250,250,250,250,250,250,250,250,81,0,110,130.2469135802469,8,506,1712.0
1637174854,1,POST,/auth/modify-friend/,0.400000,0.000000,510,510,640,640,640,640,640,640,640,640,640,323,0,190,261.1764705882353,74,1132,1713.0
1637174854,1,GET,/public/,0.300000,0.000000,390,390,560,560,560,560,560,560,560,560,560,323,0,240,323.9256965944272,109,1344,10201.1826625387
1637174854,1,,Aggregated,1.800000,0.000000,520,560,570,640,770,800,800,800,800,800,800,2048,0,220,302.68212890625,8,2059,5939.7197265625
1637174855,1,GET,/,0.400000,0.000000,760,760,770,770,800,800,800,800,800,800,800,514,0,270,338.29571984435796,111,1677,10231.97859922179
1637174855,1,POST,/,0.000000,0.000000,0,0,0,0,0,0,0,0,0,0,0,78,0,660,780.5897435897435,296,2059,10121.51282051282
1637174855,1,GET,/auth/find-friends/,0.600000,0.000000,480,480,540,540,570,570,570,570,570,570,570,646,0,170,225.13931888544892,54,1145,1974.0
1637174855,1,GET,/auth/login/,0.000000,0.000000,0,0,0,0,0,0,0,0,0,0,0,1,0,597,597.0,597,597,2961.0
1637174855,1,POST,/auth/login/,0.100000,0.000000,880,880,880,880,880,880,880,880,880,880,880,82,0,300,482.2926829268293,153,1812,10374.548780487805
1637174855,1,GET,/auth/logout/,0.000000,0.000000,250,250,250,250,250,250,250,250,250,250,250,81,0,110,130.2469135802469,8,506,1712.0
1637174855,1,POST,/auth/modify-friend/,0.300000,0.000000,510,510,640,640,640,640,640,640,640,640,640,323,0,190,261.1764705882353,74,1132,1713.0
1637174855,1,GET,/public/,0.300000,0.000000,560,560,640,640,640,640,640,640,640,640,640,324,0,240,324.91358024691357,109,1344,10200.552469135802
1637174855,1,,Aggregated,1.700000,0.000000,540,570,640,640,770,800,800,800,800,800,800,2049,0,220,302.8487066861884,8,2059,5941.699853587115
1637174856,1,GET,/,0.600000,0.000000,760,760,770,770,800,800,800,800,800,800,800,514,0,270,338.29571984435796,111,1677,10231.97859922179
1637174856,1,POST,/,0.000000,0.000000,0,0,0,0,0,0,0,0,0,0,0,78,0,660,780.5897435897435,296,2059,10121.51282051282
1637174856,1,GET,/auth/find-friends/,0.600000,0.000000,540,540,560,560,570,570,570,570,570,570,570,648,0,170,225.7469135802469,54,1145,1974.0
1637174856,1,GET,/auth/login/,0.000000,0.000000,0,0,0,0,0,0,0,0,0,0,0,1,0,597,597.0,597,597,2961.0
1637174856,1,POST,/auth/login/,0.100000,0.000000,880,880,880,880,880,880,880,880,880,880,880,82,0,300,482.2926829268293,153,1812,10374.548780487805
1637174856,1,GET,/auth/logout/,0.000000,0.000000,250,250,250,250,250,250,250,250,250,250,250,81,0,110,130.2469135802469,8,506,1712.0
1637174856,1,POST,/auth/modify-friend/,0.300000,0.000000,510,510,640,640,640,640,640,640,640,640,640,324,0,190,261.0524691358025,74,1132,1713.0
1637174856,1,GET,/public/,0.300000,0.000000,560,560,640,640,640,640,640,640,640,640,640,325,0,240,324.92615384615385,109,1344,10200.504615384616
1637174856,1,,Aggregated,1.900000,0.000000,540,570,640,640,770,800,800,800,800,800,800,2053,0,230,302.9376522162689,8,2059,5937.84169508037
1637174857,1,GET,/,0.600000,0.000000,760,760,770,770,800,800,800,800,800,800,800,514,0,270,338.29571984435796,111,1677,10231.97859922179
1637174857,1,POST,/,0.000000,0.000000,0,0,0,0,0,0,0,0,0,0,0,78,0,660,780.5897435897435,296,2059,10121.51282051282
1637174857,1,GET,/auth/find-friends/,0.600000,0.000000,370,540,560,560,570,570,570,570,570,570,570,650,0,170,225.79538461538462,54,1145,1974.0
1637174857,1,GET,/auth/login/,0.000000,0.000000,0,0,0,0,0,0,0,0,0,0,0,1,0,597,597.0,597,597,2961.0
1637174857,1,POST,/auth/login/,0.000000,0.000000,880,880,880,880,880,880,880,880,880,880,880,82,0,300,482.2926829268293,153,1812,10374.548780487805
1637174857,1,GET,/auth/logout/,0.000000,0.000000,250,250,250,250,250,250,250,250,250,250,250,81,0,110,130.2469135802469,8,506,1712.0
1637174857,1,POST,/auth/modify-friend/,0.300000,0.000000,510,510,640,640,640,640,640,640,640,640,640,325,0,200,261.3446153846154,74,1132,1713.0
1637174857,1,GET,/public/,0.300000,0.000000,560,560,640,640,640,640,640,640,640,640,640,325,0,240,324.92615384615385,109,1344,10200.504615384616
1637174857,1,,Aggregated,1.800000,0.000000,540,570,640,640,770,800,800,800,800,800,800,2056,0,230,302.9036964980545,8,2059,5931.93093385214
1637174858,1,GET,/,0.500000,0.000000,670,760,770,770,800,800,800,800,800,800,800,516,0,270,339.09302325581393,111,1677,10232.046511627907
1637174858,1,POST,/,0.000000,0.000000,0,0,0,0,0,0,0,0,0,0,0,78,0,660,780.5897435897435,296,2059,10121.51282051282
1637174858,1,GET,/auth/find-friends/,0.800000,0.000000,540,540,560,560,570,570,570,570,570,570,570,650,0,170,225.79538461538462,54,1145,1974.0
1637174858,1,GET,/auth/login/,0.000000,0.000000,0,0,0,0,0,0,0,0,0,0,0,1,0,597,597.0,597,597,2961.0
1637174858,1,POST,/auth/login/,0.000000,0.000000,880,880,880,880,880,880,880,880,880,880,880,82,0,300,482.2926829268293,153,1812,10374.548780487805
1637174858,1,GET,/auth/logout/,0.000000,0.000000,250,250,250,250,250,250,250,250,250,250,250,81,0,110,130.2469135802469,8,506,1712.0
1637174858,1,POST,/auth/modify-friend/,0.300000,0.000000,510,510,640,640,640,640,640,640,640,640,640,325,0,200,261.3446153846154,74,1132,1713.0
1637174858,1,GET,/public/,0.300000,0.000000,560,560,640,640,640,640,640,640,640,640,640,325,0,240,324.92615384615385,109,1344,10200.504615384616
1637174858,1,,Aggregated,1.900000,0.000000,560,570,640,670,770,800,800,800,800,800,800,2058,0,230,303.1379980563654,8,2059,5936.126822157435
1637174859,1,GET,/,0.500000,0.000000,670,760,770,770,800,800,800,800,800,800,800,517,0,270,339.66924564796903,111,1677,10232.290135396519
1637174859,1,POST,/,0.000000,0.000000,0,0,0,0,0,0,0,0,0,0,0,78,0,660,780.5897435897435,296,2059,10121.51282051282
1637174859,1,GET,/auth/find-friends/,0.800000,0.000000,280,560,560,570,570,570,570,570,570,570,570,650,0,170,225.79538461538462,54,1145,1974.0
1637174859,1,GET,/auth/login/,0.000000,0.000000,0,0,0,0,0,0,0,0,0,0,0,1,0,597,597.0,597,597,2961.0
1637174859,1,POST,/auth/login/,0.000000,0.000000,880,880,880,880,880,880,880,880,880,880,880,82,0,300,482.2926829268293,153,1812,10374.548780487805
1637174859,1,GET,/auth/logout/,0.000000,0.000000,250,250,250,250,250,250,250,250,250,250,250,81,0,110,130.2469135802469,8,506,1712.0
1637174859,1,POST,/auth/modify-friend/,0.400000,0.000000,360,360,640,640,640,640,640,640,640,640,640,325,0,200,261.3446153846154,74,1132,1713.0
1637174859,1,GET,/public/,0.400000,0.000000,560,560,640,640,640,640,640,640,640,640,640,325,0,240,324.92615384615385,109,1344,10200.504615384616
1637174859,1,,Aggregated,2.100000,0.000000,570,640,640,670,770,800,800,800,800,800,800,2059,0,230,303.30014570179696,8,2059,5938.2744050509955
1637174860,1,GET,/,0.600000,0.000000,670,760,770,770,800,800,800,800,800,800,800,517,0,270,339.66924564796903,111,1677,10232.290135396519
1637174860,1,POST,/,0.000000,0.000000,0,0,0,0,0,0,0,0,0,0,0,78,0,660,780.5897435897435,296,2059,10121.51282051282
1637174860,1,GET,/auth/find-friends/,0.700000,0.000000,550,550,560,560,570,570,570,570,570,570,570,651,0,170,226.29339477726575,54,1145,1974.0
1637174860,1,GET,/auth/login/,0.000000,0.000000,0,0,0,0,0,0,0,0,0,0,0,1,0,597,597.0,597,597,2961.0
1637174860,1,POST,/auth/login/,0.000000,0.000000,880,880,880,880,880,880,880,880,880,880,880,82,0,300,482.2926829268293,153,1812,10374.548780487805
1637174860,1,GET,/auth/logout/,0.000000,0.000000,0,0,0,0,0,0,0,0,0,0,0,81,0,110,130.2469135802469,8,506,1712.0
1637174860,1,POST,/auth/modify-friend/,0.400000,0.000000,360,360,640,640,640,640,640,640,640,640,640,325,0,200,261.3446153846154,74,1132,1713.0
1637174860,1,GET,/public/,0.300000,0.000000,640,640,740,740,740,740,740,740,740,740,740,326,0,240,326.18404907975463,109,1344,10200.180981595093
1637174860,1,,Aggregated,2.000000,0.000000,560,640,670,740,770,800,800,800,800,800,800,2061,0,230,303.6293061620573,8,2059,5938.367782629792
1637174861,1,GET,/,0.700000,0.000000,640,670,760,760,800,800,800,800,800,800,800,517,0,270,339.66924564796903,111,1677,10232.290135396519
1637174861,1,POST,/,0.000000,0.000000,0,0,0,0,0,0,0,0,0,0,0,78,0,660,780.5897435897435,296,2059,10121.51282051282
1637174861,1,GET,/auth/find-friends/,0.600000,0.000000,280,550,560,560,570,570,570,570,570,570,570,652,0,170,226.36349693251535,54,1145,1974.0
1637174861,1,GET,/auth/login/,0.000000,0.000000,0,0,0,0,0,0,0,0,0,0,0,1,0,597,597.0,597,597,2961.0
1637174861,1,POST,/auth/login/,0.000000,0.000000,880,880,880,880,880,880,880,880,880,880,880,82,0,300,482.2926829268293,153,1812,10374.548780487805
1637174861,1,GET,/auth/logout/,0.000000,0.000000,0,0,0,0,0,0,0,0,0,0,0,81,0,110,130.2469135802469,8,506,1712.0
1637174861,1,POST,/auth/modify-friend/,0.300000,0.000000,640,640,690,690,690,690,690,690,690,690,690,326,0,200,262.659509202454,74,1132,1713.0
1637174861,1,GET,/public/,0.300000,0.000000,640,640,740,740,740,740,740,740,740,740,740,326,0,240,326.18404907975463,109,1344,10200.180981595093
1637174861,1,,Aggregated,1.900000,0.000000,550,640,670,690,760,800,800,800,800,800,800,2063,0,230,303.8012603005332,8,2059,5934.397964129907
1637174862,1,GET,/,0.700000,0.000000,670,670,760,760,800,800,800,800,800,800,800,517,0,270,339.66924564796903,111,1677,10232.290135396519
1637174862,1,POST,/,0.000000,0.000000,0,0,0,0,0,0,0,0,0,0,0,78,0,660,780.5897435897435,296,2059,10121.51282051282
1637174862,1,GET,/auth/find-friends/,0.600000,0.000000,280,280,550,550,560,560,560,560,560,560,560,652,0,170,226.36349693251535,54,1145,1974.0
1637174862,1,GET,/auth/login/,0.000000,0.000000,0,0,0,0,0,0,0,0,0,0,0,1,0,597,597.0,597,597,2961.0
1637174862,1,POST,/auth/login/,0.000000,0.000000,0,0,0,0,0,0,0,0,0,0,0,82,0,300,482.2926829268293,153,1812,10374.548780487805
1637174862,1,GET,/auth/logout/,0.000000,0.000000,450,450,450,450,450,450,450,450,450,450,450,82,0,110,134.15853658536585,8,506,1712.0
1637174862,1,POST,/auth/modify-friend/,0.300000,0.000000,640,640,690,690,690,690,690,690,690,690,690,326,0,200,262.659509202454,74,1132,1713.0
1637174862,1,GET,/public/,0.300000,0.000000,640,640,740,740,740,740,740,740,740,740,740,326,0,240,326.18404907975463,109,1344,10200.180981595093
1637174862,1,,Aggregated,1.900000,0.000000,520,640,670,690,760,800,800,800,800,800,800,2064,0,230,303.87257751937983,8,2059,5932.352228682171
1637174863,1,GET,/,0.700000,0.000000,670,670,760,760,760,760,760,760,760,760,760,517,0,270,339.66924564796903,111,1677,10232.290135396519
1637174863,1,POST,/,0.000000,0.000000,0,0,0,0,0,0,0,0,0,0,0,78,0,660,780.5897435897435,296,2059,10121.51282051282
1637174863,1,GET,/auth/find-friends/,0.600000,0.000000,280,280,550,550,560,560,560,560,560,560,560,652,0,170,226.36349693251535,54,1145,1974.0
1637174863,1,GET,/auth/login/,0.000000,0.000000,0,0,0,0,0,0,0,0,0,0,0,1,0,597,597.0,597,597,2961.0
1637174863,1,POST,/auth/login/,0.000000,0.000000,0,0,0,0,0,0,0,0,0,0,0,82,0,300,482.2926829268293,153,1812,10374.548780487805
1637174863,1,GET,/auth/logout/,0.000000,0.000000,450,450,450,450,450,450,450,450,450,450,450,82,0,110,134.15853658536585,8,506,1712.0
1637174863,1,POST,/auth/modify-friend/,0.300000,0.000000,360,360,690,690,690,690,690,690,690,690,690,326,0,200,262.659509202454,74,1132,1713.0
1637174863,1,GET,/public/,0.300000,0.000000,640,640,740,740,740,740,740,740,740,740,740,326,0,240,326.18404907975463,109,1344,10200.180981595093
1637174863,1,,Aggregated,1.900000,0.000000,450,640,640,670,740,760,760,760,760,760,760,2064,0,230,303.87257751937983,8,2059,5932.352228682171
1637174864,1,GET,/,0.700000,0.000000,670,670,760,760,760,760,760,760,760,760,760,517,0,270,339.66924564796903,111,1677,10232.290135396519
1637174864,1,POST,/,0.000000,0.000000,0,0,0,0,0,0,0,0,0,0,0,78,0,660,780.5897435897435,296,2059,10121.51282051282
1637174864,1,GET,/auth/find-friends/,0.600000,0.000000,280,280,550,550,560,560,560,560,560,560,560,652,0,170,226.36349693251535,54,1145,1974.0
1637174864,1,GET,/auth/login/,0.000000,0.000000,0,0,0,0,0,0,0,0,0,0,0,1,0,597,597.0,597,597,2961.0
1637174864,1,POST,/auth/login/,0.000000,0.000000,0,0,0,0,0,0,0,0,0,0,0,82,0,300,482.2926829268293,153,1812,10374.548780487805
1637174864,1,GET,/auth/logout/,0.000000,0.000000,450,450,450,450,450,450,450,450,450,450,450,82,0,110,134.15853658536585,8,506,1712.0
1637174864,1,POST,/auth/modify-friend/,0.300000,0.000000,360,360,690,690,690,690,690,690,690,690,690,326,0,200,262.659509202454,74,1132,1713.0
1637174864,1,GET,/public/,0.300000,0.000000,640,640,740,740,740,740,740,740,740,740,740,326,0,240,326.18404907975463,109,1344,10200.180981595093
1637174864,1,,Aggregated,1.900000,0.000000,450,560,640,640,690,740,740,740,740,740,740,2064,0,230,303.87257751937983,8,2059,5932.352228682171
1637174865,1,GET,/,0.600000,0.000000,670,670,880,880,880,880,880,880,880,880,880,518,0,270,340.7104247104247,111,1677,10232.476833976834
1637174865,1,POST,/,0.000000,0.000000,0,0,0,0,0,0,0,0,0,0,0,78,0,660,780.5897435897435,296,2059,10121.51282051282
1637174865,1,GET,/auth/find-friends/,0.600000,0.000000,270,270,550,550,550,550,550,550,550,550,550,652,0,170,226.36349693251535,54,1145,1974.0
1637174865,1,GET,/auth/login/,0.000000,0.000000,0,0,0,0,0,0,0,0,0,0,0,1,0,597,597.0,597,597,2961.0
1637174865,1,POST,/auth/login/,0.000000,0.000000,1900,1900,1900,1900,1900,1900,1900,1900,1900,1900,1900,83,0,300,499.7831325301205,153,1934,10375.4578313253
1637174865,1,GET,/auth/logout/,0.100000,0.000000,450,450,450,450,450,450,450,450,450,450,450,82,0,110,134.15853658536585,8,506,1712.0
1637174865,1,POST,/auth/modify-friend/,0.300000,0.000000,360,360,690,690,690,690,690,690,690,690,690,326,0,200,262.659509202454,74,1132,1713.0
1637174865,1,GET,/public/,0.300000,0.000000,740,740,740,740,740,740,740,740,740,740,740,326,0,240,326.18404907975463,109,1344,10200.180981595093
1637174865,1,,Aggregated,1.900000,0.000000,450,640,690,740,880,1900,1900,1900,1900,1900,1900,2066,0,230,304.93998063891576,8,2059,5936.666989351404
1637174866,1,GET,/,0.400000,0.000000,670,880,880,1000,1000,1000,1000,1000,1000,1000,1000,519,0,280,341.97495183044316,111,1677,10232.441233140655
1637174866,1,POST,/,0.000000,0.000000,0,0,0,0,0,0,0,0,0,0,0,78,0,660,780.5897435897435,296,2059,10121.51282051282
1637174866,1,GET,/auth/find-friends/,0.600000,0.000000,270,270,550,550,550,550,550,550,550,550,550,652,0,170,226.36349693251535,54,1145,1974.0
1637174866,1,GET,/auth/login/,0.000000,0.000000,0,0,0,0,0,0,0,0,0,0,0,1,0,597,597.0,597,597,2961.0
1637174866,1,POST,/auth/login/,0.000000,0.000000,1900,1900,1900,1900,1900,1900,1900,1900,1900,1900,1900,83,0,300,499.7831325301205,153,1934,10375.4578313253
1637174866,1,GET,/auth/logout/,0.100000,0.000000,450,450,450,450,450,450,450,450,450,450,450,82,0,110,134.15853658536585,8,506,1712.0
1637174866,1,POST,/auth/modify-friend/,0.300000,0.000000,690,690,690,690,690,690,690,690,690,690,690,326,0,200,262.659509202454,74,1132,1713.0
1637174866,1,GET,/public/,0.300000,0.000000,740,740,740,740,740,740,740,740,740,740,740,326,0,240,326.18404907975463,109,1344,10200.180981595093
1637174866,1,,Aggregated,1.700000,0.000000,670,690,880,880,1000,1900,1900,1900,1900,1900,1900,2067,0,230,305.2747943880019,8,2059,5938.73633284954
1637174867,1,GET,/,0.400000,0.000000,880,880,1000,1000,1000,1000,1000,1000,1000,1000,1000,519,0,280,341.97495183044316,111,1677,10232.441233140655
1637174867,1,POST,/,0.000000,0.000000,0,0,0,0,0,0,0,0,0,0,0,78,0,660,780.5897435897435,296,2059,10121.51282051282
1637174867,1,GET,/auth/find-friends/,0.600000,0.000000,270,270,550,550,550,550,550,550,550,550,550,652,0,170,226.36349693251535,54,1145,1974.0
1637174867,1,GET,/auth/login/,0.000000,0.000000,0,0,0,0,0,0,0,0,0,0,0,1,0,597,597.0,597,597,2961.0
1637174867,1,POST,/auth/login/,0.000000,0.000000,1900,1900,1900,1900,1900,1900,1900,1900,1900,1900,1900,83,0,300,499.7831325301205,153,1934,10375.4578313253
1637174867,1,GET,/auth/logout/,0.100000,0.000000,450,450,450,450,450,450,450,450,450,450,450,82,0,110,134.15853658536585,8,506,1712.0
1637174867,1,POST,/auth/modify-friend/,0.300000,0.000000,690,690,690,690,690,690,690,690,690,690,690,326,0,200,262.659509202454,74,1132,1713.0
1637174867,1,GET,/public/,0.300000,0.000000,740,740,740,740,740,740,740,740,740,740,740,326,0,240,326.18404907975463,109,1344,10200.180981595093
1637174867,1,,Aggregated,1.700000,0.000000,690,740,880,1000,1900,1900,1900,1900,1900,1900,1900,2067,0,230,305.2747943880019,8,2059,5938.73633284954
1637174868,1,GET,/,0.300000,0.000000,1000,1000,1300,1300,1300,1300,1300,1300,1300,1300,1300,520,0,280,343.8346153846154,111,1677,10232.721153846154
1637174868,1,POST,/,0.000000,0.000000,0,0,0,0,0,0,0,0,0,0,0,78,0,660,780.5897435897435,296,2059,10121.51282051282
1637174868,1,GET,/auth/find-friends/,0.600000,0.000000,550,550,550,550,550,550,550,550,550,550,550,652,0,170,226.36349693251535,54,1145,1974.0
1637174868,1,GET,/auth/login/,0.000000,0.000000,0,0,0,0,0,0,0,0,0,0,0,1,0,597,597.0,597,597,2961.0
1637174868,1,POST,/auth/login/,0.100000,0.000000,1900,1900,1900,1900,1900,1900,1900,1900,1900,1900,1900,83,0,300,499.7831325301205,153,1934,10375.4578313253
1637174868,1,GET,/auth/logout/,0.100000,0.000000,450,450,450,450,450,450,450,450,450,450,450,82,0,110,134.15853658536585,8,506,1712.0
1637174868,1,POST,/auth/modify-friend/,0.300000,0.000000,690,690,690,690,690,690,690,690,690,690,690,326,0,200,262.659509202454,74,1132,1713.0
1637174868,1,GET,/public/,0.300000,0.000000,740,740,740,740,740,740,740,740,740,740,740,326,0,240,326.18404907975463,109,1344,10200.180981595093
1637174868,1,,Aggregated,1.700000,0.000000,740,880,1000,1300,1900,1900,1900,1900,1900,1900,1900,2068,0,230,305.76015473887816,8,2059,5940.882978723404
1637174869,1,GET,/,0.500000,0.000000,1000,1000,1300,1300,1300,1300,1300,1300,1300,1300,1300,520,0,280,343.8346153846154,111,1677,10232.721153846154
1637174869,1,POST,/,0.000000,0.000000,0,0,0,0,0,0,0,0,0,0,0,78,0,660,780.5897435897435,296,2059,10121.51282051282
1637174869,1,GET,/auth/find-friends/,0.200000,0.000000,550,550,550,550,550,550,550,550,550,550,550,652,0,170,226.36349693251535,54,1145,1974.0
1637174869,1,GET,/auth/login/,0.000000,0.000000,0,0,0,0,0,0,0,0,0,0,0,1,0,597,597.0,597,597,2961.0
1637174869,1,POST,/auth/login/,0.100000,0.000000,1900,1900,1900,1900,1900,1900,1900,1900,1900,1900,1900,83,0,300,499.7831325301205,153,1934,10375.4578313253
1637174869,1,GET,/auth/logout/,0.100000,0.000000,450,450,450,450,450,450,450,450,450,450,450,82,0,110,134.15853658536585,8,506,1712.0
1637174869,1,POST,/auth/modify-friend/,0.200000,0.000000,690,690,690,690,690,690,690,690,690,690,690,326,0,200,262.659509202454,74,1132,1713.0
1637174869,1,GET,/public/,0.100000,0.000000,1500,1500,1500,1500,1500,1500,1500,1500,1500,1500,1500,327,0,240,329.7217125382263,109,1483,10201.272171253822
1637174869,1,,Aggregated,1.200000,0.000000,880,1000,1300,1500,1900,1900,1900,1900,1900,1900,1900,2069,0,230,306.3291445142581,8,2059,5943.1140647655875
1637174870,1,GET,/,0.500000,0.000000,1000,1000,1300,1300,1300,1300,1300,1300,1300,1300,1300,520,0,280,343.8346153846154,111,1677,10232.721153846154
1637174870,1,POST,/,0.000000,0.000000,0,0,0,0,0,0,0,0,0,0,0,78,0,660,780.5897435897435,296,2059,10121.51282051282
1637174870,1,GET,/auth/find-friends/,0.200000,0.000000,550,550,550,550,550,550,550,550,550,550,550,652,0,170,226.36349693251535,54,1145,1974.0
1637174870,1,GET,/auth/login/,0.000000,0.000000,0,0,0,0,0,0,0,0,0,0,0,1,0,597,597.0,597,597,2961.0
1637174870,1,POST,/auth/login/,0.100000,0.000000,1900,1900,1900,1900,1900,1900,1900,1900,1900,1900,1900,83,0,300,499.7831325301205,153,1934,10375.4578313253
1637174870,1,GET,/auth/logout/,0.100000,0.000000,450,450,450,450,450,450,450,450,450,450,450,82,0,110,134.15853658536585,8,506,1712.0
1637174870,1,POST,/auth/modify-friend/,0.200000,0.000000,690,690,690,690,690,690,690,690,690,690,690,326,0,200,262.659509202454,74,1132,1713.0
1637174870,1,GET,/public/,0.100000,0.000000,1500,1500,1500,1500,1500,1500,1500,1500,1500,1500,1500,327,0,240,329.7217125382263,109,1483,10201.272171253822
1637174870,1,,Aggregated,1.200000,0.000000,1000,1300,1500,1500,1900,1900,1900,1900,1900,1900,1900,2069,0,230,306.3291445142581,8,2059,5943.1140647655875
1637174871,1,GET,/,0.500000,0.000000,1000,1000,1300,1300,1300,1300,1300,1300,1300,1300,1300,520,0,280,343.8346153846154,111,1677,10232.721153846154
1637174871,1,POST,/,0.000000,0.000000,0,0,0,0,0,0,0,0,0,0,0,78,0,660,780.5897435897435,296,2059,10121.51282051282
1637174871,1,GET,/auth/find-friends/,0.200000,0.000000,550,550,1400,1400,1400,1400,1400,1400,1400,1400,1400,653,0,170,228.13323124042878,54,1382,1974.0
1637174871,1,GET,/auth/login/,0.000000,0.000000,0,0,0,0,0,0,0,0,0,0,0,1,0,597,597.0,597,597,2961.0
1637174871,1,POST,/auth/login/,0.100000,0.000000,1900,1900,1900,1900,1900,1900,1900,1900,1900,1900,1900,83,0,300,499.7831325301205,153,1934,10375.4578313253
1637174871,1,GET,/auth/logout/,0.100000,0.000000,450,450,450,450,450,450,450,450,450,450,450,82,0,110,134.15853658536585,8,506,1712.0
1637174871,1,POST,/auth/modify-friend/,0.100000,0.000000,690,690,690,690,690,690,690,690,690,690,690,326,0,200,262.659509202454,74,1132,1713.0
1637174871,1,GET,/public/,0.100000,0.000000,1500,1500,1500,1500,1500,1500,1500,1500,1500,1500,1500,327,0,240,329.7217125382263,109,1483,10201.272171253822
1637174871,1,,Aggregated,1.100000,0.000000,1300,1400,1500,1500,1900,1900,1900,1900,1900,1900,1900,2070,0,230,306.8487922705314,8,2059,5941.196618357488
1637174872,1,GET,/,0.400000,0.000000,1000,1000,1300,1300,1300,1300,1300,1300,1300,1300,1300,520,0,280,343.8346153846154,111,1677,10232.721153846154
1637174872,1,POST,/,0.000000,0.000000,0,0,0,0,0,0,0,0,0,0,0,78,0,660,780.5897435897435,296,2059,10121.51282051282
1637174872,1,GET,/auth/find-friends/,0.200000,0.000000,1100,1100,1400,1400,1400,1400,1400,1400,1400,1400,1400,654,0,170,229.45565749235473,54,1382,1974.0
1637174872,1,GET,/auth/login/,0.000000,0.000000,0,0,0,0,0,0,0,0,0,0,0,1,0,597,597.0,597,597,2961.0
1637174872,1,POST,/auth/login/,0.100000,0.000000,1900,1900,1900,1900,1900,1900,1900,1900,1900,1900,1900,83,0,300,499.7831325301205,153,1934,10375.4578313253
1637174872,1,GET,/auth/logout/,0.100000,0.000000,450,450,450,450,450,450,450,450,450,450,450,82,0,110,134.15853658536585,8,506,1712.0
1637174872,1,POST,/auth/modify-friend/,0.100000,0.000000,690,690,690,690,690,690,690,690,690,690,690,326,0,200,262.659509202454,74,1132,1713.0
1637174872,1,GET,/public/,0.100000,0.000000,1500,1500,1500,1500,1500,1500,1500,1500,1500,1500,1500,327,0,240,329.7217125382263,109,1483,10201.272171253822
1637174872,1,,Aggregated,1.000000,0.000000,1300,1400,1500,1500,1900,1900,1900,1900,1900,1900,1900,2071,0,230,307.2283920811202,8,2059,5939.281023660067
1637174873,1,GET,/,0.300000,0.000000,1000,1000,1300,1300,1300,1300,1300,1300,1300,1300,1300,520,0,280,343.8346153846154,111,1677,10232.721153846154
1637174873,1,POST,/,0.000000,0.000000,0,0,0,0,0,0,0,0,0,0,0,78,0,660,780.5897435897435,296,2059,10121.51282051282
1637174873,1,GET,/auth/find-friends/,0.200000,0.000000,1100,1100,1400,1400,1400,1400,1400,1400,1400,1400,1400,654,0,170,229.45565749235473,54,1382,1974.0
1637174873,1,GET,/auth/login/,0.000000,0.000000,0,0,0,0,0,0,0,0,0,0,0,1,0,597,597.0,597,597,2961.0
1637174873,1,POST,/auth/login/,0.100000,0.000000,1900,1900,1900,1900,1900,1900,1900,1900,1900,1900,1900,83,0,300,499.7831325301205,153,1934,10375.4578313253
1637174873,1,GET,/auth/logout/,0.100000,0.000000,450,450,450,450,450,450,450,450,450,450,450,82,0,110,134.15853658536585,8,506,1712.0
1637174873,1,POST,/auth/modify-friend/,0.100000,0.000000,940,940,940,940,940,940,940,940,940,940,940,327,0,200,264.72782874617735,74,1132,1713.0
1637174873,1,GET,/public/,0.100000,0.000000,1500,1500,1500,1500,1500,1500,1500,1500,1500,1500,1500,327,0,240,329.7217125382263,109,1483,10201.272171253822
1637174873,1,,Aggregated,0.900000,0.000000,1300,1400,1500,1500,1900,1900,1900,1900,1900,1900,1900,2072,0,230,307.5333011583012,8,2059,5937.241312741313
1637174874,1,GET,/,0.300000,0.000000,1000,1000,1300,1300,1300,1300,1300,1300,1300,1300,1300,521,0,280,345.17274472168907,111,1677,10233.318618042227
1637174874,1,POST,/,0.000000,0.000000,0,0,0,0,0,0,0,0,0,0,0,78,0,660,780.5897435897435,296,2059,10121.51282051282
1637174874,1,GET,/auth/find-friends/,0.100000,0.000000,1100,1100,1400,1400,1400,1400,1400,1400,1400,1400,1400,654,0,170,229.45565749235473,54,1382,1974.0
1637174874,1,GET,/auth/login/,0.000000,0.000000,0,0,0,0,0,0,0,0,0,0,0,1,0,597,597.0,597,597,2961.0
1637174874,1,POST,/auth/login/,0.100000,0.000000,1900,1900,1900,1900,1900,1900,1900,1900,1900,1900,1900,83,0,300,499.7831325301205,153,1934,10375.4578313253
1637174874,1,GET,/auth/logout/,0.100000,0.000000,450,450,450,450,450,450,450,450,450,450,450,82,0,110,134.15853658536585,8,506,1712.0
1637174874,1,POST,/auth/modify-friend/,0.100000,0.000000,940,940,940,940,940,940,940,940,940,940,940,327,0,200,264.72782874617735,74,1132,1713.0
1637174874,1,GET,/public/,0.100000,0.000000,1500,1500,1500,1500,1500,1500,1500,1500,1500,1500,1500,327,0,240,329.7217125382263,109,1483,10201.272171253822
1637174874,1,,Aggregated,0.800000,0.000000,1100,1300,1400,1400,1500,1500,1500,1500,1500,1500,1500,2073,0,230,307.8871201157742,8,2059,5939.463579353594
1637174875,1,GET,/,0.300000,0.000000,1000,1000,1300,1300,1300,1300,1300,1300,1300,1300,1300,522,0,280,346.264367816092,111,1677,10233.963601532567
1637174875,1,POST,/,0.000000,0.000000,0,0,0,0,0,0,0,0,0,0,0,78,0,660,780.5897435897435,296,2059,10121.51282051282
1637174875,1,GET,/auth/find-friends/,0.200000,0.000000,1400,1400,1400,1400,1400,1400,1400,1400,1400,1400,1400,654,0,170,229.45565749235473,54,1382,1974.0
1637174875,1,GET,/auth/login/,0.000000,0.000000,0,0,0,0,0,0,0,0,0,0,0,1,0,597,597.0,597,597,2961.0
1637174875,1,POST,/auth/login/,0.100000,0.000000,1900,1900,1900,1900,1900,1900,1900,1900,1900,1900,1900,83,0,300,499.7831325301205,153,1934,10375.4578313253
1637174875,1,GET,/auth/logout/,0.000000,0.000000,450,450,450,450,450,450,450,450,450,450,450,82,0,110,134.15853658536585,8,506,1712.0
1637174875,1,POST,/auth/modify-friend/,0.100000,0.000000,940,940,940,940,940,940,940,940,940,940,940,327,0,200,264.72782874617735,74,1132,1713.0
1637174875,1,GET,/public/,0.100000,0.000000,1500,1500,1500,1500,1500,1500,1500,1500,1500,1500,1500,328,0,240,330.7865853658537,109,1483,10201.55487804878
1637174875,1,,Aggregated,0.800000,0.000000,1000,1100,1300,1400,1500,1500,1500,1500,1500,1500,1500,2075,0,230,308.35855421686745,8,2059,5943.793734939759
1637174876,1,GET,/,0.400000,0.000000,1000,1000,1300,1300,1300,1300,1300,1300,1300,1300,1300,522,0,280,346.264367816092,111,1677,10233.963601532567
1637174876,1,POST,/,0.000000,0.000000,0,0,0,0,0,0,0,0,0,0,0,78,0,660,780.5897435897435,296,2059,10121.51282051282
1637174876,1,GET,/auth/find-friends/,0.200000,0.000000,1100,1100,1400,1400,1400,1400,1400,1400,1400,1400,1400,655,0,170,230.1236641221374,54,1382,1974.0
1637174876,1,GET,/auth/login/,0.000000,0.000000,0,0,0,0,0,0,0,0,0,0,0,1,0,597,597.0,597,597,2961.0
1637174876,1,POST,/auth/login/,0.100000,0.000000,1900,1900,1900,1900,1900,1900,1900,1900,1900,1900,1900,83,0,300,499.7831325301205,153,1934,10375.4578313253
1637174876,1,GET,/auth/logout/,0.000000,0.000000,450,450,450,450,450,450,450,450,450,450,450,82,0,110,134.15853658536585,8,506,1712.0
1637174876,1,POST,/auth/modify-friend/,0.100000,0.000000,940,940,940,940,940,940,940,940,940,940,940,327,0,200,264.72782874617735,74,1132,1713.0
1637174876,1,GET,/public/,0.100000,0.000000,1500,1500,1500,1500,1500,1500,1500,1500,1500,1500,1500,328,0,240,330.7865853658537,109,1483,10201.55487804878
1637174876,1,,Aggregated,0.900000,0.000000,1000,1100,1300,1400,1500,1500,1500,1500,1500,1500,1500,2076,0,230,308.53131021194605,8,2059,5941.881502890174
1637174877,1,GET,/,0.500000,0.000000,1000,1000,1300,1300,1300,1300,1300,1300,1300,1300,1300,522,0,280,346.264367816092,111,1677,10233.963601532567
1637174877,1,POST,/,0.000000,0.000000,0,0,0,0,0,0,0,0,0,0,0,78,0,660,780.5897435897435,296,2059,10121.51282051282
1637174877,1,GET,/auth/find-friends/,0.200000,0.000000,1100,1100,1400,1400,1400,1400,1400,1400,1400,1400,1400,656,0,170,230.77134146341464,54,1382,1974.0
1637174877,1,GET,/auth/login/,0.000000,0.000000,0,0,0,0,0,0,0,0,0,0,0,1,0,597,597.0,597,597,2961.0
1637174877,1,POST,/auth/login/,0.000000,0.000000,1900,1900,1900,1900,1900,1900,1900,1900,1900,1900,1900,83,0,300,499.7831325301205,153,1934,10375.4578313253
1637174877,1,GET,/auth/logout/,0.000000,0.000000,450,450,450,450,450,450,450,450,450,450,450,82,0,110,134.15853658536585,8,506,1712.0
1637174877,1,POST,/auth/modify-friend/,0.100000,0.000000,940,940,940,940,940,940,940,940,940,940,940,328,0,200,266.1981707317073,74,1132,1713.0
1637174877,1,GET,/public/,0.100000,0.000000,1500,1500,1500,1500,1500,1500,1500,1500,1500,1500,1500,328,0,240,330.7865853658537,109,1483,10201.55487804878
1637174877,1,,Aggregated,0.900000,0.000000,940,1100,1300,1300,1400,1500,1500,1500,1500,1500,1500,2078,0,230,308.90904716073146,8,2059,5937.936958614052
1637174878,1,GET,/,0.400000,0.000000,1000,1000,1300,1300,1300,1300,1300,1300,1300,1300,1300,523,0,280,346.91778202676863,111,1677,10233.845124282983
1637174878,1,POST,/,0.000000,0.000000,0,0,0,0,0,0,0,0,0,0,0,78,0,660,780.5897435897435,296,2059,10121.51282051282
1637174878,1,GET,/auth/find-friends/,0.200000,0.000000,1100,1100,1400,1400,1400,1400,1400,1400,1400,1400,1400,656,0,170,230.77134146341464,54,1382,1974.0
1637174878,1,GET,/auth/login/,0.000000,0.000000,0,0,0,0,0,0,0,0,0,0,0,1,0,597,597.0,597,597,2961.0
1637174878,1,POST,/auth/login/,0.000000,0.000000,1900,1900,1900,1900,1900,1900,1900,1900,1900,1900,1900,83,0,300,499.7831325301205,153,1934,10375.4578313253
1637174878,1,GET,/auth/logout/,0.000000,0.000000,450,450,450,450,450,450,450,450,450,450,450,82,0,110,134.15853658536585,8,506,1712.0
1637174878,1,POST,/auth/modify-friend/,0.100000,0.000000,940,940,940,940,940,940,940,940,940,940,940,328,0,200,266.1981707317073,74,1132,1713.0
1637174878,1,GET,/public/,0.200000,0.000000,1500,1500,1500,1500,1500,1500,1500,1500,1500,1500,1500,328,0,240,330.7865853658537,109,1483,10201.55487804878
1637174878,1,,Aggregated,0.900000,0.000000,920,1000,1100,1100,1400,1500,1500,1500,1500,1500,1500,2079,0,230,309.0913900913901,8,2059,5939.973544973545
1637174879,1,GET,/,0.300000,0.000000,940,1000,1000,1300,1300,1300,1300,1300,1300,1300,1300,524,0,280,348.05534351145036,111,1677,10233.778625954199
1637174879,1,POST,/,0.000000,0.000000,0,0,0,0,0,0,0,0,0,0,0,78,0,660,780.5897435897435,296,2059,10121.51282051282
1637174879,1,GET,/auth/find-friends/,0.400000,0.000000,1100,1100,1400,1400,1400,1400,1400,1400,1400,1400,1400,656,0,170,230.77134146341464,54,1382,1974.0
1637174879,1,GET,/auth/login/,0.000000,0.000000,0,0,0,0,0,0,0,0,0,0,0,1,0,597,597.0,597,597,2961.0
1637174879,1,POST,/auth/login/,0.000000,0.000000,1900,1900,1900,1900,1900,1900,1900,1900,1900,1900,1900,83,0,300,499.7831325301205,153,1934,10375.4578313253
1637174879,1,GET,/auth/logout/,0.000000,0.000000,0,0,0,0,0,0,0,0,0,0,0,82,0,110,134.15853658536585,8,506,1712.0
1637174879,1,POST,/auth/modify-friend/,0.100000,0.000000,940,940,940,940,940,940,940,940,940,940,940,328,0,200,266.1981707317073,74,1132,1713.0
1637174879,1,GET,/public/,0.200000,0.000000,1500,1500,1500,1500,1500,1500,1500,1500,1500,1500,1500,328,0,240,330.7865853658537,109,1483,10201.55487804878
1637174879,1,,Aggregated,1.000000,0.000000,920,940,1000,1000,1100,1400,1400,1400,1400,1400,1400,2080,0,230,309.3961538461538,8,2059,5942.0211538461535
1637174880,1,GET,/,0.200000,0.000000,920,920,940,940,1000,1000,1000,1000,1000,1000,1000,526,0,280,349.3041825095057,111,1677,10234.165399239544
1637174880,1,POST,/,0.000000,0.000000,0,0,0,0,0,0,0,0,0,0,0,78,0,660,780.5897435897435,296,2059,10121.51282051282
1637174880,1,GET,/auth/find-friends/,0.400000,0.000000,670,670,1100,1100,1100,1100,1100,1100,1100,1100,1100,656,0,170,230.77134146341464,54,1382,1974.0
1637174880,1,GET,/auth/login/,0.000000,0.000000,0,0,0,0,0,0,0,0,0,0,0,1,0,597,597.0,597,597,2961.0
1637174880,1,POST,/auth/login/,0.000000,0.000000,1900,1900,1900,1900,1900,1900,1900,1900,1900,1900,1900,83,0,300,499.7831325301205,153,1934,10375.4578313253
1637174880,1,GET,/auth/logout/,0.000000,0.000000,0,0,0,0,0,0,0,0,0,0,0,82,0,110,134.15853658536585,8,506,1712.0
1637174880,1,POST,/auth/modify-friend/,0.200000,0.000000,940,940,940,940,940,940,940,940,940,940,940,328,0,200,266.1981707317073,74,1132,1713.0
1637174880,1,GET,/public/,0.200000,0.000000,1500,1500,1500,1500,1500,1500,1500,1500,1500,1500,1500,328,0,240,330.7865853658537,109,1483,10201.55487804878
1637174880,1,,Aggregated,1.000000,0.000000,750,920,940,940,1000,1100,1100,1100,1100,1100,1100,2082,0,230,309.74879923150814,8,2059,5946.241594620557
1637174881,1,GET,/,0.300000,0.000000,700,920,940,940,1000,1000,1000,1000,1000,1000,1000,527,0,280,349.97153700189756,111,1677,10234.662239089184
1637174881,1,POST,/,0.000000,0.000000,0,0,0,0,0,0,0,0,0,0,0,78,0,660,780.5897435897435,296,2059,10121.51282051282
1637174881,1,GET,/auth/find-friends/,0.400000,0.000000,670,670,1100,1100,1100,1100,1100,1100,1100,1100,1100,656,0,170,230.77134146341464,54,1382,1974.0
1637174881,1,GET,/auth/login/,0.000000,0.000000,0,0,0,0,0,0,0,0,0,0,0,1,0,597,597.0,597,597,2961.0
1637174881,1,POST,/auth/login/,0.000000,0.000000,1900,1900,1900,1900,1900,1900,1900,1900,1900,1900,1900,83,0,300,499.7831325301205,153,1934,10375.4578313253
1637174881,1,GET,/auth/logout/,0.000000,0.000000,0,0,0,0,0,0,0,0,0,0,0,82,0,110,134.15853658536585,8,506,1712.0
1637174881,1,POST,/auth/modify-friend/,0.200000,0.000000,940,940,940,940,940,940,940,940,940,940,940,328,0,200,266.1981707317073,74,1132,1713.0
1637174881,1,GET,/public/,0.200000,0.000000,1500,1500,1500,1500,1500,1500,1500,1500,1500,1500,1500,328,0,240,330.7865853658537,109,1483,10201.55487804878
1637174881,1,,Aggregated,1.100000,0.000000,700,750,940,940,940,1000,1000,1000,1000,1000,1000,2083,0,230,309.9366298607777,8,2059,5948.425828132501
1637174882,1,GET,/,0.500000,0.000000,700,920,940,940,1000,1000,1000,1000,1000,1000,1000,527,0,280,349.97153700189756,111,1677,10234.662239089184
1637174882,1,POST,/,0.000000,0.000000,0,0,0,0,0,0,0,0,0,0,0,78,0,660,780.5897435897435,296,2059,10121.51282051282
1637174882,1,GET,/auth/find-friends/,0.400000,0.000000,660,670,670,1100,1100,1100,1100,1100,1100,1100,1100,658,0,170,231.28115501519756,54,1382,1974.0
1637174882,1,GET,/auth/login/,0.000000,0.000000,0,0,0,0,0,0,0,0,0,0,0,1,0,597,597.0,597,597,2961.0
1637174882,1,POST,/auth/login/,0.000000,0.000000,0,0,0,0,0,0,0,0,0,0,0,83,0,300,499.7831325301205,153,1934,10375.4578313253
1637174882,1,GET,/auth/logout/,0.000000,0.000000,0,0,0,0,0,0,0,0,0,0,0,82,0,110,134.15853658536585,8,506,1712.0
1637174882,1,POST,/auth/modify-friend/,0.200000,0.000000,940,940,940,940,940,940,940,940,940,940,940,328,0,200,266.1981707317073,74,1132,1713.0
1637174882,1,GET,/public/,0.100000,0.000000,680,680,680,680,680,680,680,680,680,680,680,329,0,250,331.56534954407294,109,1483,10201.753799392098
1637174882,1,,Aggregated,1.200000,0.000000,690,700,750,920,940,1000,1000,1000,1000,1000,1000,2086,0,230,310.1543624161074,8,2059,5946.68552253116
1637174883,1,GET,/,0.600000,0.000000,700,700,920,920,940,940,940,940,940,940,940,527,0,280,349.97153700189756,111,1677,10234.662239089184
1637174883,1,POST,/,0.000000,0.000000,0,0,0,0,0,0,0,0,0,0,0,78,0,660,780.5897435897435,296,2059,10121.51282051282
1637174883,1,GET,/auth/find-friends/,0.300000,0.000000,660,660,670,670,670,670,670,670,670,670,670,658,0,170,231.28115501519756,54,1382,1974.0
1637174883,1,GET,/auth/login/,0.000000,0.000000,0,0,0,0,0,0,0,0,0,0,0,1,0,597,597.0,597,597,2961.0
1637174883,1,POST,/auth/login/,0.000000,0.000000,0,0,0,0,0,0,0,0,0,0,0,83,0,300,499.7831325301205,153,1934,10375.4578313253
1637174883,1,GET,/auth/logout/,0.000000,0.000000,0,0,0,0,0,0,0,0,0,0,0,82,0,110,134.15853658536585,8,506,1712.0
1637174883,1,POST,/auth/modify-friend/,0.200000,0.000000,750,750,940,940,940,940,940,940,940,940,940,329,0,200,267.1975683890578,74,1132,1713.0
1637174883,1,GET,/public/,0.100000,0.000000,680,680,680,680,680,680,680,680,680,680,680,329,0,250,331.56534954407294,109,1483,10201.753799392098
1637174883,1,,Aggregated,1.200000,0.000000,680,700,700,750,920,940,940,940,940,940,940,2087,0,230,310.2908481073311,8,2059,5944.656923814087
1637174884,1,GET,/,0.600000,0.000000,700,710,920,920,940,940,940,940,940,940,940,528,0,280,350.6458333333333,111,1677,10235.433712121212
1637174884,1,POST,/,0.000000,0.000000,0,0,0,0,0,0,0,0,0,0,0,78,0,660,780.5897435897435,296,2059,10121.51282051282
1637174884,1,GET,/auth/find-friends/,0.300000,0.000000,660,660,670,670,670,670,670,670,670,670,670,658,0,170,231.28115501519756,54,1382,1974.0
1637174884,1,GET,/auth/login/,0.000000,0.000000,0,0,0,0,0,0,0,0,0,0,0,1,0,597,597.0,597,597,2961.0
1637174884,1,POST,/auth/login/,0.000000,0.000000,0,0,0,0,0,0,0,0,0,0,0,83,0,300,499.7831325301205,153,1934,10375.4578313253
1637174884,1,GET,/auth/logout/,0.000000,0.000000,0,0,0,0,0,0,0,0,0,0,0,82,0,110,134.15853658536585,8,506,1712.0
1637174884,1,POST,/auth/modify-friend/,0.200000,0.000000,750,750,750,750,750,750,750,750,750,750,750,329,0,200,267.1975683890578,74,1132,1713.0
1637174884,1,GET,/public/,0.100000,0.000000,680,680,680,680,680,680,680,680,680,680,680,329,0,250,331.56534954407294,109,1483,10201.753799392098
1637174884,1,,Aggregated,1.200000,0.000000,680,700,700,710,750,940,940,940,940,940,940,2088,0,230,310.48036398467434,8,2059,5946.906609195402
1637174885,1,GET,/,0.700000,0.000000,700,710,920,920,940,940,940,940,940,940,940,528,0,280,350.6458333333333,111,1677,10235.433712121212
1637174885,1,POST,/,0.000000,0.000000,0,0,0,0,0,0,0,0,0,0,0,79,0,670,793.6075949367089,296,2059,10124.20253164557
1637174885,1,GET,/auth/find-friends/,0.400000,0.000000,660,660,670,670,670,670,670,670,670,670,670,658,0,170,231.28115501519756,54,1382,1974.0
1637174885,1,GET,/auth/login/,0.000000,0.000000,0,0,0,0,0,0,0,0,0,0,0,1,0,597,597.0,597,597,2961.0
1637174885,1,POST,/auth/login/,0.000000,0.000000,0,0,0,0,0,0,0,0,0,0,0,83,0,300,499.7831325301205,153,1934,10375.4578313253
1637174885,1,GET,/auth/logout/,0.000000,0.000000,0,0,0,0,0,0,0,0,0,0,0,82,0,110,134.15853658536585,8,506,1712.0
1637174885,1,POST,/auth/modify-friend/,0.100000,0.000000,750,750,750,750,750,750,750,750,750,750,750,329,0,200,267.1975683890578,74,1132,1713.0
1637174885,1,GET,/public/,0.200000,0.000000,680,680,680,680,680,680,680,680,680,680,680,329,0,250,331.56534954407294,109,1483,10201.753799392098
1637174885,1,,Aggregated,1.400000,0.000000,690,700,710,750,940,1800,1800,1800,1800,1800,1800,2089,0,230,311.1977022498803,8,2059,5949.006701771183
1637174886,1,GET,/,0.700000,0.000000,700,710,940,940,970,970,970,970,970,970,970,529,0,280,351.82230623818526,111,1677,10235.620037807183
1637174886,1,POST,/,0.000000,0.000000,1800,1800,1800,1800,1800,1800,1800,1800,1800,1800,1800,79,0,670,793.6075949367089,296,2059,10124.20253164557
1637174886,1,GET,/auth/find-friends/,0.400000,0.000000,660,660,670,670,670,670,670,670,670,670,670,658,0,170,231.28115501519756,54,1382,1974.0
1637174886,1,GET,/auth/login/,0.000000,0.000000,0,0,0,0,0,0,0,0,0,0,0,1,0,597,597.0,597,597,2961.0
1637174886,1,POST,/auth/login/,0.000000,0.000000,0,0,0,0,0,0,0,0,0,0,0,83,0,300,499.7831325301205,153,1934,10375.4578313253
1637174886,1,GET,/auth/logout/,0.000000,0.000000,0,0,0,0,0,0,0,0,0,0,0,82,0,110,134.15853658536585,8,506,1712.0
1637174886,1,POST,/auth/modify-friend/,0.200000,0.000000,750,750,750,750,750,750,750,750,750,750,750,329,0,200,267.1975683890578,74,1132,1713.0
1637174886,1,GET,/public/,0.200000,0.000000,680,680,680,680,680,680,680,680,680,680,680,329,0,250,331.56534954407294,109,1483,10201.753799392098
1637174886,1,,Aggregated,1.500000,0.000000,700,710,750,940,970,1800,1800,1800,1800,1800,1800,2090,0,230,311.5143540669856,8,2059,5951.104784688995
1637174887,1,GET,/,0.700000,0.000000,700,710,940,940,970,970,970,970,970,970,970,529,0,280,351.82230623818526,111,1677,10235.620037807183
1637174887,1,POST,/,0.000000,0.000000,1800,1800,1800,1800,1800,1800,1800,1800,1800,1800,1800,79,0,670,793.6075949367089,296,2059,10124.20253164557
1637174887,1,GET,/auth/find-friends/,0.400000,0.000000,660,660,670,670,670,670,670,670,670,670,670,658,0,170,231.28115501519756,54,1382,1974.0
1637174887,1,GET,/auth/login/,0.000000,0.000000,0,0,0,0,0,0,0,0,0,0,0,1,0,597,597.0,597,597,2961.0
1637174887,1,POST,/auth/login/,0.000000,0.000000,0,0,0,0,0,0,0,0,0,0,0,83,0,300,499.7831325301205,153,1934,10375.4578313253
1637174887,1,GET,/auth/logout/,0.000000,0.000000,0,0,0,0,0,0,0,0,0,0,0,82,0,110,134.15853658536585,8,506,1712.0
1637174887,1,POST,/auth/modify-friend/,0.200000,0.000000,750,750,750,750,750,750,750,750,750,750,750,329,0,200,267.1975683890578,74,1132,1713.0
1637174887,1,GET,/public/,0.200000,0.000000,680,680,680,680,680,680,680,680,680,680,680,329,0,250,331.56534954407294,109,1483,10201.753799392098
1637174887,1,,Aggregated,1.500000,0.000000,700,700,940,940,970,1800,1800,1800,1800,1800,1800,2090,0,230,311.5143540669856,8,2059,5951.104784688995
1637174888,1,GET,/,0.600000,0.000000,710,940,970,970,1100,1100,1100,1100,1100,1100,1100,530,0,280,353.22830188679245,111,1677,10236.01320754717
1637174888,1,POST,/,0.100000,0.000000,1800,1800,1800,1800,1800,1800,1800,1800,1800,1800,1800,79,0,670,793.6075949367089,296,2059,10124.20253164557
1637174888,1,GET,/auth/find-friends/,0.400000,0.000000,660,660,670,670,670,670,670,670,670,670,670,658,0,170,231.28115501519756,54,1382,1974.0
1637174888,1,GET,/auth/login/,0.000000,0.000000,0,0,0,0,0,0,0,0,0,0,0,1,0,597,597.0,597,597,2961.0
1637174888,1,POST,/auth/login/,0.000000,0.000000,0,0,0,0,0,0,0,0,0,0,0,83,0,300,499.7831325301205,153,1934,10375.4578313253
1637174888,1,GET,/auth/logout/,0.000000,0.000000,0,0,0,0,0,0,0,0,0,0,0,82,0,110,134.15853658536585,8,506,1712.0
1637174888,1,POST,/auth/modify-friend/,0.200000,0.000000,750,750,750,750,750,750,750,750,750,750,750,329,0,200,267.1975683890578,74,1132,1713.0
1637174888,1,GET,/public/,0.100000,0.000000,620,620,620,620,620,620,620,620,620,620,620,330,0,250,332.43939393939394,109,1483,10201.621212121212
1637174888,1,,Aggregated,1.400000,0.000000,700,710,940,970,1100,1800,1800,1800,1800,1800,1800,2092,0,230,312.03728489483746,8,2059,5955.263384321223
1637174889,1,GET,/,0.700000,0.000000,710,970,970,1100,1100,1100,1100,1100,1100,1100,1100,530,0,280,353.22830188679245,111,1677,10236.01320754717
1637174889,1,POST,/,0.100000,0.000000,1800,1800,1800,1800,1800,1800,1800,1800,1800,1800,1800,79,0,670,793.6075949367089,296,2059,10124.20253164557
1637174889,1,GET,/auth/find-friends/,0.200000,0.000000,440,440,720,720,720,720,720,720,720,720,720,659,0,170,232.02124430955993,54,1382,1974.0
1637174889,1,GET,/auth/login/,0.000000,0.000000,0,0,0,0,0,0,0,0,0,0,0,1,0,597,597.0,597,597,2961.0
1637174889,1,POST,/auth/login/,0.000000,0.000000,0,0,0,0,0,0,0,0,0,0,0,83,0,300,499.7831325301205,153,1934,10375.4578313253
1637174889,1,GET,/auth/logout/,0.000000,0.000000,0,0,0,0,0,0,0,0,0,0,0,82,0,110,134.15853658536585,8,506,1712.0
1637174889,1,POST,/auth/modify-friend/,0.200000,0.000000,750,750,750,750,750,750,750,750,750,750,750,329,0,200,267.1975683890578,74,1132,1713.0
1637174889,1,GET,/public/,0.100000,0.000000,620,620,620,620,620,620,620,620,620,620,620,330,0,250,332.43939393939394,109,1483,10201.621212121212
1637174889,1,,Aggregated,1.300000,0.000000,700,710,970,970,1100,1800,1800,1800,1800,1800,1800,2093,0,230,312.23172479694216,8,2059,5953.361204013378
1637174890,1,GET,/,0.800000,0.000000,970,970,1100,1100,1100,1100,1100,1100,1100,1100,1100,530,0,280,353.22830188679245,111,1677,10236.01320754717
1637174890,1,POST,/,0.100000,0.000000,1800,1800,1800,1800,1800,1800,1800,1800,1800,1800,1800,79,0,670,793.6075949367089,296,2059,10124.20253164557
1637174890,1,GET,/auth/find-friends/,0.200000,0.000000,660,660,720,720,720,720,720,720,720,720,720,660,0,170,232.66666666666666,54,1382,1974.0
1637174890,1,GET,/auth/login/,0.000000,0.000000,0,0,0,0,0,0,0,0,0,0,0,1,0,597,597.0,597,597,2961.0
1637174890,1,POST,/auth/login/,0.000000,0.000000,0,0,0,0,0,0,0,0,0,0,0,83,0,300,499.7831325301205,153,1934,10375.4578313253
1637174890,1,GET,/auth/logout/,0.000000,0.000000,0,0,0,0,0,0,0,0,0,0,0,82,0,110,134.15853658536585,8,506,1712.0
1637174890,1,POST,/auth/modify-friend/,0.100000,0.000000,600,600,600,600,600,600,600,600,600,600,600,330,0,200,267.77272727272725,74,1132,1713.0
1637174890,1,GET,/public/,0.100000,0.000000,620,620,620,620,620,620,620,620,620,620,620,330,0,250,332.43939393939394,109,1483,10201.621212121212
1637174890,1,,Aggregated,1.300000,0.000000,660,710,720,970,1100,1800,1800,1800,1800,1800,1800,2095,0,230,312.46587112171835,8,2059,5949.437708830549
1637174891,1,GET,/,0.700000,0.000000,710,970,970,1100,1100,1100,1100,1100,1100,1100,1100,531,0,280,353.68926553672316,111,1677,10236.293785310734
1637174891,1,POST,/,0.100000,0.000000,1800,1800,1800,1800,1800,1800,1800,1800,1800,1800,1800,79,0,670,793.6075949367089,296,2059,10124.20253164557
1637174891,1,GET,/auth/find-friends/,0.200000,0.000000,660,660,720,720,720,720,720,720,720,720,720,660,0,170,232.66666666666666,54,1382,1974.0
1637174891,1,GET,/auth/login/,0.000000,0.000000,0,0,0,0,0,0,0,0,0,0,0,1,0,597,597.0,597,597,2961.0
1637174891,1,POST,/auth/login/,0.000000,0.000000,0,0,0,0,0,0,0,0,0,0,0,83,0,300,499.7831325301205,153,1934,10375.4578313253
1637174891,1,GET,/auth/logout/,0.000000,0.000000,0,0,0,0,0,0,0,0,0,0,0,82,0,110,134.15853658536585,8,506,1712.0
1637174891,1,POST,/auth/modify-friend/,0.100000,0.000000,600,600,600,600,600,600,600,600,600,600,600,330,0,200,267.77272727272725,74,1132,1713.0
1637174891,1,GET,/public/,0.200000,0.000000,620,620,660,660,660,660,660,660,660,660,660,331,0,250,333.41691842900303,109,1483,10202.135951661632
1637174891,1,,Aggregated,1.300000,0.000000,660,710,720,970,1100,1800,1800,1800,1800,1800,1800,2097,0,230,312.7658559847401,8,2059,5953.6618979494515
1637174892,1,GET,/,0.500000,0.000000,970,970,1100,1100,1100,1100,1100,1100,1100,1100,1100,531,0,280,353.68926553672316,111,1677,10236.293785310734
1637174892,1,POST,/,0.100000,0.000000,1800,1800,1800,1800,1800,1800,1800,1800,1800,1800,1800,79,0,670,793.6075949367089,296,2059,10124.20253164557
1637174892,1,GET,/auth/find-friends/,0.400000,0.000000,640,660,660,720,720,720,720,720,720,720,720,661,0,170,233.285930408472,54,1382,1974.0
1637174892,1,GET,/auth/login/,0.000000,0.000000,0,0,0,0,0,0,0,0,0,0,0,1,0,597,597.0,597,597,2961.0
1637174892,1,POST,/auth/login/,0.000000,0.000000,0,0,0,0,0,0,0,0,0,0,0,83,0,300,499.7831325301205,153,1934,10375.4578313253
1637174892,1,GET,/auth/logout/,0.000000,0.000000,0,0,0,0,0,0,0,0,0,0,0,82,0,110,134.15853658536585,8,506,1712.0
1637174892,1,POST,/auth/modify-friend/,0.100000,0.000000,600,600,600,600,600,600,600,600,600,600,600,330,0,200,267.77272727272725,74,1132,1713.0
1637174892,1,GET,/public/,0.200000,0.000000,620,620,660,660,660,660,660,660,660,660,660,331,0,250,333.41691842900303,109,1483,10202.135951661632
1637174892,1,,Aggregated,1.300000,0.000000,660,710,970,970,1100,1800,1800,1800,1800,1800,1800,2098,0,230,312.92278360343187,8,2059,5951.7650142993325
1637174893,1,GET,/,0.500000,0.000000,970,970,1100,1100,1100,1100,1100,1100,1100,1100,1100,531,0,280,353.68926553672316,111,1677,10236.293785310734
1637174893,1,POST,/,0.100000,0.000000,1800,1800,1800,1800,1800,1800,1800,1800,1800,1800,1800,79,0,670,793.6075949367089,296,2059,10124.20253164557
1637174893,1,GET,/auth/find-friends/,0.400000,0.000000,660,660,720,720,860,860,860,860,860,860,860,662,0,170,234.23262839879155,54,1382,1974.0
1637174893,1,GET,/auth/login/,0.000000,0.000000,0,0,0,0,0,0,0,0,0,0,0,1,0,597,597.0,597,597,2961.0
1637174893,1,POST,/auth/login/,0.000000,0.000000,0,0,0,0,0,0,0,0,0,0,0,83,0,300,499.7831325301205,153,1934,10375.4578313253
1637174893,1,GET,/auth/logout/,0.000000,0.000000,0,0,0,0,0,0,0,0,0,0,0,82,0,110,134.15853658536585,8,506,1712.0
1637174893,1,POST,/auth/modify-friend/,0.200000,0.000000,600,600,600,600,600,600,600,600,600,600,600,330,0,200,267.77272727272725,74,1132,1713.0
1637174893,1,GET,/public/,0.200000,0.000000,620,620,660,660,660,660,660,660,660,660,660,331,0,250,333.41691842900303,109,1483,10202.135951661632
1637174893,1,,Aggregated,1.400000,0.000000,660,720,860,970,1100,1800,1800,1800,1800,1800,1800,2099,0,230,313.18342067651264,8,2059,5949.869938065745
1637174894,1,GET,/,0.400000,0.000000,970,970,1100,1100,1100,1100,1100,1100,1100,1100,1100,531,0,280,353.68926553672316,111,1677,10236.293785310734
1637174894,1,POST,/,0.100000,0.000000,1800,1800,1800,1800,1800,1800,1800,1800,1800,1800,1800,79,0,670,793.6075949367089,296,2059,10124.20253164557
1637174894,1,GET,/auth/find-friends/,0.400000,0.000000,660,660,720,720,860,860,860,860,860,860,860,662,0,170,234.23262839879155,54,1382,1974.0
1637174894,1,GET,/auth/login/,0.000000,0.000000,0,0,0,0,0,0,0,0,0,0,0,1,0,597,597.0,597,597,2961.0
1637174894,1,POST,/auth/login/,0.000000,0.000000,0,0,0,0,0,0,0,0,0,0,0,83,0,300,499.7831325301205,153,1934,10375.4578313253
1637174894,1,GET,/auth/logout/,0.000000,0.000000,0,0,0,0,0,0,0,0,0,0,0,82,0,110,134.15853658536585,8,506,1712.0
1637174894,1,POST,/auth/modify-friend/,0.200000,0.000000,600,600,780,780,780,780,780,780,780,780,780,331,0,200,269.32930513595164,74,1132,1713.0
1637174894,1,GET,/public/,0.200000,0.000000,660,660,760,760,760,760,760,760,760,760,760,332,0,250,334.71084337349396,109,1483,10202.716867469879
1637174894,1,,Aggregated,1.300000,0.000000,720,780,860,970,1100,1800,1800,1800,1800,1800,1800,2101,0,230,313.6211327939077,8,2059,5949.9690623512615
1637174895,1,GET,/,0.400000,0.000000,970,970,1100,1100,1100,1100,1100,1100,1100,1100,1100,531,0,280,353.68926553672316,111,1677,10236.293785310734
1637174895,1,POST,/,0.100000,0.000000,1800,1800,1800,1800,1800,1800,1800,1800,1800,1800,1800,79,0,670,793.6075949367089,296,2059,10124.20253164557
1637174895,1,GET,/auth/find-friends/,0.300000,0.000000,720,760,760,860,860,860,860,860,860,860,860,663,0,170,235.02714932126696,54,1382,1974.0
1637174895,1,GET,/auth/login/,0.000000,0.000000,0,0,0,0,0,0,0,0,0,0,0,1,0,597,597.0,597,597,2961.0
1637174895,1,POST,/auth/login/,0.000000,0.000000,0,0,0,0,0,0,0,0,0,0,0,83,0,300,499.7831325301205,153,1934,10375.4578313253
1637174895,1,GET,/auth/logout/,0.000000,0.000000,0,0,0,0,0,0,0,0,0,0,0,82,0,110,134.15853658536585,8,506,1712.0
1637174895,1,POST,/auth/modify-friend/,0.200000,0.000000,600,600,780,780,780,780,780,780,780,780,780,331,0,200,269.32930513595164,74,1132,1713.0
1637174895,1,GET,/public/,0.200000,0.000000,660,660,760,760,760,760,760,760,760,760,760,332,0,250,334.71084337349396,109,1483,10202.716867469879
1637174895,1,,Aggregated,1.200000,0.000000,720,760,780,860,970,1100,1100,1100,1100,1100,1100,2102,0,230,313.8339676498573,8,2059,5948.077545195052
1637174896,1,GET,/,0.300000,0.000000,600,600,1100,1100,1100,1100,1100,1100,1100,1100,1100,532,0,280,353.5751879699248,111,1677,10236.680451127819
1637174896,1,POST,/,0.100000,0.000000,1800,1800,1800,1800,1800,1800,1800,1800,1800,1800,1800,79,0,670,793.6075949367089,296,2059,10124.20253164557
1637174896,1,GET,/auth/find-friends/,0.400000,0.000000,760,760,760,760,860,860,860,860,860,860,860,664,0,170,235.81024096385542,54,1382,1974.0
1637174896,1,GET,/auth/login/,0.000000,0.000000,0,0,0,0,0,0,0,0,0,0,0,1,0,597,597.0,597,597,2961.0
1637174896,1,POST,/auth/login/,0.000000,0.000000,0,0,0,0,0,0,0,0,0,0,0,83,0,300,499.7831325301205,153,1934,10375.4578313253
1637174896,1,GET,/auth/logout/,0.000000,0.000000,0,0,0,0,0,0,0,0,0,0,0,82,0,110,134.15853658536585,8,506,1712.0
1637174896,1,POST,/auth/modify-friend/,0.200000,0.000000,460,460,780,780,780,780,780,780,780,780,780,332,0,200,269.644578313253,74,1132,1713.0
1637174896,1,GET,/public/,0.200000,0.000000,660,660,760,760,760,760,760,760,760,760,760,332,0,250,334.71084337349396,109,1483,10202.716867469879
1637174896,1,,Aggregated,1.200000,0.000000,660,760,760,780,860,1100,1100,1100,1100,1100,1100,2105,0,230,314.06223277909737,8,2059,5946.312589073635
1637174897,1,GET,/,0.300000,0.000000,600,600,1100,1100,1100,1100,1100,1100,1100,1100,1100,532,0,280,353.5751879699248,111,1677,10236.680451127819
1637174897,1,POST,/,0.100000,0.000000,1800,1800,1800,1800,1800,1800,1800,1800,1800,1800,1800,79,0,670,793.6075949367089,296,2059,10124.20253164557
1637174897,1,GET,/auth/find-friends/,0.400000,0.000000,760,760,760,760,860,860,860,860,860,860,860,664,0,170,235.81024096385542,54,1382,1974.0
1637174897,1,GET,/auth/login/,0.000000,0.000000,0,0,0,0,0,0,0,0,0,0,0,1,0,597,597.0,597,597,2961.0
1637174897,1,POST,/auth/login/,0.000000,0.000000,0,0,0,0,0,0,0,0,0,0,0,83,0,300,499.7831325301205,153,1934,10375.4578313253
1637174897,1,GET,/auth/logout/,0.000000,0.000000,160,160,160,160,160,160,160,160,160,160,160,83,0,110,134.40963855421685,8,506,1712.0
1637174897,1,POST,/auth/modify-friend/,0.200000,0.000000,460,460,780,780,780,780,780,780,780,780,780,332,0,200,269.644578313253,74,1132,1713.0
1637174897,1,GET,/public/,0.200000,0.000000,660,660,760,760,760,760,760,760,760,760,760,332,0,250,334.71084337349396,109,1483,10202.716867469879
1637174897,1,,Aggregated,1.200000,0.000000,660,720,760,760,780,860,860,860,860,860,860,2106,0,230,313.9867046533713,8,2059,5944.3019943019945
1637174898,1,GET,/,0.300000,0.000000,600,600,600,600,600,600,600,600,600,600,600,532,0,280,353.5751879699248,111,1677,10236.680451127819
1637174898,1,POST,/,0.100000,0.000000,1800,1800,1800,1800,1800,1800,1800,1800,1800,1800,1800,79,0,670,793.6075949367089,296,2059,10124.20253164557
1637174898,1,GET,/auth/find-friends/,0.400000,0.000000,760,760,760,760,860,860,860,860,860,860,860,664,0,170,235.81024096385542,54,1382,1974.0
1637174898,1,GET,/auth/login/,0.000000,0.000000,0,0,0,0,0,0,0,0,0,0,0,1,0,597,597.0,597,597,2961.0
1637174898,1,POST,/auth/login/,0.000000,0.000000,0,0,0,0,0,0,0,0,0,0,0,83,0,300,499.7831325301205,153,1934,10375.4578313253
1637174898,1,GET,/auth/logout/,0.000000,0.000000,160,160,160,160,160,160,160,160,160,160,160,83,0,110,134.40963855421685,8,506,1712.0
1637174898,1,POST,/auth/modify-friend/,0.200000,0.000000,460,460,780,780,780,780,780,780,780,780,780,332,0,200,269.644578313253,74,1132,1713.0
1637174898,1,GET,/public/,0.200000,0.000000,660,660,760,760,760,760,760,760,760,760,760,332,0,250,334.71084337349396,109,1483,10202.716867469879
1637174898,1,,Aggregated,1.200000,0.000000,660,760,760,760,780,860,860,860,860,860,860,2106,0,230,313.9867046533713,8,2059,5944.3019943019945
1637174899,1,GET,/,0.300000,0.000000,600,600,600,600,600,600,600,600,600,600,600,532,0,280,353.5751879699248,111,1677,10236.680451127819
1637174899,1,POST,/,0.000000,0.000000,1800,1800,1800,1800,1800,1800,1800,1800,1800,1800,1800,79,0,670,793.6075949367089,296,2059,10124.20253164557
1637174899,1,GET,/auth/find-friends/,0.600000,0.000000,760,760,760,760,860,860,860,860,860,860,860,664,0,170,235.81024096385542,54,1382,1974.0
1637174899,1,GET,/auth/login/,0.000000,0.000000,0,0,0,0,0,0,0,0,0,0,0,1,0,597,597.0,597,597,2961.0
1637174899,1,POST,/auth/login/,0.000000,0.000000,0,0,0,0,0,0,0,0,0,0,0,84,0,300,509.7738095238095,153,1934,10377.107142857143
1637174899,1,GET,/auth/logout/,0.100000,0.000000,160,160,160,160,160,160,160,160,160,160,160,83,0,110,134.40963855421685,8,506,1712.0
1637174899,1,POST,/auth/modify-friend/,0.300000,0.000000,460,460,780,780,780,780,780,780,780,780,780,332,0,200,269.644578313253,74,1132,1713.0
1637174899,1,GET,/public/,0.300000,0.000000,760,760,760,760,760,760,760,760,760,760,760,332,0,250,334.71084337349396,109,1483,10202.716867469879
1637174899,1,,Aggregated,1.600000,0.000000,660,760,760,780,860,1300,1300,1300,1300,1300,1300,2107,0,230,314.4731846226863,8,2059,5946.470811580446
1637174900,1,GET,/,0.200000,0.000000,600,600,790,790,790,790,790,790,790,790,790,533,0,280,354.3864915572233,111,1677,10237.420262664165
1637174900,1,POST,/,0.000000,0.000000,1800,1800,1800,1800,1800,1800,1800,1800,1800,1800,1800,79,0,670,793.6075949367089,296,2059,10124.20253164557
1637174900,1,GET,/auth/find-friends/,0.600000,0.000000,760,760,860,860,860,860,860,860,860,860,860,664,0,170,235.81024096385542,54,1382,1974.0
1637174900,1,GET,/auth/login/,0.000000,0.000000,0,0,0,0,0,0,0,0,0,0,0,1,0,597,597.0,597,597,2961.0
1637174900,1,POST,/auth/login/,0.000000,0.000000,1300,1300,1300,1300,1300,1300,1300,1300,1300,1300,1300,84,0,300,509.7738095238095,153,1934,10377.107142857143
1637174900,1,GET,/auth/logout/,0.100000,0.000000,160,160,160,160,160,160,160,160,160,160,160,83,0,110,134.40963855421685,8,506,1712.0
1637174900,1,POST,/auth/modify-friend/,0.300000,0.000000,460,460,780,780,780,780,780,780,780,780,780,332,0,200,269.644578313253,74,1132,1713.0
1637174900,1,GET,/public/,0.300000,0.000000,760,760,760,760,760,760,760,760,760,760,760,332,0,250,334.71084337349396,109,1483,10202.716867469879
1637174900,1,,Aggregated,1.500000,0.000000,760,760,790,790,860,1300,1300,1300,1300,1300,1300,2108,0,230,314.6968690702087,8,2059,5948.693074003795
1637174901,1,GET,/,0.200000,0.000000,600,600,790,790,790,790,790,790,790,790,790,533,0,280,354.3864915572233,111,1677,10237.420262664165
1637174901,1,POST,/,0.000000,0.000000,1800,1800,1800,1800,1800,1800,1800,1800,1800,1800,1800,80,0,670,799.8625,296,2059,10129.7125
1637174901,1,GET,/auth/find-friends/,0.600000,0.000000,760,760,860,860,860,860,860,860,860,860,860,664,0,170,235.81024096385542,54,1382,1974.0
1637174901,1,GET,/auth/login/,0.000000,0.000000,0,0,0,0,0,0,0,0,0,0,0,1,0,597,597.0,597,597,2961.0
1637174901,1,POST,/auth/login/,0.000000,0.000000,1300,1300,1300,1300,1300,1300,1300,1300,1300,1300,1300,84,0,300,509.7738095238095,153,1934,10377.107142857143
1637174901,1,GET,/auth/logout/,0.100000,0.000000,160,160,160,160,160,160,160,160,160,160,160,83,0,110,134.40963855421685,8,506,1712.0
1637174901,1,POST,/auth/modify-friend/,0.300000,0.000000,780,780,780,780,780,780,780,780,780,780,780,332,0,200,269.644578313253,74,1132,1713.0
1637174901,1,GET,/public/,0.200000,0.000000,660,660,760,760,760,760,760,760,760,760,760,333,0,250,335.0810810810811,109,1483,10202.837837837838
1637174901,1,,Aggregated,1.400000,0.000000,760,780,790,860,1300,1300,1300,1300,1300,1300,1300,2110,0,230,315.2289099526066,8,2059,5952.916113744076
1637174902,1,GET,/,0.200000,0.000000,600,600,790,790,790,790,790,790,790,790,790,533,0,280,354.3864915572233,111,1677,10237.420262664165
1637174902,1,POST,/,0.000000,0.000000,1800,1800,1800,1800,1800,1800,1800,1800,1800,1800,1800,80,0,670,799.8625,296,2059,10129.7125
1637174902,1,GET,/auth/find-friends/,0.400000,0.000000,760,760,860,860,860,860,860,860,860,860,860,665,0,170,236.22706766917292,54,1382,1974.0
1637174902,1,GET,/auth/login/,0.000000,0.000000,0,0,0,0,0,0,0,0,0,0,0,1,0,597,597.0,597,597,2961.0
1637174902,1,POST,/auth/login/,0.100000,0.000000,1300,1300,1300,1300,1300,1300,1300,1300,1300,1300,1300,84,0,300,509.7738095238095,153,1934,10377.107142857143
1637174902,1,GET,/auth/logout/,0.100000,0.000000,160,160,160,160,160,160,160,160,160,160,160,83,0,110,134.40963855421685,8,506,1712.0
1637174902,1,POST,/auth/modify-friend/,0.300000,0.000000,780,780,780,780,780,780,780,780,780,780,780,332,0,200,269.644578313253,74,1132,1713.0
1637174902,1,GET,/public/,0.200000,0.000000,760,760,760,760,760,760,760,760,760,760,760,333,0,250,335.0810810810811,109,1483,10202.837837837838
1637174902,1,,Aggregated,1.300000,0.000000,760,780,790,860,1300,1300,1300,1300,1300,1300,1300,2111,0,230,315.32259592610137,8,2059,5951.0312648034105
1637174903,1,GET,/,0.200000,0.000000,310,310,790,790,790,790,790,790,790,790,790,534,0,280,354.3052434456929,111,1677,10237.228464419475
1637174903,1,POST,/,0.000000,0.000000,1300,1300,1300,1300,1300,1300,1300,1300,1300,1300,1300,80,0,670,799.8625,296,2059,10129.7125
1637174903,1,GET,/auth/find-friends/,0.400000,0.000000,760,760,760,860,860,860,860,860,860,860,860,666,0,170,237.00300300300302,54,1382,1974.0
1637174903,1,GET,/auth/login/,0.000000,0.000000,0,0,0,0,0,0,0,0,0,0,0,1,0,597,597.0,597,597,2961.0
1637174903,1,POST,/auth/login/,0.100000,0.000000,1300,1300,1300,1300,1300,1300,1300,1300,1300,1300,1300,84,0,300,509.7738095238095,153,1934,10377.107142857143
1637174903,1,GET,/auth/logout/,0.100000,0.000000,160,160,160,160,160,160,160,160,160,160,160,83,0,110,134.40963855421685,8,506,1712.0
1637174903,1,POST,/auth/modify-friend/,0.200000,0.000000,370,370,780,780,780,780,780,780,780,780,780,333,0,210,269.4924924924925,74,1132,1713.0
1637174903,1,GET,/public/,0.200000,0.000000,760,760,760,760,760,760,760,760,760,760,760,333,0,250,335.0810810810811,109,1483,10202.837837837838
1637174903,1,,Aggregated,1.200000,0.000000,750,760,760,790,1300,1300,1300,1300,1300,1300,1300,2114,0,230,315.4820245979186,8,2059,5949.1244087038785
1637174904,1,GET,/,0.200000,0.000000,310,310,790,790,790,790,790,790,790,790,790,534,0,280,354.3052434456929,111,1677,10237.228464419475
1637174904,1,POST,/,0.100000,0.000000,1300,1300,1300,1300,1300,1300,1300,1300,1300,1300,1300,80,0,670,799.8625,296,2059,10129.7125
1637174904,1,GET,/auth/find-friends/,0.400000,0.000000,750,750,760,760,760,760,760,760,760,760,760,668,0,170,237.0449101796407,54,1382,1974.0
1637174904,1,GET,/auth/login/,0.000000,0.000000,0,0,0,0,0,0,0,0,0,0,0,1,0,597,597.0,597,597,2961.0
1637174904,1,POST,/auth/login/,0.100000,0.000000,1300,1300,1300,1300,1300,1300,1300,1300,1300,1300,1300,84,0,300,509.7738095238095,153,1934,10377.107142857143
1637174904,1,GET,/auth/logout/,0.100000,0.000000,160,160,160,160,160,160,160,160,160,160,160,83,0,110,134.40963855421685,8,506,1712.0
1637174904,1,POST,/auth/modify-friend/,0.200000,0.000000,270,270,370,370,370,370,370,370,370,370,370,334,0,210,269.50299401197606,74,1132,1713.0
1637174904,1,GET,/public/,0.200000,0.000000,460,460,760,760,760,760,760,760,760,760,760,334,0,250,334.97005988023955,109,1483,10201.74251497006
1637174904,1,,Aggregated,1.300000,0.000000,370,750,760,760,1300,1300,1300,1300,1300,1300,1300,2118,0,230,315.39282341831915,8,2059,5945.206326723324
1637174905,1,GET,/,0.200000,0.000000,400,400,790,790,790,790,790,790,790,790,790,535,0,280,354.38878504672897,111,1677,10237.856074766356
1637174905,1,POST,/,0.100000,0.000000,1300,1300,1300,1300,1300,1300,1300,1300,1300,1300,1300,80,0,670,799.8625,296,2059,10129.7125
1637174905,1,GET,/auth/find-friends/,0.400000,0.000000,260,510,750,750,760,760,760,760,760,760,760,670,0,170,237.03880597014924,54,1382,1974.0
1637174905,1,GET,/auth/login/,0.000000,0.000000,0,0,0,0,0,0,0,0,0,0,0,1,0,597,597.0,597,597,2961.0
1637174905,1,POST,/auth/login/,0.100000,0.000000,1300,1300,1300,1300,1300,1300,1300,1300,1300,1300,1300,84,0,300,509.7738095238095,153,1934,10377.107142857143
1637174905,1,GET,/auth/logout/,0.100000,0.000000,160,160,160,160,160,160,160,160,160,160,160,83,0,110,134.40963855421685,8,506,1712.0
1637174905,1,POST,/auth/modify-friend/,0.200000,0.000000,270,270,370,370,370,370,370,370,370,370,370,334,0,210,269.50299401197606,74,1132,1713.0
1637174905,1,GET,/public/,0.200000,0.000000,460,460,760,760,760,760,760,760,760,760,760,335,0,250,334.77910447761195,109,1483,10202.385074626865
1637174905,1,,Aggregated,1.300000,0.000000,310,460,750,760,1300,1300,1300,1300,1300,1300,1300,2122,0,230,315.33553251649386,8,2059,5945.75164938737
1637174906,1,GET,/,0.300000,0.000000,400,450,450,790,790,790,790,790,790,790,790,536,0,280,354.5690298507463,111,1677,10238.416044776119
1637174906,1,POST,/,0.100000,0.000000,1300,1300,1300,1300,1300,1300,1300,1300,1300,1300,1300,80,0,670,799.8625,296,2059,10129.7125
1637174906,1,GET,/auth/find-friends/,0.400000,0.000000,260,510,750,750,760,760,760,760,760,760,760,670,0,170,237.03880597014924,54,1382,1974.0
1637174906,1,GET,/auth/login/,0.000000,0.000000,0,0,0,0,0,0,0,0,0,0,0,1,0,597,597.0,597,597,2961.0
1637174906,1,POST,/auth/login/,0.100000,0.000000,1300,1300,1300,1300,1300,1300,1300,1300,1300,1300,1300,84,0,300,509.7738095238095,153,1934,10377.107142857143
1637174906,1,GET,/auth/logout/,0.100000,0.000000,160,160,160,160,160,160,160,160,160,160,160,83,0,110,134.40963855421685,8,506,1712.0
1637174906,1,POST,/auth/modify-friend/,0.200000,0.000000,310,310,370,370,370,370,370,370,370,370,370,335,0,210,269.6358208955224,74,1132,1713.0
1637174906,1,GET,/public/,0.300000,0.000000,460,460,760,760,760,760,760,760,760,760,760,335,0,250,334.77910447761195,109,1483,10202.385074626865
1637174906,1,,Aggregated,1.500000,0.000000,310,450,510,750,790,1300,1300,1300,1300,1300,1300,2124,0,230,315.39877589453863,8,2059,5945.920903954802
1637174907,1,GET,/,0.300000,0.000000,400,400,450,450,790,790,790,790,790,790,790,537,0,280,354.44506517690877,111,1677,10238.756052141527
1637174907,1,POST,/,0.100000,0.000000,1300,1300,1300,1300,1300,1300,1300,1300,1300,1300,1300,81,0,670,798.1851851851852,296,2059,10134.654320987655
1637174907,1,GET,/auth/find-friends/,0.600000,0.000000,260,510,750,750,760,760,760,760,760,760,760,670,0,170,237.03880597014924,54,1382,1974.0
1637174907,1,GET,/auth/login/,0.000000,0.000000,0,0,0,0,0,0,0,0,0,0,0,1,0,597,597.0,597,597,2961.0
1637174907,1,POST,/auth/login/,0.100000,0.000000,1300,1300,1300,1300,1300,1300,1300,1300,1300,1300,1300,84,0,300,509.7738095238095,153,1934,10377.107142857143
1637174907,1,GET,/auth/logout/,0.100000,0.000000,160,160,160,160,160,160,160,160,160,160,160,83,0,110,134.40963855421685,8,506,1712.0
1637174907,1,POST,/auth/modify-friend/,0.300000,0.000000,310,310,370,370,370,370,370,370,370,370,370,335,0,210,269.6358208955224,74,1132,1713.0
1637174907,1,GET,/public/,0.200000,0.000000,300,300,460,460,460,460,460,460,460,460,460,336,0,250,334.625,109,1483,10202.339285714286
1637174907,1,,Aggregated,1.700000,0.000000,310,450,510,660,790,1300,1300,1300,1300,1300,1300,2127,0,240,315.5345557122708,8,2059,5952.173953925717
1637174908,1,GET,/,0.400000,0.000000,400,450,450,790,790,790,790,790,790,790,790,537,0,280,354.44506517690877,111,1677,10238.756052141527
1637174908,1,POST,/,0.100000,0.000000,1300,1300,1300,1300,1300,1300,1300,1300,1300,1300,1300,81,0,670,798.1851851851852,296,2059,10134.654320987655
1637174908,1,GET,/auth/find-friends/,0.700000,0.000000,260,260,510,750,760,760,760,760,760,760,760,672,0,170,236.95386904761904,54,1382,1974.0
1637174908,1,GET,/auth/login/,0.000000,0.000000,0,0,0,0,0,0,0,0,0,0,0,1,0,597,597.0,597,597,2961.0
1637174908,1,POST,/auth/login/,0.100000,0.000000,1300,1300,1300,1300,1300,1300,1300,1300,1300,1300,1300,84,0,300,509.7738095238095,153,1934,10377.107142857143
1637174908,1,GET,/auth/logout/,0.100000,0.000000,190,190,190,190,190,190,190,190,190,190,190,84,0,110,135.0952380952381,8,506,1712.0
1637174908,1,POST,/auth/modify-friend/,0.300000,0.000000,310,310,310,370,370,370,370,370,370,370,370,336,0,210,269.76785714285717,74,1132,1713.0
1637174908,1,GET,/public/,0.300000,0.000000,300,300,460,460,460,460,460,460,460,460,460,336,0,250,334.625,109,1483,10202.339285714286
1637174908,1,,Aggregated,2.000000,0.000000,300,400,460,660,790,1300,1300,1300,1300,1300,1300,2131,0,230,315.3754106053496,8,2059,5944.461285781324
1637174909,1,GET,/,0.400000,0.000000,400,450,450,790,790,790,790,790,790,790,790,537,0,280,354.44506517690877,111,1677,10238.756052141527
1637174909,1,POST,/,0.100000,0.000000,1300,1300,1300,1300,1300,1300,1300,1300,1300,1300,1300,81,0,670,798.1851851851852,296,2059,10134.654320987655
1637174909,1,GET,/auth/find-friends/,0.700000,0.000000,260,260,510,510,750,750,750,750,750,750,750,672,0,170,236.95386904761904,54,1382,1974.0
1637174909,1,GET,/auth/login/,0.000000,0.000000,0,0,0,0,0,0,0,0,0,0,0,1,0,597,597.0,597,597,2961.0
1637174909,1,POST,/auth/login/,0.100000,0.000000,1300,1300,1300,1300,1300,1300,1300,1300,1300,1300,1300,84,0,300,509.7738095238095,153,1934,10377.107142857143
1637174909,1,GET,/auth/logout/,0.100000,0.000000,190,190,190,190,190,190,190,190,190,190,190,84,0,110,135.0952380952381,8,506,1712.0
1637174909,1,POST,/auth/modify-friend/,0.300000,0.000000,310,310,310,310,310,310,310,310,310,310,310,336,0,210,269.76785714285717,74,1132,1713.0
1637174909,1,GET,/public/,0.300000,0.000000,300,300,460,460,460,460,460,460,460,460,460,336,0,250,334.625,109,1483,10202.339285714286
1637174909,1,,Aggregated,2.000000,0.000000,300,310,460,510,750,790,1300,1300,1300,1300,1300,2131,0,230,315.3754106053496,8,2059,5944.461285781324
1637174910,1,GET,/,0.500000,0.000000,400,450,450,790,790,790,790,790,790,790,790,537,0,280,354.44506517690877,111,1677,10238.756052141527
1637174910,1,POST,/,0.200000,0.000000,1300,1300,1300,1300,1300,1300,1300,1300,1300,1300,1300,81,0,670,798.1851851851852,296,2059,10134.654320987655
1637174910,1,GET,/auth/find-friends/,0.600000,0.000000,260,260,280,510,750,750,750,750,750,750,750,673,0,170,237.01634472511145,54,1382,1974.0
1637174910,1,GET,/auth/login/,0.000000,0.000000,0,0,0,0,0,0,0,0,0,0,0,1,0,597,597.0,597,597,2961.0
1637174910,1,POST,/auth/login/,0.100000,0.000000,1300,1300,1300,1300,1300,1300,1300,1300,1300,1300,1300,85,0,330,507.8,153,1934,10378.035294117648
1637174910,1,GET,/auth/logout/,0.000000,0.000000,190,190,190,190,190,190,190,190,190,190,190,84,0,110,135.0952380952381,8,506,1712.0
1637174910,1,POST,/auth/modify-friend/,0.300000,0.000000,310,310,310,310,310,310,310,310,310,310,310,336,0,210,269.76785714285717,74,1132,1713.0
1637174910,1,GET,/public/,0.400000,0.000000,300,450,450,460,460,460,460,460,460,460,460,337,0,250,334.9614243323442,109,1483,10202.47181008902
1637174910,1,,Aggregated,2.100000,0.000000,300,340,450,450,660,750,1300,1300,1300,1300,1300,2134,0,240,315.4329896907216,8,2059,5946.731021555764
1637174911,1,GET,/,0.500000,0.000000,400,400,450,450,450,450,450,450,450,450,450,537,0,280,354.44506517690877,111,1677,10238.756052141527
1637174911,1,POST,/,0.200000,0.000000,1300,1300,1300,1300,1300,1300,1300,1300,1300,1300,1300,81,0,670,798.1851851851852,296,2059,10134.654320987655
1637174911,1,GET,/auth/find-friends/,0.800000,0.000000,260,260,280,510,750,750,750,750,750,750,750,674,0,170,236.9213649851632,54,1382,1974.0
1637174911,1,GET,/auth/login/,0.000000,0.000000,0,0,0,0,0,0,0,0,0,0,0,1,0,597,597.0,597,597,2961.0
1637174911,1,POST,/auth/login/,0.100000,0.000000,1300,1300,1300,1300,1300,1300,1300,1300,1300,1300,1300,85,0,330,507.8,153,1934,10378.035294117648
1637174911,1,GET,/auth/logout/,0.100000,0.000000,190,190,190,190,190,190,190,190,190,190,190,84,0,110,135.0952380952381,8,506,1712.0
1637174911,1,POST,/auth/modify-friend/,0.400000,0.000000,310,310,310,320,320,320,320,320,320,320,320,337,0,210,269.90207715133533,74,1132,1713.0
1637174911,1,GET,/public/,0.400000,0.000000,300,300,450,450,460,460,460,460,460,460,460,338,0,250,334.7603550295858,109,1483,10202.103550295858
1637174911,1,,Aggregated,2.500000,0.000000,280,310,340,400,510,660,750,750,750,750,750,2137,0,240,315.34347215722977,8,2059,5944.82405240992
1637174912,1,GET,/,0.500000,0.000000,400,400,450,450,450,450,450,450,450,450,450,537,0,280,354.44506517690877,111,1677,10238.756052141527
1637174912,1,POST,/,0.200000,0.000000,1300,1300,1300,1300,1300,1300,1300,1300,1300,1300,1300,81,0,670,798.1851851851852,296,2059,10134.654320987655
1637174912,1,GET,/auth/find-friends/,0.800000,0.000000,240,260,260,260,280,750,750,750,750,750,750,676,0,170,236.93343195266272,54,1382,1974.0
1637174912,1,GET,/auth/login/,0.000000,0.000000,0,0,0,0,0,0,0,0,0,0,0,1,0,597,597.0,597,597,2961.0
1637174912,1,POST,/auth/login/,0.000000,0.000000,1300,1300,1300,1300,1300,1300,1300,1300,1300,1300,1300,85,0,330,507.8,153,1934,10378.035294117648
1637174912,1,GET,/auth/logout/,0.100000,0.000000,190,190,190,190,190,190,190,190,190,190,190,84,0,110,135.0952380952381,8,506,1712.0
1637174912,1,POST,/auth/modify-friend/,0.400000,0.000000,310,310,310,310,320,320,320,320,320,320,320,338,0,210,269.76331360946745,74,1132,1713.0
1637174912,1,GET,/public/,0.400000,0.000000,300,300,380,380,450,450,450,450,450,450,450,339,0,250,334.9026548672566,109,1483,10201.628318584071
1637174912,1,,Aggregated,2.400000,0.000000,280,310,320,380,450,660,750,750,750,750,750,2141,0,240,315.26249416160675,8,2059,5941.051377860813
1637174913,1,GET,/,0.400000,0.000000,400,400,450,450,450,450,450,450,450,450,450,537,0,280,354.44506517690877,111,1677,10238.756052141527
1637174913,1,POST,/,0.200000,0.000000,1300,1300,1300,1300,1300,1300,1300,1300,1300,1300,1300,81,0,670,798.1851851851852,296,2059,10134.654320987655
1637174913,1,GET,/auth/find-friends/,0.900000,0.000000,260,260,280,280,280,330,330,330,330,330,330,678,0,170,237.13569321533924,54,1382,1974.0
1637174913,1,GET,/auth/login/,0.000000,0.000000,0,0,0,0,0,0,0,0,0,0,0,1,0,597,597.0,597,597,2961.0
1637174913,1,POST,/auth/login/,0.100000,0.000000,1300,1300,1300,1300,1300,1300,1300,1300,1300,1300,1300,85,0,330,507.8,153,1934,10378.035294117648
1637174913,1,GET,/auth/logout/,0.100000,0.000000,190,190,190,190,190,190,190,190,190,190,190,84,0,110,135.0952380952381,8,506,1712.0
1637174913,1,POST,/auth/modify-friend/,0.400000,0.000000,310,310,310,310,320,320,320,320,320,320,320,339,0,210,269.882005899705,74,1132,1713.0
1637174913,1,GET,/public/,0.500000,0.000000,300,300,380,380,450,450,450,450,450,450,450,339,0,250,334.9026548672566,109,1483,10201.628318584071
1637174913,1,,Aggregated,2.600000,0.000000,280,310,320,340,450,450,660,660,660,660,660,2144,0,240,315.2509328358209,8,2059,5935.378731343284
1637174914,1,GET,/,0.400000,0.000000,400,400,450,450,450,450,450,450,450,450,450,537,0,280,354.44506517690877,111,1677,10238.756052141527
1637174914,1,POST,/,0.200000,0.000000,660,660,660,660,660,660,660,660,660,660,660,81,0,670,798.1851851851852,296,2059,10134.654320987655
1637174914,1,GET,/auth/find-friends/,0.900000,0.000000,260,260,280,280,330,330,330,330,330,330,330,678,0,170,237.13569321533924,54,1382,1974.0
1637174914,1,GET,/auth/login/,0.000000,0.000000,0,0,0,0,0,0,0,0,0,0,0,1,0,597,597.0,597,597,2961.0
1637174914,1,POST,/auth/login/,0.100000,0.000000,340,340,340,340,340,340,340,340,340,340,340,85,0,330,507.8,153,1934,10378.035294117648
1637174914,1,GET,/auth/logout/,0.100000,0.000000,190,190,190,190,190,190,190,190,190,190,190,85,0,110,134.58823529411765,8,506,1712.0
1637174914,1,POST,/auth/modify-friend/,0.400000,0.000000,310,310,310,310,320,320,320,320,320,320,320,339,0,210,269.882005899705,74,1132,1713.0
1637174914,1,GET,/public/,0.500000,0.000000,280,380,380,450,450,450,450,450,450,450,450,339,0,250,334.9026548672566,109,1483,10201.628318584071
1637174914,1,,Aggregated,2.600000,0.000000,280,310,330,340,450,450,660,660,660,660,660,2145,0,240,315.1468531468532,8,2059,5933.40979020979
1637174915,1,GET,/,0.400000,0.000000,290,290,290,290,290,290,290,290,290,290,290,537,0,280,354.44506517690877,111,1677,10238.756052141527
1637174915,1,POST,/,0.200000,0.000000,660,660,660,660,660,660,660,660,660,660,660,81,0,670,798.1851851851852,296,2059,10134.654320987655
1637174915,1,GET,/auth/find-friends/,0.900000,0.000000,260,280,280,280,330,330,330,330,330,330,330,678,0,170,237.13569321533924,54,1382,1974.0
1637174915,1,GET,/auth/login/,0.000000,0.000000,0,0,0,0,0,0,0,0,0,0,0,1,0,597,597.0,597,597,2961.0
1637174915,1,POST,/auth/login/,0.100000,0.000000,340,340,340,340,340,340,340,340,340,340,340,85,0,330,507.8,153,1934,10378.035294117648
1637174915,1,GET,/auth/logout/,0.100000,0.000000,190,190,190,190,190,190,190,190,190,190,190,85,0,110,134.58823529411765,8,506,1712.0
1637174915,1,POST,/auth/modify-friend/,0.400000,0.000000,310,310,310,320,320,320,320,320,320,320,320,339,0,210,269.882005899705,74,1132,1713.0
1637174915,1,GET,/public/,0.500000,0.000000,380,380,450,450,450,450,450,450,450,450,450,339,0,250,334.9026548672566,109,1483,10201.628318584071
1637174915,1,,Aggregated,2.600000,0.000000,280,310,320,330,380,450,660,660,660,660,660,2145,0,240,315.1468531468532,8,2059,5933.40979020979
1637174917,1,GET,/,0.300000,0.000000,290,290,290,290,290,290,290,290,290,290,290,537,0,280,354.44506517690877,111,1677,10238.756052141527
1637174917,1,POST,/,0.100000,0.000000,660,660,660,660,660,660,660,660,660,660,660,81,0,670,798.1851851851852,296,2059,10134.654320987655
1637174917,1,GET,/auth/find-friends/,1.200000,0.000000,260,280,280,280,330,330,330,330,330,330,330,678,0,170,237.13569321533924,54,1382,1974.0
1637174917,1,GET,/auth/login/,0.000000,0.000000,0,0,0,0,0,0,0,0,0,0,0,1,0,597,597.0,597,597,2961.0
1637174917,1,POST,/auth/login/,0.100000,0.000000,1400,1400,1400,1400,1400,1400,1400,1400,1400,1400,1400,86,0,330,517.6744186046511,153,1934,10379.220930232557
1637174917,1,GET,/auth/logout/,0.200000,0.000000,190,190,190,190,190,190,190,190,190,190,190,85,0,110,134.58823529411765,8,506,1712.0
1637174917,1,POST,/auth/modify-friend/,0.600000,0.000000,310,310,320,320,320,320,320,320,320,320,320,339,0,210,269.882005899705,74,1132,1713.0
1637174917,1,GET,/public/,0.500000,0.000000,380,380,450,450,450,450,450,450,450,450,450,339,0,250,334.9026548672566,109,1483,10201.628318584071
1637174917,1,,Aggregated,3.000000,0.000000,280,310,330,340,450,1400,1400,1400,1400,1400,1400,2146,0,240,315.6323392357875,8,2059,5935.528424976701
1637174918,1,GET,/,0.300000,0.000000,680,680,680,680,680,680,680,680,680,680,680,538,0,280,355.042750929368,111,1677,10239.293680297398
1637174918,1,POST,/,0.100000,0.000000,660,660,660,660,660,660,660,660,660,660,660,81,0,670,798.1851851851852,296,2059,10134.654320987655
1637174918,1,GET,/auth/find-friends/,1.000000,0.000000,260,280,280,280,330,330,330,330,330,330,330,678,0,170,237.13569321533924,54,1382,1974.0
1637174918,1,GET,/auth/login/,0.000000,0.000000,0,0,0,0,0,0,0,0,0,0,0,1,0,597,597.0,597,597,2961.0
1637174918,1,POST,/auth/login/,0.100000,0.000000,1400,1400,1400,1400,1400,1400,1400,1400,1400,1400,1400,86,0,330,517.6744186046511,153,1934,10379.220930232557
1637174918,1,GET,/auth/logout/,0.200000,0.000000,190,190,190,190,190,190,190,190,190,190,190,85,0,110,134.58823529411765,8,506,1712.0
1637174918,1,POST,/auth/modify-friend/,0.500000,0.000000,310,310,320,320,320,320,320,320,320,320,320,339,0,210,269.882005899705,74,1132,1713.0
1637174918,1,GET,/public/,0.500000,0.000000,380,380,450,450,450,450,450,450,450,450,450,339,0,250,334.9026548672566,109,1483,10201.628318584071
1637174918,1,,Aggregated,2.700000,0.000000,280,320,340,380,680,1400,1400,1400,1400,1400,1400,2147,0,240,315.80018630647413,8,2059,5937.6674429436425
1637174919,1,GET,/,0.200000,0.000000,680,680,680,680,680,680,680,680,680,680,680,538,0,280,355.042750929368,111,1677,10239.293680297398
1637174919,1,POST,/,0.100000,0.000000,980,980,980,980,980,980,980,980,980,980,980,82,0,670,800.4268292682926,296,2059,10137.926829268292
1637174919,1,GET,/auth/find-friends/,0.800000,0.000000,280,280,280,280,330,330,330,330,330,330,330,680,0,170,237.03235294117647,54,1382,1974.0
1637174919,1,GET,/auth/login/,0.000000,0.000000,0,0,0,0,0,0,0,0,0,0,0,1,0,597,597.0,597,597,2961.0
1637174919,1,POST,/auth/login/,0.100000,0.000000,1400,1400,1400,1400,1400,1400,1400,1400,1400,1400,1400,86,0,330,517.6744186046511,153,1934,10379.220930232557
1637174919,1,GET,/auth/logout/,0.200000,0.000000,190,190,190,190,190,190,190,190,190,190,190,85,0,110,134.58823529411765,8,506,1712.0
1637174919,1,POST,/auth/modify-friend/,0.500000,0.000000,310,310,320,320,320,320,320,320,320,320,320,339,0,210,269.882005899705,74,1132,1713.0
1637174919,1,GET,/public/,0.400000,0.000000,380,380,450,450,450,450,450,450,450,450,450,340,0,250,335.04411764705884,109,1483,10201.485294117647
1637174919,1,,Aggregated,2.300000,0.000000,310,340,380,450,980,1400,1400,1400,1400,1400,1400,2151,0,240,316.03533240353323,8,2059,5938.017666201767
1637174920,1,GET,/,0.100000,0.000000,680,680,680,680,680,680,680,680,680,680,680,538,0,280,355.042750929368,111,1677,10239.293680297398
1637174920,1,POST,/,0.100000,0.000000,980,980,980,980,980,980,980,980,980,980,980,82,0,670,800.4268292682926,296,2059,10137.926829268292
1637174920,1,GET,/auth/find-friends/,0.800000,0.000000,280,280,310,310,330,330,330,330,330,330,330,681,0,170,237.14537444933922,54,1382,1974.0
1637174920,1,GET,/auth/login/,0.000000,0.000000,0,0,0,0,0,0,0,0,0,0,0,1,0,597,597.0,597,597,2961.0
1637174920,1,POST,/auth/login/,0.200000,0.000000,1400,1400,1400,1400,1400,1400,1400,1400,1400,1400,1400,86,0,330,517.6744186046511,153,1934,10379.220930232557
1637174920,1,GET,/auth/logout/,0.200000,0.000000,92,92,92,92,92,92,92,92,92,92,92,85,0,110,134.58823529411765,8,506,1712.0
1637174920,1,POST,/auth/modify-friend/,0.400000,0.000000,320,320,320,320,320,320,320,320,320,320,320,340,0,210,270.03823529411767,74,1132,1713.0
1637174920,1,GET,/public/,0.400000,0.000000,380,380,410,410,410,410,410,410,410,410,410,341,0,250,335.2639296187683,109,1483,10201.258064516129
1637174920,1,,Aggregated,2.200000,0.000000,310,330,380,410,980,1400,1400,1400,1400,1400,1400,2154,0,240,316.0812441968431,8,2059,5936.159238625813
1637174921,1,GET,/,0.100000,0.000000,680,680,680,680,680,680,680,680,680,680,680,538,0,280,355.042750929368,111,1677,10239.293680297398
1637174921,1,POST,/,0.000000,0.000000,980,980,980,980,980,980,980,980,980,980,980,82,0,670,800.4268292682926,296,2059,10137.926829268292
1637174921,1,GET,/auth/find-friends/,0.800000,0.000000,280,310,330,330,580,580,580,580,580,580,580,682,0,170,237.6524926686217,54,1382,1974.0
1637174921,1,GET,/auth/login/,0.000000,0.000000,0,0,0,0,0,0,0,0,0,0,0,1,0,597,597.0,597,597,2961.0
1637174921,1,POST,/auth/login/,0.200000,0.000000,1400,1400,1400,1400,1400,1400,1400,1400,1400,1400,1400,86,0,330,517.6744186046511,153,1934,10379.220930232557
1637174921,1,GET,/auth/logout/,0.200000,0.000000,92,92,92,92,92,92,92,92,92,92,92,85,0,110,134.58823529411765,8,506,1712.0
1637174921,1,POST,/auth/modify-friend/,0.400000,0.000000,320,320,480,480,480,480,480,480,480,480,480,341,0,220,270.66568914956014,74,1132,1713.0
1637174921,1,GET,/public/,0.300000,0.000000,380,380,410,410,410,410,410,410,410,410,410,341,0,250,335.2639296187683,109,1483,10201.258064516129
1637174921,1,,Aggregated,2.000000,0.000000,330,380,480,580,980,1400,1400,1400,1400,1400,1400,2156,0,240,316.2829313543599,8,2059,5932.362708719852
1637174922,1,GET,/,0.100000,0.000000,680,680,680,680,680,680,680,680,680,680,680,539,0,280,355.63450834879404,111,1677,10239.320964749537
1637174922,1,POST,/,0.100000,0.000000,980,980,980,980,980,980,980,980,980,980,980,82,0,670,800.4268292682926,296,2059,10137.926829268292
1637174922,1,GET,/auth/find-friends/,0.800000,0.000000,310,310,330,330,580,580,580,580,580,580,580,682,0,170,237.6524926686217,54,1382,1974.0
1637174922,1,GET,/auth/login/,0.000000,0.000000,0,0,0,0,0,0,0,0,0,0,0,1,0,597,597.0,597,597,2961.0
1637174922,1,POST,/auth/login/,0.200000,0.000000,1400,1400,1400,1400,1400,1400,1400,1400,1400,1400,1400,86,0,330,517.6744186046511,153,1934,10379.220930232557
1637174922,1,GET,/auth/logout/,0.100000,0.000000,92,92,92,92,92,92,92,92,92,92,92,85,0,110,134.58823529411765,8,506,1712.0
1637174922,1,POST,/auth/modify-friend/,0.300000,0.000000,320,320,480,480,480,480,480,480,480,480,480,341,0,220,270.66568914956014,74,1132,1713.0
1637174922,1,GET,/public/,0.400000,0.000000,380,380,410,410,410,410,410,410,410,410,410,341,0,250,335.2639296187683,109,1483,10201.258064516129
1637174922,1,,Aggregated,2.000000,0.000000,380,480,670,670,980,1400,1400,1400,1400,1400,1400,2157,0,240,316.4487714418173,8,2059,5934.366249420492
1637174923,1,GET,/,0.100000,0.000000,680,680,850,850,850,850,850,850,850,850,850,540,0,280,356.5462962962963,111,1677,10239.60925925926
1637174923,1,POST,/,0.100000,0.000000,980,980,980,980,980,980,980,980,980,980,980,82,0,670,800.4268292682926,296,2059,10137.926829268292
1637174923,1,GET,/auth/find-friends/,0.900000,0.000000,310,310,330,330,580,580,580,580,580,580,580,682,0,170,237.6524926686217,54,1382,1974.0
1637174923,1,GET,/auth/login/,0.000000,0.000000,0,0,0,0,0,0,0,0,0,0,0,1,0,597,597.0,597,597,2961.0
1637174923,1,POST,/auth/login/,0.200000,0.000000,1400,1400,1400,1400,1400,1400,1400,1400,1400,1400,1400,86,0,330,517.6744186046511,153,1934,10379.220930232557
1637174923,1,GET,/auth/logout/,0.100000,0.000000,92,92,92,92,92,92,92,92,92,92,92,85,0,110,134.58823529411765,8,506,1712.0
1637174923,1,POST,/auth/modify-friend/,0.400000,0.000000,320,320,480,480,480,480,480,480,480,480,480,341,0,220,270.66568914956014,74,1132,1713.0
1637174923,1,GET,/public/,0.500000,0.000000,380,380,410,410,410,410,410,410,410,410,410,341,0,250,335.2639296187683,109,1483,10201.258064516129
1637174923,1,,Aggregated,2.300000,0.000000,380,580,670,680,980,1400,1400,1400,1400,1400,1400,2158,0,240,316.69508804448566,8,2059,5936.433271547729
1637174924,1,GET,/,0.100000,0.000000,680,680,850,850,850,850,850,850,850,850,850,541,0,280,357.0924214417745,111,1677,10239.798521256931
1637174924,1,POST,/,0.100000,0.000000,980,980,980,980,980,980,980,980,980,980,980,83,0,690,799.0963855421687,296,2059,10145.301204819278
1637174924,1,GET,/auth/find-friends/,0.900000,0.000000,310,310,330,330,580,580,580,580,580,580,580,682,0,170,237.6524926686217,54,1382,1974.0
1637174924,1,GET,/auth/login/,0.000000,0.000000,0,0,0,0,0,0,0,0,0,0,0,1,0,597,597.0,597,597,2961.0
1637174924,1,POST,/auth/login/,0.100000,0.000000,1400,1400,1400,1400,1400,1400,1400,1400,1400,1400,1400,86,0,330,517.6744186046511,153,1934,10379.220930232557
1637174924,1,GET,/auth/logout/,0.100000,0.000000,92,92,92,92,92,92,92,92,92,92,92,86,0,110,133.12790697674419,8,506,1712.0
1637174924,1,POST,/auth/modify-friend/,0.500000,0.000000,320,320,480,480,480,480,480,480,480,480,480,341,0,220,270.66568914956014,74,1132,1713.0
1637174924,1,GET,/public/,0.400000,0.000000,380,380,410,410,410,410,410,410,410,410,410,341,0,250,335.2639296187683,109,1483,10201.258064516129
1637174924,1,,Aggregated,2.200000,0.000000,580,670,690,690,980,1400,1400,1400,1400,1400,1400,2161,0,240,316.88061082832024,8,2059,5938.744562702453
1637174925,1,GET,/,0.100000,0.000000,680,680,850,850,850,850,850,850,850,850,850,541,0,280,357.0924214417745,111,1677,10239.798521256931
1637174925,1,POST,/,0.100000,0.000000,980,980,980,980,980,980,980,980,980,980,980,83,0,690,799.0963855421687,296,2059,10145.301204819278
1637174925,1,GET,/auth/find-friends/,0.900000,0.000000,310,310,580,580,580,580,580,580,580,580,580,682,0,170,237.6524926686217,54,1382,1974.0
1637174925,1,GET,/auth/login/,0.000000,0.000000,0,0,0,0,0,0,0,0,0,0,0,1,0,597,597.0,597,597,2961.0
1637174925,1,POST,/auth/login/,0.100000,0.000000,1400,1400,1400,1400,1400,1400,1400,1400,1400,1400,1400,86,0,330,517.6744186046511,153,1934,10379.220930232557
1637174925,1,GET,/auth/logout/,0.100000,0.000000,92,92,92,92,92,92,92,92,92,92,92,86,0,110,133.12790697674419,8,506,1712.0
1637174925,1,POST,/auth/modify-friend/,0.500000,0.000000,320,320,480,480,480,480,480,480,480,480,480,341,0,220,270.66568914956014,74,1132,1713.0
1637174925,1,GET,/public/,0.400000,0.000000,410,410,410,410,410,410,410,410,410,410,410,341,0,250,335.2639296187683,109,1483,10201.258064516129
1637174925,1,,Aggregated,2.200000,0.000000,580,670,690,690,980,1400,1400,1400,1400,1400,1400,2161,0,240,316.88061082832024,8,2059,5938.744562702453
1637174926,1,GET,/,0.300000,0.000000,680,680,850,850,850,850,850,850,850,850,850,541,0,280,357.0924214417745,111,1677,10239.798521256931
1637174926,1,POST,/,0.100000,0.000000,980,980,980,980,980,980,980,980,980,980,980,83,0,690,799.0963855421687,296,2059,10145.301204819278
1637174926,1,GET,/auth/find-friends/,0.600000,0.000000,310,310,580,580,580,580,580,580,580,580,580,682,0,170,237.6524926686217,54,1382,1974.0
1637174926,1,GET,/auth/login/,0.000000,0.000000,0,0,0,0,0,0,0,0,0,0,0,1,0,597,597.0,597,597,2961.0
1637174926,1,POST,/auth/login/,0.100000,0.000000,1400,1400,1400,1400,1400,1400,1400,1400,1400,1400,1400,87,0,340,524.4252873563219,153,1934,10383.908045977012
1637174926,1,GET,/auth/logout/,0.100000,0.000000,92,92,92,92,92,92,92,92,92,92,92,86,0,110,133.12790697674419,8,506,1712.0
1637174926,1,POST,/auth/modify-friend/,0.300000,0.000000,480,480,480,480,480,480,480,480,480,480,480,341,0,220,270.66568914956014,74,1132,1713.0
1637174926,1,GET,/public/,0.200000,0.000000,410,410,410,410,410,410,410,410,410,410,410,341,0,250,335.2639296187683,109,1483,10201.258064516129
1637174926,1,,Aggregated,1.700000,0.000000,580,670,690,690,980,1100,1100,1100,1100,1100,1100,2162,0,240,317.2451433857539,8,2059,5940.987049028678
1637174927,1,GET,/,0.400000,0.000000,680,680,850,850,850,850,850,850,850,850,850,541,0,280,357.0924214417745,111,1677,10239.798521256931
1637174927,1,POST,/,0.200000,0.000000,980,980,980,980,980,980,980,980,980,980,980,83,0,690,799.0963855421687,296,2059,10145.301204819278
1637174927,1,GET,/auth/find-friends/,0.400000,0.000000,310,460,460,580,580,580,580,580,580,580,580,683,0,170,237.97218155197658,54,1382,1974.0
1637174927,1,GET,/auth/login/,0.000000,0.000000,0,0,0,0,0,0,0,0,0,0,0,1,0,597,597.0,597,597,2961.0
1637174927,1,POST,/auth/login/,0.100000,0.000000,1400,1400,1400,1400,1400,1400,1400,1400,1400,1400,1400,87,0,340,524.4252873563219,153,1934,10383.908045977012
1637174927,1,GET,/auth/logout/,0.100000,0.000000,92,92,92,92,92,92,92,92,92,92,92,86,0,110,133.12790697674419,8,506,1712.0
1637174927,1,POST,/auth/modify-friend/,0.200000,0.000000,480,480,480,480,480,480,480,480,480,480,480,341,0,220,270.66568914956014,74,1132,1713.0
1637174927,1,GET,/public/,0.200000,0.000000,410,410,510,510,510,510,510,510,510,510,510,342,0,250,335.77485380116957,109,1483,10202.543859649122
1637174927,1,,Aggregated,1.600000,0.000000,480,650,670,690,980,1100,1100,1100,1100,1100,1100,2164,0,240,317.39833641404806,8,2059,5941.325785582255
1637174928,1,GET,/,0.400000,0.000000,680,680,850,850,850,850,850,850,850,850,850,541,0,280,357.0924214417745,111,1677,10239.798521256931
1637174928,1,POST,/,0.200000,0.000000,980,980,980,980,980,980,980,980,980,980,980,83,0,690,799.0963855421687,296,2059,10145.301204819278
1637174928,1,GET,/auth/find-friends/,0.400000,0.000000,460,460,580,580,580,580,580,580,580,580,580,684,0,170,238.27777777777777,54,1382,1974.0
1637174928,1,GET,/auth/login/,0.000000,0.000000,0,0,0,0,0,0,0,0,0,0,0,1,0,597,597.0,597,597,2961.0
1637174928,1,POST,/auth/login/,0.100000,0.000000,1400,1400,1400,1400,1400,1400,1400,1400,1400,1400,1400,87,0,340,524.4252873563219,153,1934,10383.908045977012
1637174928,1,GET,/auth/logout/,0.100000,0.000000,9,9,9,9,9,9,9,9,9,9,9,86,0,110,133.12790697674419,8,506,1712.0
1637174928,1,POST,/auth/modify-friend/,0.200000,0.000000,480,480,480,480,480,480,480,480,480,480,480,341,0,220,270.66568914956014,74,1132,1713.0
1637174928,1,GET,/public/,0.200000,0.000000,510,510,510,510,510,510,510,510,510,510,510,342,0,250,335.77485380116957,109,1483,10202.543859649122
1637174928,1,,Aggregated,1.600000,0.000000,510,650,670,690,850,1100,1100,1100,1100,1100,1100,2165,0,240,317.4581986143187,8,2059,5939.493302540416
1637174929,1,GET,/,0.400000,0.000000,670,670,850,850,850,850,850,850,850,850,850,542,0,280,357.450184501845,111,1677,10240.725092250923
1637174929,1,POST,/,0.200000,0.000000,980,980,980,980,980,980,980,980,980,980,980,83,0,690,799.0963855421687,296,2059,10145.301204819278
1637174929,1,GET,/auth/find-friends/,0.400000,0.000000,460,460,580,580,580,580,580,580,580,580,580,684,0,170,238.27777777777777,54,1382,1974.0
1637174929,1,GET,/auth/login/,0.000000,0.000000,0,0,0,0,0,0,0,0,0,0,0,1,0,597,597.0,597,597,2961.0
1637174929,1,POST,/auth/login/,0.200000,0.000000,1400,1400,1400,1400,1400,1400,1400,1400,1400,1400,1400,87,0,340,524.4252873563219,153,1934,10383.908045977012
1637174929,1,GET,/auth/logout/,0.100000,0.000000,9,9,9,9,9,9,9,9,9,9,9,86,0,110,133.12790697674419,8,506,1712.0
1637174929,1,POST,/auth/modify-friend/,0.200000,0.000000,770,770,770,770,770,770,770,770,770,770,770,342,0,220,272.1198830409357,74,1132,1713.0
1637174929,1,GET,/public/,0.200000,0.000000,510,510,510,510,510,510,510,510,510,510,510,342,0,250,335.77485380116957,109,1483,10202.543859649122
1637174929,1,,Aggregated,1.700000,0.000000,580,670,690,770,850,1100,1100,1100,1100,1100,1100,2167,0,240,317.77388094139366,8,2059,5939.759113982464
1637174930,1,GET,/,0.400000,0.000000,670,670,850,850,850,850,850,850,850,850,850,542,0,280,357.450184501845,111,1677,10240.725092250923
1637174930,1,POST,/,0.200000,0.000000,690,690,690,690,690,690,690,690,690,690,690,83,0,690,799.0963855421687,296,2059,10145.301204819278
1637174930,1,GET,/auth/find-friends/,0.500000,0.000000,460,460,580,580,580,580,580,580,580,580,580,685,0,180,238.4919708029197,54,1382,1974.0
1637174930,1,GET,/auth/login/,0.000000,0.000000,0,0,0,0,0,0,0,0,0,0,0,1,0,597,597.0,597,597,2961.0
1637174930,1,POST,/auth/login/,0.100000,0.000000,1100,1100,1100,1100,1100,1100,1100,1100,1100,1100,1100,87,0,340,524.4252873563219,153,1934,10383.908045977012
1637174930,1,GET,/auth/logout/,0.100000,0.000000,9,9,9,9,9,9,9,9,9,9,9,86,0,110,133.12790697674419,8,506,1712.0
1637174930,1,POST,/auth/modify-friend/,0.200000,0.000000,770,770,770,770,770,770,770,770,770,770,770,342,0,220,272.1198830409357,74,1132,1713.0
1637174930,1,GET,/public/,0.300000,0.000000,510,510,670,670,670,670,670,670,670,670,670,343,0,250,336.7405247813411,109,1483,10203.501457725948
1637174930,1,,Aggregated,1.800000,0.000000,650,670,690,770,850,1100,1100,1100,1100,1100,1100,2169,0,240,317.9658828953435,8,2059,5940.047487321346
1637174931,1,GET,/,0.300000,0.000000,650,650,850,850,850,850,850,850,850,850,850,542,0,280,357.450184501845,111,1677,10240.725092250923
1637174931,1,POST,/,0.200000,0.000000,690,690,690,690,690,690,690,690,690,690,690,83,0,690,799.0963855421687,296,2059,10145.301204819278
1637174931,1,GET,/auth/find-friends/,0.600000,0.000000,450,460,460,580,580,580,580,580,580,580,580,686,0,180,238.79154518950438,54,1382,1974.0
1637174931,1,GET,/auth/login/,0.000000,0.000000,0,0,0,0,0,0,0,0,0,0,0,1,0,597,597.0,597,597,2961.0
1637174931,1,POST,/auth/login/,0.100000,0.000000,1100,1100,1100,1100,1100,1100,1100,1100,1100,1100,1100,87,0,340,524.4252873563219,153,1934,10383.908045977012
1637174931,1,GET,/auth/logout/,0.100000,0.000000,9,9,9,9,9,9,9,9,9,9,9,86,0,110,133.12790697674419,8,506,1712.0
1637174931,1,POST,/auth/modify-friend/,0.200000,0.000000,480,480,770,770,770,770,770,770,770,770,770,343,0,220,272.68513119533526,74,1132,1713.0
1637174931,1,GET,/public/,0.300000,0.000000,510,510,670,670,670,670,670,670,670,670,670,343,0,250,336.7405247813411,109,1483,10203.501457725948
1637174931,1,,Aggregated,1.800000,0.000000,550,670,690,770,850,1100,1100,1100,1100,1100,1100,2171,0,240,318.09212344541686,8,2059,5936.273606632888
1637174932,1,GET,/,0.400000,0.000000,650,650,650,650,650,650,650,650,650,650,650,542,0,280,357.450184501845,111,1677,10240.725092250923
1637174932,1,POST,/,0.100000,0.000000,690,690,690,690,690,690,690,690,690,690,690,83,0,690,799.0963855421687,296,2059,10145.301204819278
1637174932,1,GET,/auth/find-friends/,0.400000,0.000000,450,460,460,580,580,580,580,580,580,580,580,686,0,180,238.79154518950438,54,1382,1974.0
1637174932,1,GET,/auth/login/,0.000000,0.000000,0,0,0,0,0,0,0,0,0,0,0,1,0,597,597.0,597,597,2961.0
1637174932,1,POST,/auth/login/,0.100000,0.000000,1100,1100,1100,1100,1100,1100,1100,1100,1100,1100,1100,87,0,340,524.4252873563219,153,1934,10383.908045977012
1637174932,1,GET,/auth/logout/,0.100000,0.000000,9,9,9,9,9,9,9,9,9,9,9,86,0,110,133.12790697674419,8,506,1712.0
1637174932,1,POST,/auth/modify-friend/,0.300000,0.000000,480,480,770,770,770,770,770,770,770,770,770,343,0,220,272.68513119533526,74,1132,1713.0
1637174932,1,GET,/public/,0.200000,0.000000,670,670,760,760,760,760,760,760,760,760,760,344,0,250,337.97093023255815,109,1483,10204.543604651162
1637174932,1,,Aggregated,1.600000,0.000000,550,670,690,760,770,1100,1100,1100,1100,1100,1100,2172,0,240,318.2955801104972,8,2059,5938.403314917127
1637174933,1,GET,/,0.400000,0.000000,650,650,650,650,650,650,650,650,650,650,650,542,0,280,357.450184501845,111,1677,10240.725092250923
1637174933,1,POST,/,0.100000,0.000000,690,690,690,690,690,690,690,690,690,690,690,83,0,690,799.0963855421687,296,2059,10145.301204819278
1637174933,1,GET,/auth/find-friends/,0.400000,0.000000,450,450,460,460,920,920,920,920,920,920,920,688,0,180,240.0843023255814,54,1382,1974.0
1637174933,1,GET,/auth/login/,0.000000,0.000000,0,0,0,0,0,0,0,0,0,0,0,1,0,597,597.0,597,597,2961.0
1637174933,1,POST,/auth/login/,0.100000,0.000000,1100,1100,1100,1100,1100,1100,1100,1100,1100,1100,1100,87,0,340,524.4252873563219,153,1934,10383.908045977012
1637174933,1,GET,/auth/logout/,0.100000,0.000000,9,9,9,9,9,9,9,9,9,9,9,86,0,110,133.12790697674419,8,506,1712.0
1637174933,1,POST,/auth/modify-friend/,0.200000,0.000000,480,480,770,770,770,770,770,770,770,770,770,343,0,220,272.68513119533526,74,1132,1713.0
1637174933,1,GET,/public/,0.200000,0.000000,670,670,760,760,760,760,760,760,760,760,760,344,0,250,337.97093023255815,109,1483,10204.543604651162
1637174933,1,,Aggregated,1.500000,0.000000,550,670,760,760,920,1100,1100,1100,1100,1100,1100,2174,0,240,318.63155473781046,8,2059,5934.75620975161
1637174934,1,GET,/,0.400000,0.000000,650,650,650,650,650,650,650,650,650,650,650,542,0,280,357.450184501845,111,1677,10240.725092250923
1637174934,1,POST,/,0.100000,0.000000,690,690,690,690,690,690,690,690,690,690,690,83,0,690,799.0963855421687,296,2059,10145.301204819278
1637174934,1,GET,/auth/find-friends/,0.400000,0.000000,450,450,460,460,920,920,920,920,920,920,920,688,0,180,240.0843023255814,54,1382,1974.0
1637174934,1,GET,/auth/login/,0.000000,0.000000,0,0,0,0,0,0,0,0,0,0,0,1,0,597,597.0,597,597,2961.0
1637174934,1,POST,/auth/login/,0.100000,0.000000,1100,1100,1100,1100,1100,1100,1100,1100,1100,1100,1100,87,0,340,524.4252873563219,153,1934,10383.908045977012
1637174934,1,GET,/auth/logout/,0.100000,0.000000,9,9,9,9,9,9,9,9,9,9,9,86,0,110,133.12790697674419,8,506,1712.0
1637174934,1,POST,/auth/modify-friend/,0.200000,0.000000,470,470,770,770,770,770,770,770,770,770,770,344,0,220,273.1453488372093,74,1132,1713.0
1637174934,1,GET,/public/,0.200000,0.000000,710,710,760,760,760,760,760,760,760,760,760,345,0,260,339.05797101449275,109,1483,10205.510144927537
1637174934,1,,Aggregated,1.500000,0.000000,510,670,760,770,920,1100,1100,1100,1100,1100,1100,2176,0,240,318.86443014705884,8,2059,5934.931525735294
1637174935,1,GET,/,0.200000,0.000000,550,550,550,550,550,550,550,550,550,550,550,542,0,280,357.450184501845,111,1677,10240.725092250923
1637174935,1,POST,/,0.100000,0.000000,690,690,690,690,690,690,690,690,690,690,690,83,0,690,799.0963855421687,296,2059,10145.301204819278
1637174935,1,GET,/auth/find-friends/,0.600000,0.000000,460,470,720,720,920,920,920,920,920,920,920,690,0,180,241.10579710144927,54,1382,1974.0
1637174935,1,GET,/auth/login/,0.000000,0.000000,0,0,0,0,0,0,0,0,0,0,0,1,0,597,597.0,597,597,2961.0
1637174935,1,POST,/auth/login/,0.100000,0.000000,1100,1100,1100,1100,1100,1100,1100,1100,1100,1100,1100,87,0,340,524.4252873563219,153,1934,10383.908045977012
1637174935,1,GET,/auth/logout/,0.100000,0.000000,9,9,9,9,9,9,9,9,9,9,9,86,0,110,133.12790697674419,8,506,1712.0
1637174935,1,POST,/auth/modify-friend/,0.200000,0.000000,470,470,770,770,770,770,770,770,770,770,770,344,0,220,273.1453488372093,74,1132,1713.0
1637174935,1,GET,/public/,0.300000,0.000000,710,710,760,760,760,760,760,760,760,760,760,345,0,260,339.05797101449275,109,1483,10205.510144927537
1637174935,1,,Aggregated,1.600000,0.000000,510,670,720,720,770,920,920,920,920,920,920,2178,0,240,319.11570247933884,8,2059,5931.2943067033975
1637174936,1,GET,/,0.200000,0.000000,550,550,550,550,550,550,550,550,550,550,550,542,0,280,357.450184501845,111,1677,10240.725092250923
1637174936,1,POST,/,0.100000,0.000000,690,690,690,690,690,690,690,690,690,690,690,83,0,690,799.0963855421687,296,2059,10145.301204819278
1637174936,1,GET,/auth/find-friends/,0.600000,0.000000,450,470,720,720,920,920,920,920,920,920,920,690,0,180,241.10579710144927,54,1382,1974.0
1637174936,1,GET,/auth/login/,0.000000,0.000000,0,0,0,0,0,0,0,0,0,0,0,1,0,597,597.0,597,597,2961.0
1637174936,1,POST,/auth/login/,0.100000,0.000000,1100,1100,1100,1100,1100,1100,1100,1100,1100,1100,1100,87,0,340,524.4252873563219,153,1934,10383.908045977012
1637174936,1,GET,/auth/logout/,0.100000,0.000000,9,9,9,9,9,9,9,9,9,9,9,86,0,110,133.12790697674419,8,506,1712.0
1637174936,1,POST,/auth/modify-friend/,0.200000,0.000000,590,590,770,770,770,770,770,770,770,770,770,345,0,220,274.0521739130435,74,1132,1713.0
1637174936,1,GET,/public/,0.300000,0.000000,710,710,760,760,760,760,760,760,760,760,760,345,0,260,339.05797101449275,109,1483,10205.510144927537
1637174936,1,,Aggregated,1.600000,0.000000,550,670,720,760,770,920,920,920,920,920,920,2179,0,240,319.2381826525929,8,2059,5929.358421294171
1637174937,1,GET,/,0.100000,0.000000,550,550,550,550,550,550,550,550,550,550,550,542,0,280,357.450184501845,111,1677,10240.725092250923
1637174937,1,POST,/,0.000000,0.000000,690,690,690,690,690,690,690,690,690,690,690,83,0,690,799.0963855421687,296,2059,10145.301204819278
1637174937,1,GET,/auth/find-friends/,0.600000,0.000000,450,470,720,720,920,920,920,920,920,920,920,690,0,180,241.10579710144927,54,1382,1974.0
1637174937,1,GET,/auth/login/,0.000000,0.000000,0,0,0,0,0,0,0,0,0,0,0,1,0,597,597.0,597,597,2961.0
1637174937,1,POST,/auth/login/,0.100000,0.000000,1100,1100,1100,1100,1100,1100,1100,1100,1100,1100,1100,87,0,340,524.4252873563219,153,1934,10383.908045977012
1637174937,1,GET,/auth/logout/,0.000000,0.000000,9,9,9,9,9,9,9,9,9,9,9,86,0,110,133.12790697674419,8,506,1712.0
1637174937,1,POST,/auth/modify-friend/,0.300000,0.000000,590,590,770,770,770,770,770,770,770,770,770,345,0,220,274.0521739130435,74,1132,1713.0
1637174937,1,GET,/public/,0.400000,0.000000,760,760,840,840,840,840,840,840,840,840,840,346,0,260,340.51734104046244,109,1483,10205.803468208092
1637174937,1,,Aggregated,1.500000,0.000000,590,710,760,770,840,920,920,920,920,920,920,2180,0,240,319.47889908256883,8,2059,5931.366513761468
1637174938,1,GET,/,0.100000,0.000000,550,550,550,550,550,550,550,550,550,550,550,542,0,280,357.450184501845,111,1677,10240.725092250923
1637174938,1,POST,/,0.000000,0.000000,690,690,690,690,690,690,690,690,690,690,690,83,0,690,799.0963855421687,296,2059,10145.301204819278
1637174938,1,GET,/auth/find-friends/,0.800000,0.000000,650,720,790,790,920,920,920,920,920,920,920,692,0,180,242.4942196531792,54,1382,1974.0
1637174938,1,GET,/auth/login/,0.000000,0.000000,0,0,0,0,0,0,0,0,0,0,0,1,0,597,597.0,597,597,2961.0
1637174938,1,POST,/auth/login/,0.000000,0.000000,1100,1100,1100,1100,1100,1100,1100,1100,1100,1100,1100,87,0,340,524.4252873563219,153,1934,10383.908045977012
1637174938,1,GET,/auth/logout/,0.000000,0.000000,9,9,9,9,9,9,9,9,9,9,9,86,0,110,133.12790697674419,8,506,1712.0
1637174938,1,POST,/auth/modify-friend/,0.400000,0.000000,590,590,770,770,770,770,770,770,770,770,770,345,0,220,274.0521739130435,74,1132,1713.0
1637174938,1,GET,/public/,0.400000,0.000000,760,760,840,840,840,840,840,840,840,840,840,346,0,260,340.51734104046244,109,1483,10205.803468208092
1637174938,1,,Aggregated,1.700000,0.000000,650,710,760,790,840,920,920,920,920,920,920,2182,0,240,319.8473877176902,8,2059,5927.739230064161
1637174939,1,GET,/,0.100000,0.000000,550,550,550,550,550,550,550,550,550,550,550,542,0,280,357.450184501845,111,1677,10240.725092250923
1637174939,1,POST,/,0.000000,0.000000,690,690,690,690,690,690,690,690,690,690,690,83,0,690,799.0963855421687,296,2059,10145.301204819278
1637174939,1,GET,/auth/find-friends/,0.800000,0.000000,650,720,790,790,920,920,920,920,920,920,920,692,0,180,242.4942196531792,54,1382,1974.0
1637174939,1,GET,/auth/login/,0.000000,0.000000,0,0,0,0,0,0,0,0,0,0,0,1,0,597,597.0,597,597,2961.0
1637174939,1,POST,/auth/login/,0.000000,0.000000,1100,1100,1100,1100,1100,1100,1100,1100,1100,1100,1100,87,0,340,524.4252873563219,153,1934,10383.908045977012
1637174939,1,GET,/auth/logout/,0.000000,0.000000,9,9,9,9,9,9,9,9,9,9,9,86,0,110,133.12790697674419,8,506,1712.0
1637174939,1,POST,/auth/modify-friend/,0.400000,0.000000,590,590,610,610,610,610,610,610,610,610,610,346,0,220,275.0202312138728,74,1132,1713.0
1637174939,1,GET,/public/,0.400000,0.000000,760,760,840,840,840,840,840,840,840,840,840,346,0,260,340.51734104046244,109,1483,10205.803468208092
1637174939,1,,Aggregated,1.700000,0.000000,650,720,760,790,840,920,920,920,920,920,920,2183,0,240,319.97984425103067,8,2059,5925.808520384791
1637174940,1,GET,/,0.100000,0.000000,550,550,550,550,550,550,550,550,550,550,550,542,0,280,357.450184501845,111,1677,10240.725092250923
1637174940,1,POST,/,0.000000,0.000000,690,690,690,690,690,690,690,690,690,690,690,83,0,690,799.0963855421687,296,2059,10145.301204819278
1637174940,1,GET,/auth/find-friends/,0.700000,0.000000,710,720,790,790,920,920,920,920,920,920,920,693,0,180,243.16305916305916,54,1382,1974.0
1637174940,1,GET,/auth/login/,0.000000,0.000000,0,0,0,0,0,0,0,0,0,0,0,1,0,597,597.0,597,597,2961.0
1637174940,1,POST,/auth/login/,0.000000,0.000000,1100,1100,1100,1100,1100,1100,1100,1100,1100,1100,1100,87,0,340,524.4252873563219,153,1934,10383.908045977012
1637174940,1,GET,/auth/logout/,0.000000,0.000000,9,9,9,9,9,9,9,9,9,9,9,86,0,110,133.12790697674419,8,506,1712.0
1637174940,1,POST,/auth/modify-friend/,0.400000,0.000000,590,590,610,610,610,610,610,610,610,610,610,346,0,220,275.0202312138728,74,1132,1713.0
1637174940,1,GET,/public/,0.400000,0.000000,760,760,840,840,840,840,840,840,840,840,840,347,0,260,341.2449567723343,109,1483,10206.14409221902
1637174940,1,,Aggregated,1.600000,0.000000,710,720,760,790,840,920,920,920,920,920,920,2185,0,240,320.28146453089244,8,2059,5926.012814645309
1637174941,1,GET,/,0.100000,0.000000,550,550,550,550,550,550,550,550,550,550,550,542,0,280,357.450184501845,111,1677,10240.725092250923
1637174941,1,POST,/,0.000000,0.000000,0,0,0,0,0,0,0,0,0,0,0,83,0,690,799.0963855421687,296,2059,10145.301204819278
1637174941,1,GET,/auth/find-friends/,0.700000,0.000000,710,720,790,790,920,920,920,920,920,920,920,694,0,180,243.39769452449568,54,1382,1974.0
1637174941,1,GET,/auth/login/,0.000000,0.000000,0,0,0,0,0,0,0,0,0,0,0,1,0,597,597.0,597,597,2961.0
1637174941,1,POST,/auth/login/,0.000000,0.000000,1100,1100,1100,1100,1100,1100,1100,1100,1100,1100,1100,87,0,340,524.4252873563219,153,1934,10383.908045977012
1637174941,1,GET,/auth/logout/,0.000000,0.000000,0,0,0,0,0,0,0,0,0,0,0,86,0,110,133.12790697674419,8,506,1712.0
1637174941,1,POST,/auth/modify-friend/,0.400000,0.000000,590,590,610,610,610,610,610,610,610,610,610,347,0,220,275.7809798270893,74,1132,1713.0
1637174941,1,GET,/public/,0.400000,0.000000,760,760,840,840,840,840,840,840,840,840,840,347,0,260,341.2449567723343,109,1483,10206.14409221902
1637174941,1,,Aggregated,1.600000,0.000000,610,710,720,790,840,920,920,920,920,920,920,2187,0,240,320.4206675811614,8,2059,5922.279378143576
1637174942,1,GET,/,0.000000,0.000000,660,660,660,660,660,660,660,660,660,660,660,543,0,280,358.0147329650092,111,1677,10240.843462246778
1637174942,1,POST,/,0.000000,0.000000,0,0,0,0,0,0,0,0,0,0,0,83,0,690,799.0963855421687,296,2059,10145.301204819278
1637174942,1,GET,/auth/find-friends/,0.800000,0.000000,710,720,790,790,920,920,920,920,920,920,920,694,0,180,243.39769452449568,54,1382,1974.0
1637174942,1,GET,/auth/login/,0.000000,0.000000,0,0,0,0,0,0,0,0,0,0,0,1,0,597,597.0,597,597,2961.0
1637174942,1,POST,/auth/login/,0.000000,0.000000,1100,1100,1100,1100,1100,1100,1100,1100,1100,1100,1100,87,0,340,524.4252873563219,153,1934,10383.908045977012
1637174942,1,GET,/auth/logout/,0.000000,0.000000,0,0,0,0,0,0,0,0,0,0,0,86,0,110,133.12790697674419,8,506,1712.0
1637174942,1,POST,/auth/modify-friend/,0.400000,0.000000,590,590,610,610,610,610,610,610,610,610,610,347,0,220,275.7809798270893,74,1132,1713.0
1637174942,1,GET,/public/,0.400000,0.000000,710,710,840,840,840,840,840,840,840,840,840,347,0,260,341.2449567723343,109,1483,10206.14409221902
1637174942,1,,Aggregated,1.600000,0.000000,650,710,710,720,790,840,840,840,840,840,840,2188,0,240,320.57769652650825,8,2059,5924.282449725777
1637174943,1,GET,/,0.000000,0.000000,660,660,660,660,660,660,660,660,660,660,660,543,0,280,358.0147329650092,111,1677,10240.843462246778
1637174943,1,POST,/,0.000000,0.000000,1400,1400,1400,1400,1400,1400,1400,1400,1400,1400,1400,84,0,690,806.2619047619048,296,2059,10150.059523809523
1637174943,1,GET,/auth/find-friends/,0.800000,0.000000,710,710,720,720,790,790,790,790,790,790,790,694,0,180,243.39769452449568,54,1382,1974.0
1637174943,1,GET,/auth/login/,0.000000,0.000000,0,0,0,0,0,0,0,0,0,0,0,1,0,597,597.0,597,597,2961.0
1637174943,1,POST,/auth/login/,0.000000,0.000000,0,0,0,0,0,0,0,0,0,0,0,87,0,340,524.4252873563219,153,1934,10383.908045977012
1637174943,1,GET,/auth/logout/,0.000000,0.000000,0,0,0,0,0,0,0,0,0,0,0,86,0,110,133.12790697674419,8,506,1712.0
1637174943,1,POST,/auth/modify-friend/,0.400000,0.000000,590,590,610,610,610,610,610,610,610,610,610,347,0,220,275.7809798270893,74,1132,1713.0
1637174943,1,GET,/public/,0.400000,0.000000,710,710,840,840,840,840,840,840,840,840,840,347,0,260,341.2449567723343,109,1483,10206.14409221902
1637174943,1,,Aggregated,1.600000,0.000000,650,710,720,790,840,1400,1400,1400,1400,1400,1400,2189,0,240,321.0712654179991,8,2059,5926.393330287802
1637174944,1,GET,/,0.000000,0.000000,660,660,660,660,660,660,660,660,660,660,660,543,0,280,358.0147329650092,111,1677,10240.843462246778
1637174944,1,POST,/,0.000000,0.000000,1400,1400,1400,1400,1400,1400,1400,1400,1400,1400,1400,84,0,690,806.2619047619048,296,2059,10150.059523809523
1637174944,1,GET,/auth/find-friends/,0.800000,0.000000,710,720,720,790,790,790,790,790,790,790,790,694,0,180,243.39769452449568,54,1382,1974.0
1637174944,1,GET,/auth/login/,0.000000,0.000000,0,0,0,0,0,0,0,0,0,0,0,1,0,597,597.0,597,597,2961.0
1637174944,1,POST,/auth/login/,0.000000,0.000000,0,0,0,0,0,0,0,0,0,0,0,87,0,340,524.4252873563219,153,1934,10383.908045977012
1637174944,1,GET,/auth/logout/,0.000000,0.000000,530,530,530,530,530,530,530,530,530,530,530,87,0,110,137.72413793103448,8,533,1712.0
1637174944,1,POST,/auth/modify-friend/,0.400000,0.000000,590,590,610,610,610,610,610,610,610,610,610,347,0,220,275.7809798270893,74,1132,1713.0
1637174944,1,GET,/public/,0.400000,0.000000,840,840,840,840,840,840,840,840,840,840,840,347,0,260,341.2449567723343,109,1483,10206.14409221902
1637174944,1,,Aggregated,1.600000,0.000000,650,710,720,790,840,1400,1400,1400,1400,1400,1400,2190,0,240,321.16803652968036,8,2059,5924.46894977169
1637174945,1,GET,/,0.100000,0.000000,660,660,660,660,660,660,660,660,660,660,660,543,0,280,358.0147329650092,111,1677,10240.843462246778
1637174945,1,POST,/,0.000000,0.000000,1400,1400,1400,1400,1400,1400,1400,1400,1400,1400,1400,84,0,690,806.2619047619048,296,2059,10150.059523809523
1637174945,1,GET,/auth/find-friends/,0.800000,0.000000,710,720,720,790,790,790,790,790,790,790,790,694,0,180,243.39769452449568,54,1382,1974.0
1637174945,1,GET,/auth/login/,0.000000,0.000000,0,0,0,0,0,0,0,0,0,0,0,1,0,597,597.0,597,597,2961.0
1637174945,1,POST,/auth/login/,0.000000,0.000000,340,340,340,340,340,340,340,340,340,340,340,88,0,340,522.2727272727273,153,1934,10387.613636363636
1637174945,1,GET,/auth/logout/,0.000000,0.000000,530,530,530,530,530,530,530,530,530,530,530,87,0,110,137.72413793103448,8,533,1712.0
1637174945,1,POST,/auth/modify-friend/,0.400000,0.000000,590,590,610,610,610,610,610,610,610,610,610,347,0,220,275.7809798270893,74,1132,1713.0
1637174945,1,GET,/public/,0.300000,0.000000,840,840,840,840,840,840,840,840,840,840,840,347,0,260,341.2449567723343,109,1483,10206.14409221902
1637174945,1,,Aggregated,1.600000,0.000000,650,660,790,790,840,1400,1400,1400,1400,1400,1400,2191,0,240,321.1743496120493,8,2059,5926.653126426289
1637174946,1,GET,/,0.100000,0.000000,660,660,660,660,660,660,660,660,660,660,660,544,0,280,358.3272058823529,111,1677,10241.430147058823
1637174946,1,POST,/,0.100000,0.000000,1400,1400,1400,1400,1400,1400,1400,1400,1400,1400,1400,84,0,690,806.2619047619048,296,2059,10150.059523809523
1637174946,1,GET,/auth/find-friends/,0.600000,0.000000,650,710,710,790,790,790,790,790,790,790,790,695,0,180,243.6201438848921,54,1382,1974.0
1637174946,1,GET,/auth/login/,0.000000,0.000000,0,0,0,0,0,0,0,0,0,0,0,1,0,597,597.0,597,597,2961.0
1637174946,1,POST,/auth/login/,0.000000,0.000000,340,340,340,340,340,340,340,340,340,340,340,88,0,340,522.2727272727273,153,1934,10387.613636363636
1637174946,1,GET,/auth/logout/,0.100000,0.000000,530,530,530,530,530,530,530,530,530,530,530,87,0,110,137.72413793103448,8,533,1712.0
1637174946,1,POST,/auth/modify-friend/,0.300000,0.000000,610,610,610,610,610,610,610,610,610,610,610,347,0,220,275.7809798270893,74,1132,1713.0
1637174946,1,GET,/public/,0.200000,0.000000,590,590,840,840,840,840,840,840,840,840,840,348,0,260,341.58045977011494,109,1483,10206.620689655172
1637174946,1,,Aggregated,1.400000,0.000000,590,650,660,710,790,1400,1400,1400,1400,1400,1400,2194,0,240,321.36599817684595,8,2059,5928.989516864175
1637174947,1,GET,/,0.100000,0.000000,660,660,660,660,660,660,660,660,660,660,660,544,0,280,358.3272058823529,111,1677,10241.430147058823
1637174947,1,POST,/,0.100000,0.000000,1400,1400,1400,1400,1400,1400,1400,1400,1400,1400,1400,84,0,690,806.2619047619048,296,2059,10150.059523809523
1637174947,1,GET,/auth/find-friends/,0.500000,0.000000,410,710,710,790,790,790,790,790,790,790,790,696,0,180,243.81896551724137,54,1382,1974.0
1637174947,1,GET,/auth/login/,0.000000,0.000000,0,0,0,0,0,0,0,0,0,0,0,1,0,597,597.0,597,597,2961.0
1637174947,1,POST,/auth/login/,0.100000,0.000000,340,340,340,340,340,340,340,340,340,340,340,88,0,340,522.2727272727273,153,1934,10387.613636363636
1637174947,1,GET,/auth/logout/,0.100000,0.000000,530,530,530,530,530,530,530,530,530,530,530,87,0,110,137.72413793103448,8,533,1712.0
1637174947,1,POST,/auth/modify-friend/,0.300000,0.000000,540,540,610,610,610,610,610,610,610,610,610,348,0,220,276.5344827586207,74,1132,1713.0
1637174947,1,GET,/public/,0.200000,0.000000,590,590,590,590,590,590,590,590,590,590,590,348,0,260,341.58045977011494,109,1483,10206.620689655172
1637174947,1,,Aggregated,1.400000,0.000000,540,590,660,710,790,1400,1400,1400,1400,1400,1400,2196,0,240,321.49225865209473,8,2059,5925.268670309654
1637174948,1,GET,/,0.200000,0.000000,660,660,660,660,660,660,660,660,660,660,660,544,0,280,358.3272058823529,111,1677,10241.430147058823
1637174948,1,POST,/,0.100000,0.000000,1400,1400,1400,1400,1400,1400,1400,1400,1400,1400,1400,84,0,690,806.2619047619048,296,2059,10150.059523809523
1637174948,1,GET,/auth/find-friends/,0.400000,0.000000,410,410,480,480,710,710,710,710,710,710,710,698,0,180,244.03151862464185,54,1382,1974.0
1637174948,1,GET,/auth/login/,0.000000,0.000000,0,0,0,0,0,0,0,0,0,0,0,1,0,597,597.0,597,597,2961.0
1637174948,1,POST,/auth/login/,0.100000,0.000000,340,340,340,340,340,340,340,340,340,340,340,88,0,340,522.2727272727273,153,1934,10387.613636363636
1637174948,1,GET,/auth/logout/,0.100000,0.000000,530,530,530,530,530,530,530,530,530,530,530,87,0,110,137.72413793103448,8,533,1712.0
1637174948,1,POST,/auth/modify-friend/,0.200000,0.000000,540,540,610,610,610,610,610,610,610,610,610,348,0,220,276.5344827586207,74,1132,1713.0
1637174948,1,GET,/public/,0.300000,0.000000,460,460,590,590,590,590,590,590,590,590,590,349,0,260,341.8395415472779,109,1483,10207.060171919771
1637174948,1,,Aggregated,1.400000,0.000000,530,540,590,590,710,1400,1400,1400,1400,1400,1400,2199,0,240,321.5393360618463,8,2059,5923.69167803547
1637174949,1,GET,/,0.200000,0.000000,660,660,660,660,660,660,660,660,660,660,660,544,0,280,358.3272058823529,111,1677,10241.430147058823
1637174949,1,POST,/,0.100000,0.000000,1400,1400,1400,1400,1400,1400,1400,1400,1400,1400,1400,84,0,690,806.2619047619048,296,2059,10150.059523809523
1637174949,1,GET,/auth/find-friends/,0.400000,0.000000,400,410,410,480,480,480,480,480,480,480,480,698,0,180,244.03151862464185,54,1382,1974.0
1637174949,1,GET,/auth/login/,0.000000,0.000000,0,0,0,0,0,0,0,0,0,0,0,1,0,597,597.0,597,597,2961.0
1637174949,1,POST,/auth/login/,0.100000,0.000000,340,340,340,340,340,340,340,340,340,340,340,88,0,340,522.2727272727273,153,1934,10387.613636363636
1637174949,1,GET,/auth/logout/,0.100000,0.000000,530,530,530,530,530,530,530,530,530,530,530,88,0,110,136.2840909090909,8,533,1712.0
1637174949,1,POST,/auth/modify-friend/,0.200000,0.000000,540,540,540,540,540,540,540,540,540,540,540,349,0,220,276.11747851002866,74,1132,1713.0
1637174949,1,GET,/public/,0.300000,0.000000,460,460,590,590,590,590,590,590,590,590,590,349,0,260,341.8395415472779,109,1483,10207.060171919771
1637174949,1,,Aggregated,1.400000,0.000000,460,530,540,540,660,1400,1400,1400,1400,1400,1400,2201,0,240,321.311676510677,8,2059,5919.865061335757
1637174950,1,GET,/,0.200000,0.000000,530,530,660,660,660,660,660,660,660,660,660,545,0,280,357.9908256880734,111,1677,10241.689908256882
1637174950,1,POST,/,0.100000,0.000000,1400,1400,1400,1400,1400,1400,1400,1400,1400,1400,1400,84,0,690,806.2619047619048,296,2059,10150.059523809523
1637174950,1,GET,/auth/find-friends/,0.500000,0.000000,380,400,410,410,480,480,480,480,480,480,480,700,0,180,243.6,54,1382,1974.0
1637174950,1,GET,/auth/login/,0.000000,0.000000,0,0,0,0,0,0,0,0,0,0,0,1,0,597,597.0,597,597,2961.0
1637174950,1,POST,/auth/login/,0.100000,0.000000,340,340,340,340,340,340,340,340,340,340,340,89,0,340,518.8651685393259,153,1934,10388.629213483146
1637174950,1,GET,/auth/logout/,0.100000,0.000000,530,530,530,530,530,530,530,530,530,530,530,88,0,110,136.2840909090909,8,533,1712.0
1637174950,1,POST,/auth/modify-friend/,0.300000,0.000000,540,540,540,540,540,540,540,540,540,540,540,349,0,220,276.11747851002866,74,1132,1713.0
1637174950,1,GET,/public/,0.300000,0.000000,460,460,590,590,590,590,590,590,590,590,590,350,0,260,341.37714285714287,109,1483,10207.097142857143
1637174950,1,,Aggregated,1.600000,0.000000,380,460,530,530,660,1400,1400,1400,1400,1400,1400,2206,0,240,320.92792384406164,8,2059,5922.326382592928
1637174951,1,GET,/,0.200000,0.000000,530,530,660,660,660,660,660,660,660,660,660,545,0,280,357.9908256880734,111,1677,10241.689908256882
1637174951,1,POST,/,0.100000,0.000000,1400,1400,1400,1400,1400,1400,1400,1400,1400,1400,1400,84,0,690,806.2619047619048,296,2059,10150.059523809523
1637174951,1,GET,/auth/find-friends/,0.500000,0.000000,380,400,410,410,480,480,480,480,480,480,480,700,0,180,243.6,54,1382,1974.0
1637174951,1,GET,/auth/login/,0.000000,0.000000,0,0,0,0,0,0,0,0,0,0,0,1,0,597,597.0,597,597,2961.0
1637174951,1,POST,/auth/login/,0.100000,0.000000,340,340,340,340,340,340,340,340,340,340,340,89,0,340,518.8651685393259,153,1934,10388.629213483146
1637174951,1,GET,/auth/logout/,0.100000,0.000000,11,11,530,530,530,530,530,530,530,530,530,89,0,110,134.85393258426967,8,533,1712.0
1637174951,1,POST,/auth/modify-friend/,0.300000,0.000000,540,540,540,540,540,540,540,540,540,540,540,350,0,220,275.66857142857145,74,1132,1713.0
1637174951,1,GET,/public/,0.300000,0.000000,460,460,590,590,590,590,590,590,590,590,590,350,0,260,341.37714285714287,109,1483,10207.097142857143
1637174951,1,,Aggregated,1.600000,0.000000,340,430,480,530,540,1400,1400,1400,1400,1400,1400,2208,0,240,320.6951992753623,8,2059,5918.513134057971
1637174952,1,GET,/,0.300000,0.000000,530,530,660,660,660,660,660,660,660,660,660,545,0,280,357.9908256880734,111,1677,10241.689908256882
1637174952,1,POST,/,0.100000,0.000000,1400,1400,1400,1400,1400,1400,1400,1400,1400,1400,1400,84,0,690,806.2619047619048,296,2059,10150.059523809523
1637174952,1,GET,/auth/find-friends/,0.500000,0.000000,150,380,400,410,480,480,480,480,480,480,480,702,0,180,243.1894586894587,54,1382,1974.0
1637174952,1,GET,/auth/login/,0.000000,0.000000,0,0,0,0,0,0,0,0,0,0,0,1,0,597,597.0,597,597,2961.0
1637174952,1,POST,/auth/login/,0.200000,0.000000,220,220,340,340,340,340,340,340,340,340,340,90,0,330,515.6,153,1934,10388.822222222223
1637174952,1,GET,/auth/logout/,0.200000,0.000000,11,11,530,530,530,530,530,530,530,530,530,89,0,110,134.85393258426967,8,533,1712.0
1637174952,1,POST,/auth/modify-friend/,0.300000,0.000000,130,540,540,540,540,540,540,540,540,540,540,351,0,220,275.22507122507125,74,1132,1713.0
1637174952,1,GET,/public/,0.300000,0.000000,430,430,460,460,460,460,460,460,460,460,460,351,0,260,340.9031339031339,109,1483,10207.131054131054
1637174952,1,,Aggregated,1.900000,0.000000,180,340,430,460,530,530,540,540,540,540,540,2213,0,240,320.295526434704,8,2059,5917.018978761862
1637174953,1,GET,/,0.300000,0.000000,180,330,330,530,530,530,530,530,530,530,530,548,0,280,357.29379562043795,111,1677,10243.094890510949
1637174953,1,POST,/,0.100000,0.000000,1400,1400,1400,1400,1400,1400,1400,1400,1400,1400,1400,84,0,690,806.2619047619048,296,2059,10150.059523809523
1637174953,1,GET,/auth/find-friends/,0.600000,0.000000,110,150,380,400,480,480,480,480,480,480,480,704,0,180,242.765625,54,1382,1974.0
1637174953,1,GET,/auth/login/,0.000000,0.000000,0,0,0,0,0,0,0,0,0,0,0,1,0,597,597.0,597,597,2961.0
1637174953,1,POST,/auth/login/,0.200000,0.000000,220,220,340,340,340,340,340,340,340,340,340,90,0,330,515.6,153,1934,10388.822222222223
1637174953,1,GET,/auth/logout/,0.300000,0.000000,11,11,530,530,530,530,530,530,530,530,530,89,0,110,134.85393258426967,8,533,1712.0
1637174953,1,POST,/auth/modify-friend/,0.300000,0.000000,120,130,130,540,540,540,540,540,540,540,540,352,0,220,274.78125,74,1132,1713.0
1637174953,1,GET,/public/,0.300000,0.000000,180,430,430,460,460,460,460,460,460,460,460,352,0,260,340.4431818181818,109,1483,10207.21875
1637174953,1,,Aggregated,2.100000,0.000000,180,220,340,400,480,530,540,540,540,540,540,2220,0,240,319.8162162162162,8,2059,5919.71036036036
1637174954,1,GET,/,0.200000,0.000000,180,330,330,530,530,530,530,530,530,530,530,548,0,280,357.29379562043795,111,1677,10243.094890510949
1637174954,1,POST,/,0.100000,0.000000,1400,1400,1400,1400,1400,1400,1400,1400,1400,1400,1400,84,0,690,806.2619047619048,296,2059,10150.059523809523
1637174954,1,GET,/auth/find-friends/,0.800000,0.000000,99,110,150,380,400,480,480,480,480,480,480,708,0,180,241.91525423728814,54,1382,1974.0
1637174954,1,GET,/auth/login/,0.000000,0.000000,0,0,0,0,0,0,0,0,0,0,0,1,0,597,597.0,597,597,2961.0
1637174954,1,POST,/auth/login/,0.300000,0.000000,220,220,340,340,340,340,340,340,340,340,340,90,0,330,515.6,153,1934,10388.822222222223
1637174954,1,GET,/auth/logout/,0.300000,0.000000,11,11,530,530,530,530,530,530,530,530,530,89,0,110,134.85393258426967,8,533,1712.0
1637174954,1,POST,/auth/modify-friend/,0.300000,0.000000,120,130,130,130,540,540,540,540,540,540,540,354,0,220,273.93502824858757,74,1132,1713.0
1637174954,1,GET,/public/,0.400000,0.000000,180,180,430,430,460,460,460,460,460,460,460,354,0,250,339.5367231638418,109,1483,10206.372881355932
1637174954,1,,Aggregated,2.400000,0.000000,150,180,220,330,460,530,540,540,540,540,540,2228,0,240,319.1072710951526,8,2059,5912.564631956912
1637174955,1,GET,/,0.200000,0.000000,180,180,330,330,530,530,530,530,530,530,530,549,0,280,356.959927140255,111,1677,10243.455373406194
1637174955,1,POST,/,0.100000,0.000000,1400,1400,1400,1400,1400,1400,1400,1400,1400,1400,1400,84,0,690,806.2619047619048,296,2059,10150.059523809523
1637174955,1,GET,/auth/find-friends/,0.800000,0.000000,97,110,150,150,400,480,480,480,480,480,480,710,0,170,241.4830985915493,54,1382,1974.0
1637174955,1,GET,/auth/login/,0.000000,0.000000,0,0,0,0,0,0,0,0,0,0,0,1,0,597,597.0,597,597,2961.0
1637174955,1,POST,/auth/login/,0.300000,0.000000,220,220,340,340,340,340,340,340,340,340,340,90,0,330,515.6,153,1934,10388.822222222223
1637174955,1,GET,/auth/logout/,0.300000,0.000000,9,9,11,11,11,11,11,11,11,11,11,90,0,100,133.45555555555555,8,533,1712.0
1637174955,1,POST,/auth/modify-friend/,0.300000,0.000000,120,130,130,130,540,540,540,540,540,540,540,355,0,220,273.512676056338,74,1132,1713.0
1637174955,1,GET,/public/,0.400000,0.000000,180,180,430,430,460,460,460,460,460,460,460,355,0,250,339.087323943662,109,1483,10205.859154929578
1637174955,1,,Aggregated,2.400000,0.000000,130,180,180,180,380,430,540,540,540,540,540,2234,0,240,318.54744852282903,8,2059,5909.145926589078
1637174956,1,GET,/,0.500000,0.000000,180,180,330,330,530,530,530,530,530,530,530,549,0,280,356.959927140255,111,1677,10243.455373406194
1637174956,1,POST,/,0.000000,0.000000,1400,1400,1400,1400,1400,1400,1400,1400,1400,1400,1400,84,0,690,806.2619047619048,296,2059,10150.059523809523
1637174956,1,GET,/auth/find-friends/,1.200000,0.000000,97,110,150,150,400,480,480,480,480,480,480,710,0,170,241.4830985915493,54,1382,1974.0
1637174956,1,GET,/auth/login/,0.000000,0.000000,0,0,0,0,0,0,0,0,0,0,0,1,0,597,597.0,597,597,2961.0
1637174956,1,POST,/auth/login/,0.300000,0.000000,220,220,300,300,300,300,300,300,300,300,300,91,0,330,513.2857142857143,153,1934,10389.131868131868
1637174956,1,GET,/auth/logout/,0.200000,0.000000,9,9,11,11,11,11,11,11,11,11,11,90,0,100,133.45555555555555,8,533,1712.0
1637174956,1,POST,/auth/modify-friend/,0.600000,0.000000,120,130,130,130,540,540,540,540,540,540,540,355,0,220,273.512676056338,74,1132,1713.0
1637174956,1,GET,/public/,0.700000,0.000000,180,180,180,180,430,430,430,430,430,430,430,355,0,250,339.087323943662,109,1483,10205.859154929578
1637174956,1,,Aggregated,3.500000,0.000000,130,180,180,180,330,480,540,540,540,540,540,2235,0,240,318.5413870246085,8,2059,5911.162863534676
1637174957,1,GET,/,0.600000,0.000000,180,180,330,330,450,450,450,450,450,450,450,551,0,280,356.8112522686025,111,1677,10244.072595281306
1637174957,1,POST,/,0.000000,0.000000,1400,1400,1400,1400,1400,1400,1400,1400,1400,1400,1400,84,0,690,806.2619047619048,296,2059,10150.059523809523
1637174957,1,GET,/auth/find-friends/,1.600000,0.000000,92,99,110,110,150,480,480,480,480,480,480,710,0,170,241.4830985915493,54,1382,1974.0
1637174957,1,GET,/auth/login/,0.000000,0.000000,0,0,0,0,0,0,0,0,0,0,0,1,0,597,597.0,597,597,2961.0
1637174957,1,POST,/auth/login/,0.200000,0.000000,220,220,300,300,300,300,300,300,300,300,300,91,0,330,513.2857142857143,153,1934,10389.131868131868
1637174957,1,GET,/auth/logout/,0.300000,0.000000,9,9,11,11,11,11,11,11,11,11,11,90,0,100,133.45555555555555,8,533,1712.0
1637174957,1,POST,/auth/modify-friend/,0.800000,0.000000,120,120,130,130,130,130,130,130,130,130,130,355,0,220,273.512676056338,74,1132,1713.0
1637174957,1,GET,/public/,0.800000,0.000000,180,180,320,320,430,430,430,430,430,430,430,356,0,250,339.03932584269666,109,1483,10205.814606741573
1637174957,1,,Aggregated,4.300000,0.000000,130,180,180,180,300,330,480,480,480,480,480,2238,0,240,318.5406613047364,8,2059,5917.098302055407
1637174958,1,GET,/,0.500000,0.000000,180,330,330,330,450,450,450,450,450,450,450,552,0,280,356.76630434782606,111,1677,10243.983695652174
1637174958,1,POST,/,0.000000,0.000000,1400,1400,1400,1400,1400,1400,1400,1400,1400,1400,1400,84,0,690,806.2619047619048,296,2059,10150.059523809523
1637174958,1,GET,/auth/find-friends/,1.600000,0.000000,97,110,150,150,290,480,480,480,480,480,480,712,0,180,241.47893258426967,54,1382,1974.0
1637174958,1,GET,/auth/login/,0.000000,0.000000,0,0,0,0,0,0,0,0,0,0,0,1,0,597,597.0,597,597,2961.0
1637174958,1,POST,/auth/login/,0.200000,0.000000,220,220,300,300,300,300,300,300,300,300,300,91,0,330,513.2857142857143,153,1934,10389.131868131868
1637174958,1,GET,/auth/logout/,0.300000,0.000000,9,9,11,11,11,11,11,11,11,11,11,90,0,100,133.45555555555555,8,533,1712.0
1637174958,1,POST,/auth/modify-friend/,0.800000,0.000000,120,130,130,130,220,220,220,220,220,220,220,356,0,220,273.37640449438203,74,1132,1713.0
1637174958,1,GET,/public/,0.700000,0.000000,180,180,180,180,320,320,320,320,320,320,320,356,0,250,339.03932584269666,109,1483,10205.814606741573
1637174958,1,,Aggregated,4.100000,0.000000,170,180,180,220,300,330,450,450,450,450,450,2242,0,240,318.4348795718109,8,2059,5913.613737734166
1637174959,1,GET,/,0.700000,0.000000,180,330,330,330,450,450,450,450,450,450,450,552,0,280,356.76630434782606,111,1677,10243.983695652174
1637174959,1,POST,/,0.000000,0.000000,1400,1400,1400,1400,1400,1400,1400,1400,1400,1400,1400,84,0,690,806.2619047619048,296,2059,10150.059523809523
1637174959,1,GET,/auth/find-friends/,1.400000,0.000000,97,110,180,180,270,290,290,290,290,290,290,714,0,180,241.42857142857142,54,1382,1974.0
1637174959,1,GET,/auth/login/,0.000000,0.000000,0,0,0,0,0,0,0,0,0,0,0,1,0,597,597.0,597,597,2961.0
1637174959,1,POST,/auth/login/,0.300000,0.000000,220,220,300,300,300,300,300,300,300,300,300,91,0,330,513.2857142857143,153,1934,10389.131868131868
1637174959,1,GET,/auth/logout/,0.300000,0.000000,9,9,9,9,9,9,9,9,9,9,9,90,0,100,133.45555555555555,8,533,1712.0
1637174959,1,POST,/auth/modify-friend/,0.800000,0.000000,120,120,130,130,220,220,220,220,220,220,220,356,0,220,273.37640449438203,74,1132,1713.0
1637174959,1,GET,/public/,0.700000,0.000000,180,180,320,320,460,460,460,460,460,460,460,357,0,260,339.38655462184875,109,1483,10205.173669467787
1637174959,1,,Aggregated,4.200000,0.000000,170,180,190,220,320,330,460,460,460,460,460,2245,0,240,318.41469933184857,8,2059,5911.914031180401
1637174960,1,GET,/,0.700000,0.000000,320,330,330,330,450,450,450,450,450,450,450,553,0,280,356.6998191681736,111,1677,10244.021699819168
1637174960,1,POST,/,0.000000,0.000000,0,0,0,0,0,0,0,0,0,0,0,84,0,690,806.2619047619048,296,2059,10150.059523809523
1637174960,1,GET,/auth/find-friends/,1.400000,0.000000,97,110,180,190,270,290,290,290,290,290,290,714,0,180,241.42857142857142,54,1382,1974.0
1637174960,1,GET,/auth/login/,0.000000,0.000000,0,0,0,0,0,0,0,0,0,0,0,1,0,597,597.0,597,597,2961.0
1637174960,1,POST,/auth/login/,0.300000,0.000000,300,300,300,300,300,300,300,300,300,300,300,91,0,330,513.2857142857143,153,1934,10389.131868131868
1637174960,1,GET,/auth/logout/,0.300000,0.000000,9,9,9,9,9,9,9,9,9,9,9,90,0,100,133.45555555555555,8,533,1712.0
1637174960,1,POST,/auth/modify-friend/,0.800000,0.000000,120,130,220,220,220,220,220,220,220,220,220,357,0,220,273.2296918767507,74,1132,1713.0
1637174960,1,GET,/public/,0.700000,0.000000,180,180,320,320,460,460,460,460,460,460,460,357,0,260,339.38655462184875,109,1483,10205.173669467787
1637174960,1,,Aggregated,4.200000,0.000000,180,180,220,290,330,450,460,460,460,460,460,2247,0,240,318.37205162438806,8,2059,5911.9826435247
1637174961,1,GET,/,0.800000,0.000000,300,320,330,330,450,450,450,450,450,450,450,555,0,280,356.46666666666664,111,1677,10244.245045045045
1637174961,1,POST,/,0.000000,0.000000,950,950,950,950,950,950,950,950,950,950,950,85,0,690,807.9764705882353,296,2059,10152.635294117646
1637174961,1,GET,/auth/find-friends/,1.500000,0.000000,97,110,180,190,270,290,290,290,290,290,290,714,0,180,241.42857142857142,54,1382,1974.0
1637174961,1,GET,/auth/login/,0.000000,0.000000,0,0,0,0,0,0,0,0,0,0,0,1,0,597,597.0,597,597,2961.0
1637174961,1,POST,/auth/login/,0.300000,0.000000,300,300,300,300,300,300,300,300,300,300,300,91,0,330,513.2857142857143,153,1934,10389.131868131868
1637174961,1,GET,/auth/logout/,0.200000,0.000000,9,9,9,9,9,9,9,9,9,9,9,90,0,100,133.45555555555555,8,533,1712.0
1637174961,1,POST,/auth/modify-friend/,0.700000,0.000000,120,130,220,220,220,220,220,220,220,220,220,357,0,220,273.2296918767507,74,1132,1713.0
1637174961,1,GET,/public/,0.800000,0.000000,180,180,320,320,460,460,460,460,460,460,460,357,0,260,339.38655462184875,109,1483,10205.173669467787
1637174961,1,,Aggregated,4.300000,0.000000,180,220,290,300,330,460,950,950,950,950,950,2250,0,240,318.63022222222224,8,2059,5917.869333333333
1637174962,1,GET,/,0.800000,0.000000,300,320,330,330,450,450,450,450,450,450,450,555,0,280,356.46666666666664,111,1677,10244.245045045045
1637174962,1,POST,/,0.000000,0.000000,950,950,950,950,950,950,950,950,950,950,950,86,0,690,808.5348837209302,296,2059,10154.337209302326
1637174962,1,GET,/auth/find-friends/,1.600000,0.000000,97,110,190,190,270,290,290,290,290,290,290,714,0,180,241.42857142857142,54,1382,1974.0
1637174962,1,GET,/auth/login/,0.000000,0.000000,0,0,0,0,0,0,0,0,0,0,0,1,0,597,597.0,597,597,2961.0
1637174962,1,POST,/auth/login/,0.200000,0.000000,300,300,300,300,300,300,300,300,300,300,300,91,0,330,513.2857142857143,153,1934,10389.131868131868
1637174962,1,GET,/auth/logout/,0.200000,0.000000,9,9,9,9,9,9,9,9,9,9,9,90,0,100,133.45555555555555,8,533,1712.0
1637174962,1,POST,/auth/modify-friend/,0.800000,0.000000,130,130,220,220,220,220,220,220,220,220,220,357,0,220,273.2296918767507,74,1132,1713.0
1637174962,1,GET,/public/,0.700000,0.000000,180,320,320,460,460,460,460,460,460,460,460,357,0,260,339.38655462184875,109,1483,10205.173669467787
1637174962,1,,Aggregated,4.300000,0.000000,180,270,300,320,450,860,950,950,950,950,950,2251,0,240,318.86894713460686,8,2059,5919.8156374944465
1637174963,1,GET,/,0.900000,0.000000,300,320,330,330,450,450,450,450,450,450,450,555,0,280,356.46666666666664,111,1677,10244.245045045045
1637174963,1,POST,/,0.100000,0.000000,950,950,950,950,950,950,950,950,950,950,950,86,0,690,808.5348837209302,296,2059,10154.337209302326
1637174963,1,GET,/auth/find-friends/,1.400000,0.000000,190,270,270,290,300,300,300,300,300,300,300,716,0,180,241.54888268156424,54,1382,1974.0
1637174963,1,GET,/auth/login/,0.000000,0.000000,0,0,0,0,0,0,0,0,0,0,0,1,0,597,597.0,597,597,2961.0
1637174963,1,POST,/auth/login/,0.200000,0.000000,300,300,300,300,300,300,300,300,300,300,300,91,0,330,513.2857142857143,153,1934,10389.131868131868
1637174963,1,GET,/auth/logout/,0.100000,0.000000,9,9,9,9,9,9,9,9,9,9,9,90,0,100,133.45555555555555,8,533,1712.0
1637174963,1,POST,/auth/modify-friend/,0.700000,0.000000,220,220,220,220,220,220,220,220,220,220,220,357,0,220,273.2296918767507,74,1132,1713.0
1637174963,1,GET,/public/,0.700000,0.000000,460,460,550,550,550,550,550,550,550,550,550,358,0,260,339.963687150838,109,1483,10205.153631284917
1637174963,1,,Aggregated,4.100000,0.000000,270,300,320,330,550,860,950,950,950,950,950,2254,0,240,318.9392191659272,8,2059,5918.212511091393
1637174964,1,GET,/,1.000000,0.000000,290,300,320,330,450,450,450,450,450,450,450,557,0,280,356.21184919210054,111,1677,10244.983842010772
1637174964,1,POST,/,0.100000,0.000000,950,950,950,950,950,950,950,950,950,950,950,86,0,690,808.5348837209302,296,2059,10154.337209302326
1637174964,1,GET,/auth/find-friends/,1.200000,0.000000,190,270,270,290,300,300,300,300,300,300,300,716,0,180,241.54888268156424,54,1382,1974.0
1637174964,1,GET,/auth/login/,0.000000,0.000000,0,0,0,0,0,0,0,0,0,0,0,1,0,597,597.0,597,597,2961.0
1637174964,1,POST,/auth/login/,0.100000,0.000000,300,300,300,300,300,300,300,300,300,300,300,91,0,330,513.2857142857143,153,1934,10389.131868131868
1637174964,1,GET,/auth/logout/,0.100000,0.000000,9,9,9,9,9,9,9,9,9,9,9,90,0,100,133.45555555555555,8,533,1712.0
1637174964,1,POST,/auth/modify-friend/,0.700000,0.000000,220,220,220,340,340,340,340,340,340,340,340,358,0,220,273.4078212290503,74,1132,1713.0
1637174964,1,GET,/public/,0.600000,0.000000,460,460,550,550,550,550,550,550,550,550,550,358,0,260,339.963687150838,109,1483,10205.153631284917
1637174964,1,,Aggregated,3.800000,0.000000,280,300,320,330,460,860,950,950,950,950,950,2257,0,240,318.9175897208684,8,2059,5920.365086397874
1637174965,1,GET,/,0.700000,0.000000,300,320,330,330,450,450,450,450,450,450,450,557,0,280,356.21184919210054,111,1677,10244.983842010772
1637174965,1,POST,/,0.200000,0.000000,950,950,950,950,950,950,950,950,950,950,950,86,0,690,808.5348837209302,296,2059,10154.337209302326
1637174965,1,GET,/auth/find-friends/,1.300000,0.000000,270,280,290,290,300,300,300,300,300,300,300,718,0,180,241.5208913649025,54,1382,1974.0
1637174965,1,GET,/auth/login/,0.000000,0.000000,0,0,0,0,0,0,0,0,0,0,0,1,0,597,597.0,597,597,2961.0
1637174965,1,POST,/auth/login/,0.100000,0.000000,300,300,300,300,300,300,300,300,300,300,300,91,0,330,513.2857142857143,153,1934,10389.131868131868
1637174965,1,GET,/auth/logout/,0.100000,0.000000,9,9,9,9,9,9,9,9,9,9,9,90,0,100,133.45555555555555,8,533,1712.0
1637174965,1,POST,/auth/modify-friend/,0.600000,0.000000,240,240,340,340,340,340,340,340,340,340,340,359,0,220,273.30640668523677,74,1132,1713.0
1637174965,1,GET,/public/,0.600000,0.000000,460,460,550,550,550,550,550,550,550,550,550,359,0,260,340.03621169916437,109,1483,10204.816155988858
1637174965,1,,Aggregated,3.600000,0.000000,290,320,340,370,550,860,950,950,950,950,950,2261,0,240,318.8248562582928,8,2059,5916.8549314462625
1637174966,1,GET,/,0.700000,0.000000,320,330,340,400,450,450,450,450,450,450,450,559,0,280,356.27191413237927,111,1677,10245.037567084079
1637174966,1,POST,/,0.200000,0.000000,950,950,950,950,950,950,950,950,950,950,950,86,0,690,808.5348837209302,296,2059,10154.337209302326
1637174966,1,GET,/auth/find-friends/,1.300000,0.000000,270,280,290,290,300,300,300,300,300,300,300,718,0,180,241.5208913649025,54,1382,1974.0
1637174966,1,GET,/auth/login/,0.000000,0.000000,0,0,0,0,0,0,0,0,0,0,0,1,0,597,597.0,597,597,2961.0
1637174966,1,POST,/auth/login/,0.100000,0.000000,300,300,300,300,300,300,300,300,300,300,300,91,0,330,513.2857142857143,153,1934,10389.131868131868
1637174966,1,GET,/auth/logout/,0.100000,0.000000,9,9,9,9,9,9,9,9,9,9,9,90,0,100,133.45555555555555,8,533,1712.0
1637174966,1,POST,/auth/modify-friend/,0.600000,0.000000,240,240,340,340,340,340,340,340,340,340,340,359,0,220,273.30640668523677,74,1132,1713.0
1637174966,1,GET,/public/,0.600000,0.000000,460,460,550,550,550,550,550,550,550,550,550,359,0,260,340.03621169916437,109,1483,10204.816155988858
1637174966,1,,Aggregated,3.600000,0.000000,300,330,340,370,550,860,950,950,950,950,950,2263,0,240,318.87273530711445,8,2059,5920.69332744145
1637174967,1,GET,/,0.800000,0.000000,320,330,340,400,410,410,410,410,410,410,410,561,0,280,356.27807486631013,111,1677,10245.367201426025
1637174967,1,POST,/,0.200000,0.000000,950,950,950,950,950,950,950,950,950,950,950,86,0,690,808.5348837209302,296,2059,10154.337209302326
1637174967,1,GET,/auth/find-friends/,1.000000,0.000000,270,270,280,280,300,300,300,300,300,300,300,718,0,180,241.5208913649025,54,1382,1974.0
1637174967,1,GET,/auth/login/,0.000000,0.000000,0,0,0,0,0,0,0,0,0,0,0,1,0,597,597.0,597,597,2961.0
1637174967,1,POST,/auth/login/,0.100000,0.000000,300,300,300,300,300,300,300,300,300,300,300,91,0,330,513.2857142857143,153,1934,10389.131868131868
1637174967,1,GET,/auth/logout/,0.100000,0.000000,9,9,9,9,9,9,9,9,9,9,9,90,0,100,133.45555555555555,8,533,1712.0
1637174967,1,POST,/auth/modify-friend/,0.500000,0.000000,240,240,340,340,340,340,340,340,340,340,340,359,0,220,273.30640668523677,74,1132,1713.0
1637174967,1,GET,/public/,0.400000,0.000000,460,460,550,550,550,550,550,550,550,550,550,359,0,260,340.03621169916437,109,1483,10204.816155988858
1637174967,1,,Aggregated,3.100000,0.000000,310,340,400,410,550,860,950,950,950,950,950,2265,0,240,318.9072847682119,8,2059,5924.593377483444
1637174968,1,GET,/,1.000000,0.000000,310,320,340,400,410,410,410,410,410,410,410,561,0,280,356.27807486631013,111,1677,10245.367201426025
1637174968,1,POST,/,0.200000,0.000000,860,860,950,950,950,950,950,950,950,950,950,87,0,700,807.8275862068965,296,2059,10158.655172413793
1637174968,1,GET,/auth/find-friends/,0.800000,0.000000,280,280,290,290,300,300,300,300,300,300,300,719,0,180,241.5910987482615,54,1382,1974.0
1637174968,1,GET,/auth/login/,0.000000,0.000000,0,0,0,0,0,0,0,0,0,0,0,1,0,597,597.0,597,597,2961.0
1637174968,1,POST,/auth/login/,0.100000,0.000000,300,300,300,300,300,300,300,300,300,300,300,91,0,330,513.2857142857143,153,1934,10389.131868131868
1637174968,1,GET,/auth/logout/,0.000000,0.000000,9,9,9,9,9,9,9,9,9,9,9,90,0,100,133.45555555555555,8,533,1712.0
1637174968,1,POST,/auth/modify-friend/,0.400000,0.000000,240,240,340,340,340,340,340,340,340,340,340,359,0,220,273.30640668523677,74,1132,1713.0
1637174968,1,GET,/public/,0.400000,0.000000,530,530,550,550,550,550,550,550,550,550,550,360,0,260,340.56111111111113,109,1483,10205.155555555555
1637174968,1,,Aggregated,2.900000,0.000000,310,340,410,530,750,860,950,950,950,950,950,2268,0,240,319.1768077601411,8,2059,5926.823192239859
1637174969,1,GET,/,1.000000,0.000000,310,340,400,410,420,420,420,420,420,420,420,562,0,280,356.38790035587186,111,1677,10245.809608540925
1637174969,1,POST,/,0.200000,0.000000,860,860,950,950,950,950,950,950,950,950,950,87,0,700,807.8275862068965,296,2059,10158.655172413793
1637174969,1,GET,/auth/find-friends/,0.800000,0.000000,270,280,290,290,300,300,300,300,300,300,300,720,0,180,241.46805555555557,54,1382,1974.0
1637174969,1,GET,/auth/login/,0.000000,0.000000,0,0,0,0,0,0,0,0,0,0,0,1,0,597,597.0,597,597,2961.0
1637174969,1,POST,/auth/login/,0.000000,0.000000,300,300,300,300,300,300,300,300,300,300,300,91,0,330,513.2857142857143,153,1934,10389.131868131868
1637174969,1,GET,/auth/logout/,0.000000,0.000000,9,9,9,9,9,9,9,9,9,9,9,90,0,100,133.45555555555555,8,533,1712.0
1637174969,1,POST,/auth/modify-friend/,0.400000,0.000000,260,260,340,340,340,340,340,340,340,340,340,360,0,220,273.28055555555557,74,1132,1713.0
1637174969,1,GET,/public/,0.400000,0.000000,530,530,550,550,550,550,550,550,550,550,550,360,0,260,340.56111111111113,109,1483,10205.155555555555
1637174969,1,,Aggregated,2.800000,0.000000,310,370,420,530,750,860,950,950,950,950,950,2271,0,240,319.12285336856013,8,2059,5925.238221047996
1637174970,1,GET,/,1.000000,0.000000,310,360,400,400,410,420,420,420,420,420,420,565,0,280,356.1132743362832,111,1677,10247.495575221239
1637174970,1,POST,/,0.300000,0.000000,860,860,950,950,950,950,950,950,950,950,950,87,0,700,807.8275862068965,296,2059,10158.655172413793
1637174970,1,GET,/auth/find-friends/,0.600000,0.000000,280,280,290,290,300,300,300,300,300,300,300,720,0,180,241.46805555555557,54,1382,1974.0
1637174970,1,GET,/auth/login/,0.000000,0.000000,0,0,0,0,0,0,0,0,0,0,0,1,0,597,597.0,597,597,2961.0
1637174970,1,POST,/auth/login/,0.000000,0.000000,300,300,300,300,300,300,300,300,300,300,300,91,0,330,513.2857142857143,153,1934,10389.131868131868
1637174970,1,GET,/auth/logout/,0.000000,0.000000,9,9,9,9,9,9,9,9,9,9,9,90,0,100,133.45555555555555,8,533,1712.0
1637174970,1,POST,/auth/modify-friend/,0.300000,0.000000,260,260,340,340,340,340,340,340,340,340,340,360,0,220,273.28055555555557,74,1132,1713.0
1637174970,1,GET,/public/,0.400000,0.000000,530,530,550,550,550,550,550,550,550,550,550,360,0,260,340.56111111111113,109,1483,10205.155555555555
1637174970,1,,Aggregated,2.600000,0.000000,300,360,400,420,550,750,860,860,860,860,860,2274,0,240,319.103781882146,8,2059,5931.35708003518
1637174971,1,GET,/,1.000000,0.000000,310,360,400,410,410,420,420,420,420,420,420,567,0,280,356.0811287477954,111,1677,10248.599647266314
1637174971,1,POST,/,0.300000,0.000000,860,860,860,860,860,860,860,860,860,860,860,87,0,700,807.8275862068965,296,2059,10158.655172413793
1637174971,1,GET,/auth/find-friends/,0.600000,0.000000,280,280,290,290,300,300,300,300,300,300,300,720,0,180,241.46805555555557,54,1382,1974.0
1637174971,1,GET,/auth/login/,0.000000,0.000000,0,0,0,0,0,0,0,0,0,0,0,1,0,597,597.0,597,597,2961.0
1637174971,1,POST,/auth/login/,0.000000,0.000000,300,300,300,300,300,300,300,300,300,300,300,91,0,330,513.2857142857143,153,1934,10389.131868131868
1637174971,1,GET,/auth/logout/,0.000000,0.000000,9,9,9,9,9,9,9,9,9,9,9,90,0,100,133.45555555555555,8,533,1712.0
1637174971,1,POST,/auth/modify-friend/,0.300000,0.000000,260,260,340,340,340,340,340,340,340,340,340,360,0,220,273.28055555555557,74,1132,1713.0
1637174971,1,GET,/public/,0.400000,0.000000,530,530,550,550,550,550,550,550,550,550,550,360,0,260,340.56111111111113,109,1483,10205.155555555555
1637174971,1,,Aggregated,2.600000,0.000000,310,370,410,410,550,750,860,860,860,860,860,2276,0,240,319.12829525483306,8,2059,5935.424868189807
1637174972,1,GET,/,1.100000,0.000000,340,360,410,410,410,420,420,420,420,420,420,567,0,280,356.0811287477954,111,1677,10248.599647266314
1637174972,1,POST,/,0.300000,0.000000,750,750,860,860,860,860,860,860,860,860,860,88,0,700,806.9886363636364,296,2059,10164.261363636364
1637174972,1,GET,/auth/find-friends/,0.600000,0.000000,290,290,300,300,430,430,430,430,430,430,430,721,0,180,241.72815533980582,54,1382,1974.0
1637174972,1,GET,/auth/login/,0.000000,0.000000,0,0,0,0,0,0,0,0,0,0,0,1,0,597,597.0,597,597,2961.0
1637174972,1,POST,/auth/login/,0.000000,0.000000,300,300,300,300,300,300,300,300,300,300,300,91,0,330,513.2857142857143,153,1934,10389.131868131868
1637174972,1,GET,/auth/logout/,0.000000,0.000000,0,0,0,0,0,0,0,0,0,0,0,90,0,100,133.45555555555555,8,533,1712.0
1637174972,1,POST,/auth/modify-friend/,0.300000,0.000000,260,260,340,340,340,340,340,340,340,340,340,360,0,220,273.28055555555557,74,1132,1713.0
1637174972,1,GET,/public/,0.300000,0.000000,530,530,550,550,550,550,550,550,550,550,550,361,0,260,340.50692520775624,109,1483,10205.349030470914
1637174972,1,,Aggregated,2.600000,0.000000,320,370,410,410,530,730,750,750,750,750,750,2279,0,240,319.3593681439228,8,2059,5937.66037735849
1637174973,1,GET,/,1.300000,0.000000,340,380,400,410,410,420,420,420,420,420,420,569,0,280,356.0597539543058,111,1677,10249.059753954305
1637174973,1,POST,/,0.200000,0.000000,750,750,860,860,860,860,860,860,860,860,860,88,0,700,806.9886363636364,296,2059,10164.261363636364
1637174973,1,GET,/auth/find-friends/,0.600000,0.000000,280,280,290,290,430,430,430,430,430,430,430,722,0,180,241.66204986149583,54,1382,1974.0
1637174973,1,GET,/auth/login/,0.000000,0.000000,0,0,0,0,0,0,0,0,0,0,0,1,0,597,597.0,597,597,2961.0
1637174973,1,POST,/auth/login/,0.000000,0.000000,300,300,300,300,300,300,300,300,300,300,300,91,0,330,513.2857142857143,153,1934,10389.131868131868
1637174973,1,GET,/auth/logout/,0.000000,0.000000,0,0,0,0,0,0,0,0,0,0,0,90,0,100,133.45555555555555,8,533,1712.0
1637174973,1,POST,/auth/modify-friend/,0.300000,0.000000,260,260,340,340,340,340,340,340,340,340,340,361,0,220,273.1662049861496,74,1132,1713.0
1637174973,1,GET,/public/,0.300000,0.000000,370,370,530,530,530,530,530,530,530,530,530,361,0,260,340.50692520775624,109,1483,10205.349030470914
1637174973,1,,Aggregated,2.700000,0.000000,320,370,410,410,530,730,750,750,750,750,750,2283,0,240,319.29303547963207,8,2059,5937.9649583880855
1637174974,1,GET,/,1.300000,0.000000,340,380,400,410,410,420,420,420,420,420,420,570,0,280,355.93333333333334,111,1677,10249.129824561403
1637174974,1,POST,/,0.200000,0.000000,750,750,750,750,750,750,750,750,750,750,750,88,0,700,806.9886363636364,296,2059,10164.261363636364
1637174974,1,GET,/auth/find-friends/,0.600000,0.000000,280,280,290,290,430,430,430,430,430,430,430,722,0,180,241.66204986149583,54,1382,1974.0
1637174974,1,GET,/auth/login/,0.000000,0.000000,0,0,0,0,0,0,0,0,0,0,0,1,0,597,597.0,597,597,2961.0
1637174974,1,POST,/auth/login/,0.000000,0.000000,0,0,0,0,0,0,0,0,0,0,0,91,0,330,513.2857142857143,153,1934,10389.131868131868
1637174974,1,GET,/auth/logout/,0.000000,0.000000,0,0,0,0,0,0,0,0,0,0,0,90,0,100,133.45555555555555,8,533,1712.0
1637174974,1,POST,/auth/modify-friend/,0.300000,0.000000,240,240,260,260,260,260,260,260,260,260,260,361,0,220,273.1662049861496,74,1132,1713.0
1637174974,1,GET,/public/,0.300000,0.000000,370,370,530,530,530,530,530,530,530,530,530,361,0,260,340.50692520775624,109,1483,10205.349030470914
1637174974,1,,Aggregated,2.700000,0.000000,320,380,410,420,530,730,750,750,750,750,750,2284,0,240,319.2775831873905,8,2059,5939.86996497373
1637174975,1,GET,/,1.300000,0.000000,360,390,400,410,410,420,420,420,420,420,420,572,0,280,356.0856643356643,111,1677,10249.755244755244
1637174975,1,POST,/,0.200000,0.000000,750,750,760,760,760,760,760,760,760,760,760,89,0,720,806.4044943820224,296,2059,10165.707865168539
1637174975,1,GET,/auth/find-friends/,0.700000,0.000000,280,280,290,290,430,430,430,430,430,430,430,722,0,180,241.66204986149583,54,1382,1974.0
1637174975,1,GET,/auth/login/,0.000000,0.000000,0,0,0,0,0,0,0,0,0,0,0,1,0,597,597.0,597,597,2961.0
1637174975,1,POST,/auth/login/,0.000000,0.000000,0,0,0,0,0,0,0,0,0,0,0,91,0,330,513.2857142857143,153,1934,10389.131868131868
1637174975,1,GET,/auth/logout/,0.000000,0.000000,0,0,0,0,0,0,0,0,0,0,0,90,0,100,133.45555555555555,8,533,1712.0
1637174975,1,POST,/auth/modify-friend/,0.400000,0.000000,240,240,260,260,260,260,260,260,260,260,260,361,0,220,273.1662049861496,74,1132,1713.0
1637174975,1,GET,/public/,0.300000,0.000000,530,530,530,530,530,530,530,530,530,530,530,361,0,260,340.50692520775624,109,1483,10205.349030470914
1637174975,1,,Aggregated,2.900000,0.000000,360,400,420,430,730,750,760,760,760,760,760,2287,0,240,319.5382597289025,8,2059,5945.6982947092265
1637174976,1,GET,/,1.400000,0.000000,360,390,400,410,410,420,420,420,420,420,420,572,0,280,356.0856643356643,111,1677,10249.755244755244
1637174976,1,POST,/,0.200000,0.000000,750,750,760,760,760,760,760,760,760,760,760,89,0,720,806.4044943820224,296,2059,10165.707865168539
1637174976,1,GET,/auth/find-friends/,0.600000,0.000000,210,210,290,290,430,430,430,430,430,430,430,724,0,180,241.5414364640884,54,1382,1974.0
1637174976,1,GET,/auth/login/,0.000000,0.000000,0,0,0,0,0,0,0,0,0,0,0,1,0,597,597.0,597,597,2961.0
1637174976,1,POST,/auth/login/,0.000000,0.000000,0,0,0,0,0,0,0,0,0,0,0,91,0,330,513.2857142857143,153,1934,10389.131868131868
1637174976,1,GET,/auth/logout/,0.000000,0.000000,0,0,0,0,0,0,0,0,0,0,0,90,0,100,133.45555555555555,8,533,1712.0
1637174976,1,POST,/auth/modify-friend/,0.300000,0.000000,260,260,260,260,260,260,260,260,260,260,260,362,0,220,273.1436464088398,74,1132,1713.0
1637174976,1,GET,/public/,0.300000,0.000000,380,380,530,530,530,530,530,530,530,530,530,362,0,260,340.6022099447514,109,1483,10205.477900552487
1637174976,1,,Aggregated,2.800000,0.000000,320,390,410,420,730,750,760,760,760,760,760,2291,0,240,319.4325621999127,8,2059,5942.2632038411175
1637174977,1,GET,/,1.400000,0.000000,380,390,400,400,410,420,420,420,420,420,420,573,0,280,356.15532286212914,111,1677,10250.216404886562
1637174977,1,POST,/,0.200000,0.000000,750,750,760,760,760,760,760,760,760,760,760,89,0,720,806.4044943820224,296,2059,10165.707865168539
1637174977,1,GET,/auth/find-friends/,0.600000,0.000000,210,210,290,290,430,430,430,430,430,430,430,724,0,180,241.5414364640884,54,1382,1974.0
1637174977,1,GET,/auth/login/,0.000000,0.000000,0,0,0,0,0,0,0,0,0,0,0,1,0,597,597.0,597,597,2961.0
1637174977,1,POST,/auth/login/,0.000000,0.000000,0,0,0,0,0,0,0,0,0,0,0,91,0,330,513.2857142857143,153,1934,10389.131868131868
1637174977,1,GET,/auth/logout/,0.000000,0.000000,0,0,0,0,0,0,0,0,0,0,0,90,0,100,133.45555555555555,8,533,1712.0
1637174977,1,POST,/auth/modify-friend/,0.300000,0.000000,260,260,260,260,260,260,260,260,260,260,260,362,0,220,273.1436464088398,74,1132,1713.0
1637174977,1,GET,/public/,0.300000,0.000000,380,380,530,530,530,530,530,530,530,530,530,362,0,260,340.6022099447514,109,1483,10205.477900552487
1637174977,1,,Aggregated,2.800000,0.000000,320,380,400,410,430,730,760,760,760,760,760,2292,0,240,319.4659685863874,8,2059,5944.257853403142
1637174978,1,GET,/,1.400000,0.000000,380,390,400,400,410,420,420,420,420,420,420,573,0,280,356.15532286212914,111,1677,10250.216404886562
1637174978,1,POST,/,0.300000,0.000000,760,760,970,970,970,970,970,970,970,970,970,90,0,720,808.2555555555556,296,2059,10169.511111111111
1637174978,1,GET,/auth/find-friends/,0.400000,0.000000,210,210,290,290,430,430,430,430,430,430,430,724,0,180,241.5414364640884,54,1382,1974.0
1637174978,1,GET,/auth/login/,0.000000,0.000000,0,0,0,0,0,0,0,0,0,0,0,1,0,597,597.0,597,597,2961.0
1637174978,1,POST,/auth/login/,0.000000,0.000000,0,0,0,0,0,0,0,0,0,0,0,91,0,330,513.2857142857143,153,1934,10389.131868131868
1637174978,1,GET,/auth/logout/,0.000000,0.000000,100,100,100,100,100,100,100,100,100,100,100,91,0,100,133.0989010989011,8,533,1712.0
1637174978,1,POST,/auth/modify-friend/,0.300000,0.000000,260,260,260,260,260,260,260,260,260,260,260,362,0,220,273.1436464088398,74,1132,1713.0
1637174978,1,GET,/public/,0.200000,0.000000,380,380,530,530,530,530,530,530,530,530,530,362,0,260,340.6022099447514,109,1483,10205.477900552487
1637174978,1,,Aggregated,2.600000,0.000000,360,390,410,420,730,760,970,970,970,970,970,2294,0,240,319.6556233653008,8,2059,5944.40235396687
1637174979,1,GET,/,1.200000,0.000000,380,390,400,400,410,410,410,410,410,410,410,573,0,280,356.15532286212914,111,1677,10250.216404886562
1637174979,1,POST,/,0.300000,0.000000,760,760,970,970,970,970,970,970,970,970,970,90,0,720,808.2555555555556,296,2059,10169.511111111111
1637174979,1,GET,/auth/find-friends/,0.600000,0.000000,210,210,290,290,430,430,430,430,430,430,430,724,0,180,241.5414364640884,54,1382,1974.0
1637174979,1,GET,/auth/login/,0.000000,0.000000,0,0,0,0,0,0,0,0,0,0,0,1,0,597,597.0,597,597,2961.0
1637174979,1,POST,/auth/login/,0.000000,0.000000,0,0,0,0,0,0,0,0,0,0,0,92,0,330,511.6304347826087,153,1934,10391.565217391304
1637174979,1,GET,/auth/logout/,0.000000,0.000000,100,100,100,100,100,100,100,100,100,100,100,91,0,100,133.0989010989011,8,533,1712.0
1637174979,1,POST,/auth/modify-friend/,0.300000,0.000000,260,260,260,260,260,260,260,260,260,260,260,362,0,220,273.1436464088398,74,1132,1713.0
1637174979,1,GET,/public/,0.300000,0.000000,380,380,380,380,380,380,380,380,380,380,380,362,0,260,340.6022099447514,109,1483,10205.477900552487
1637174979,1,,Aggregated,2.700000,0.000000,360,390,400,410,730,760,970,970,970,970,970,2295,0,240,319.67363834422656,8,2059,5946.436601307189
1637174980,1,GET,/,1.200000,0.000000,380,390,400,400,410,410,410,410,410,410,410,573,0,280,356.15532286212914,111,1677,10250.216404886562
1637174980,1,POST,/,0.300000,0.000000,760,760,970,970,970,970,970,970,970,970,970,90,0,720,808.2555555555556,296,2059,10169.511111111111
1637174980,1,GET,/auth/find-friends/,0.600000,0.000000,260,260,280,280,430,430,430,430,430,430,430,726,0,180,241.6267217630854,54,1382,1974.0
1637174980,1,GET,/auth/login/,0.000000,0.000000,0,0,0,0,0,0,0,0,0,0,0,1,0,597,597.0,597,597,2961.0
1637174980,1,POST,/auth/login/,0.000000,0.000000,360,360,360,360,360,360,360,360,360,360,360,92,0,330,511.6304347826087,153,1934,10391.565217391304
1637174980,1,GET,/auth/logout/,0.100000,0.000000,100,100,100,100,100,100,100,100,100,100,100,91,0,100,133.0989010989011,8,533,1712.0
1637174980,1,POST,/auth/modify-friend/,0.300000,0.000000,230,230,260,260,260,260,260,260,260,260,260,363,0,220,273.0137741046832,74,1132,1713.0
1637174980,1,GET,/public/,0.200000,0.000000,340,340,380,380,380,380,380,380,380,380,380,363,0,260,340.60330578512395,109,1483,10205.953168044078
1637174980,1,,Aggregated,2.700000,0.000000,320,380,400,400,730,760,970,970,970,970,970,2299,0,240,319.60113092648976,8,2059,5943.066985645933
1637174981,1,GET,/,1.200000,0.000000,380,390,400,400,400,400,400,400,400,400,400,574,0,280,356.10452961672473,111,1677,10250.907665505227
1637174981,1,POST,/,0.300000,0.000000,760,760,970,970,970,970,970,970,970,970,970,90,0,720,808.2555555555556,296,2059,10169.511111111111
1637174981,1,GET,/auth/find-friends/,0.400000,0.000000,260,280,410,410,430,430,430,430,430,430,430,727,0,180,241.85557083906465,54,1382,1974.0
1637174981,1,GET,/auth/login/,0.000000,0.000000,0,0,0,0,0,0,0,0,0,0,0,1,0,597,597.0,597,597,2961.0
1637174981,1,POST,/auth/login/,0.000000,0.000000,360,360,360,360,360,360,360,360,360,360,360,92,0,330,511.6304347826087,153,1934,10391.565217391304
1637174981,1,GET,/auth/logout/,0.100000,0.000000,100,100,100,100,100,100,100,100,100,100,100,91,0,100,133.0989010989011,8,533,1712.0
1637174981,1,POST,/auth/modify-friend/,0.200000,0.000000,230,230,260,260,260,260,260,260,260,260,260,363,0,220,273.0137741046832,74,1132,1713.0
1637174981,1,GET,/public/,0.200000,0.000000,380,380,420,420,420,420,420,420,420,420,420,364,0,260,340.8241758241758,109,1483,10206.403846153846
1637174981,1,,Aggregated,2.400000,0.000000,340,380,400,410,430,760,970,970,970,970,970,2302,0,240,319.6867940920938,8,2059,5945.3092962641185
1637174982,1,GET,/,0.900000,0.000000,390,390,400,400,400,400,400,400,400,400,400,574,0,280,356.10452961672473,111,1677,10250.907665505227
1637174982,1,POST,/,0.300000,0.000000,970,970,970,970,970,970,970,970,970,970,970,90,0,720,808.2555555555556,296,2059,10169.511111111111
1637174982,1,GET,/auth/find-friends/,0.600000,0.000000,280,410,430,430,460,460,460,460,460,460,460,728,0,180,242.15934065934067,54,1382,1974.0
1637174982,1,GET,/auth/login/,0.000000,0.000000,0,0,0,0,0,0,0,0,0,0,0,1,0,597,597.0,597,597,2961.0
1637174982,1,POST,/auth/login/,0.100000,0.000000,360,360,360,360,360,360,360,360,360,360,360,92,0,330,511.6304347826087,153,1934,10391.565217391304
1637174982,1,GET,/auth/logout/,0.100000,0.000000,100,100,100,100,100,100,100,100,100,100,100,91,0,100,133.0989010989011,8,533,1712.0
1637174982,1,POST,/auth/modify-friend/,0.200000,0.000000,260,260,340,340,340,340,340,340,340,340,340,364,0,220,273.20604395604397,74,1132,1713.0
1637174982,1,GET,/public/,0.300000,0.000000,380,380,420,420,420,420,420,420,420,420,420,364,0,260,340.8241758241758,109,1483,10206.403846153846
1637174982,1,,Aggregated,2.500000,0.000000,360,390,400,410,460,760,970,970,970,970,970,2304,0,240,319.7591145833333,8,2059,5941.748697916667
1637174983,1,GET,/,0.700000,0.000000,400,400,400,400,400,400,400,400,400,400,400,574,0,280,356.10452961672473,111,1677,10250.907665505227
1637174983,1,POST,/,0.300000,0.000000,970,970,970,970,970,970,970,970,970,970,970,90,0,720,808.2555555555556,296,2059,10169.511111111111
1637174983,1,GET,/auth/find-friends/,0.600000,0.000000,260,280,410,410,460,460,460,460,460,460,460,730,0,180,242.04657534246576,54,1382,1974.0
1637174983,1,GET,/auth/login/,0.000000,0.000000,0,0,0,0,0,0,0,0,0,0,0,1,0,597,597.0,597,597,2961.0
1637174983,1,POST,/auth/login/,0.100000,0.000000,360,360,360,360,360,360,360,360,360,360,360,92,0,330,511.6304347826087,153,1934,10391.565217391304
1637174983,1,GET,/auth/logout/,0.100000,0.000000,100,100,100,100,100,100,100,100,100,100,100,91,0,100,133.0989010989011,8,533,1712.0
1637174983,1,POST,/auth/modify-friend/,0.300000,0.000000,260,340,340,360,360,360,360,360,360,360,360,365,0,220,273.44109589041096,74,1132,1713.0
1637174983,1,GET,/public/,0.400000,0.000000,380,380,420,420,420,420,420,420,420,420,420,365,0,270,340.68219178082194,109,1483,10206.923287671232
1637174983,1,,Aggregated,2.500000,0.000000,340,380,400,410,460,760,970,970,970,970,970,2308,0,240,319.6598786828423,8,2059,5938.408145580589
1637174984,1,GET,/,0.700000,0.000000,400,400,650,650,650,650,650,650,650,650,650,575,0,290,356.615652173913,111,1677,10251.278260869565
1637174984,1,POST,/,0.200000,0.000000,970,970,970,970,970,970,970,970,970,970,970,90,0,720,808.2555555555556,296,2059,10169.511111111111
1637174984,1,GET,/auth/find-friends/,0.800000,0.000000,260,280,410,410,460,460,460,460,460,460,460,730,0,180,242.04657534246576,54,1382,1974.0
1637174984,1,GET,/auth/login/,0.000000,0.000000,0,0,0,0,0,0,0,0,0,0,0,1,0,597,597.0,597,597,2961.0
1637174984,1,POST,/auth/login/,0.100000,0.000000,360,360,360,360,360,360,360,360,360,360,360,92,0,330,511.6304347826087,153,1934,10391.565217391304
1637174984,1,GET,/auth/logout/,0.100000,0.000000,100,100,100,100,100,100,100,100,100,100,100,91,0,100,133.0989010989011,8,533,1712.0
1637174984,1,POST,/auth/modify-friend/,0.300000,0.000000,340,340,360,360,360,360,360,360,360,360,360,365,0,220,273.44109589041096,74,1132,1713.0
1637174984,1,GET,/public/,0.300000,0.000000,380,380,380,420,420,420,420,420,420,420,420,366,0,270,340.80054644808746,109,1483,10207.005464480875
1637174984,1,,Aggregated,2.500000,0.000000,340,380,400,410,460,650,970,970,970,970,970,2310,0,240,319.83073593073595,8,2059,5942.2281385281385
1637174985,1,GET,/,0.600000,0.000000,400,400,650,650,650,650,650,650,650,650,650,575,0,290,356.615652173913,111,1677,10251.278260869565
1637174985,1,POST,/,0.200000,0.000000,970,970,970,970,970,970,970,970,970,970,970,90,0,720,808.2555555555556,296,2059,10169.511111111111
1637174985,1,GET,/auth/find-friends/,0.800000,0.000000,260,280,290,410,460,460,460,460,460,460,460,732,0,180,242.025956284153,54,1382,1974.0
1637174985,1,GET,/auth/login/,0.000000,0.000000,0,0,0,0,0,0,0,0,0,0,0,1,0,597,597.0,597,597,2961.0
1637174985,1,POST,/auth/login/,0.100000,0.000000,360,360,360,360,360,360,360,360,360,360,360,92,0,330,511.6304347826087,153,1934,10391.565217391304
1637174985,1,GET,/auth/logout/,0.100000,0.000000,100,100,100,100,100,100,100,100,100,100,100,91,0,100,133.0989010989011,8,533,1712.0
1637174985,1,POST,/auth/modify-friend/,0.300000,0.000000,260,340,340,360,360,360,360,360,360,360,360,366,0,220,273.3142076502732,74,1132,1713.0
1637174985,1,GET,/public/,0.400000,0.000000,380,380,380,380,420,420,420,420,420,420,420,367,0,270,340.7874659400545,109,1483,10207.346049046322
1637174985,1,,Aggregated,2.500000,0.000000,340,360,400,410,460,650,970,970,970,970,970,2314,0,240,319.72385479688853,8,2059,5938.867761452031
1637174986,1,GET,/,0.500000,0.000000,400,400,650,650,650,650,650,650,650,650,650,575,0,290,356.615652173913,111,1677,10251.278260869565
1637174986,1,POST,/,0.200000,0.000000,970,970,970,970,970,970,970,970,970,970,970,90,0,720,808.2555555555556,296,2059,10169.511111111111
1637174986,1,GET,/auth/find-friends/,0.800000,0.000000,280,290,300,300,410,460,460,460,460,460,460,734,0,180,242.18528610354224,54,1382,1974.0
1637174986,1,GET,/auth/login/,0.000000,0.000000,0,0,0,0,0,0,0,0,0,0,0,1,0,597,597.0,597,597,2961.0
1637174986,1,POST,/auth/login/,0.100000,0.000000,360,360,360,360,360,360,360,360,360,360,360,92,0,330,511.6304347826087,153,1934,10391.565217391304
1637174986,1,GET,/auth/logout/,0.100000,0.000000,100,100,100,100,100,100,100,100,100,100,100,91,0,100,133.0989010989011,8,533,1712.0
1637174986,1,POST,/auth/modify-friend/,0.400000,0.000000,320,320,340,340,360,360,360,360,360,360,360,367,0,220,273.45231607629427,74,1132,1713.0
1637174986,1,GET,/public/,0.400000,0.000000,380,380,380,380,420,420,420,420,420,420,420,367,0,270,340.7874659400545,109,1483,10207.346049046322
1637174986,1,,Aggregated,2.500000,0.000000,320,340,360,410,460,650,970,970,970,970,970,2317,0,240,319.7091066033664,8,2059,5933.621493310315
1637174987,1,GET,/,0.500000,0.000000,400,400,650,650,650,650,650,650,650,650,650,575,0,290,356.615652173913,111,1677,10251.278260869565
1637174987,1,POST,/,0.200000,0.000000,970,970,970,970,970,970,970,970,970,970,970,90,0,720,808.2555555555556,296,2059,10169.511111111111
1637174987,1,GET,/auth/find-friends/,0.800000,0.000000,290,300,300,410,460,460,460,460,460,460,460,734,0,180,242.18528610354224,54,1382,1974.0
1637174987,1,GET,/auth/login/,0.000000,0.000000,0,0,0,0,0,0,0,0,0,0,0,1,0,597,597.0,597,597,2961.0
1637174987,1,POST,/auth/login/,0.100000,0.000000,360,360,360,360,360,360,360,360,360,360,360,92,0,330,511.6304347826087,153,1934,10391.565217391304
1637174987,1,GET,/auth/logout/,0.100000,0.000000,200,200,200,200,200,200,200,200,200,200,200,92,0,100,133.79347826086956,8,533,1712.0
1637174987,1,POST,/auth/modify-friend/,0.400000,0.000000,320,320,340,340,360,360,360,360,360,360,360,367,0,220,273.45231607629427,74,1132,1713.0
1637174987,1,GET,/public/,0.400000,0.000000,340,380,380,420,420,420,420,420,420,420,420,367,0,270,340.7874659400545,109,1483,10207.346049046322
1637174987,1,,Aggregated,2.500000,0.000000,320,340,360,380,460,650,970,970,970,970,970,2318,0,240,319.65616911130286,8,2059,5931.800258843831
1637174988,1,GET,/,0.300000,0.000000,650,650,650,650,650,650,650,650,650,650,650,575,0,290,356.615652173913,111,1677,10251.278260869565
1637174988,1,POST,/,0.100000,0.000000,970,970,970,970,970,970,970,970,970,970,970,90,0,720,808.2555555555556,296,2059,10169.511111111111
1637174988,1,GET,/auth/find-friends/,1.000000,0.000000,280,300,300,300,410,460,460,460,460,460,460,735,0,180,242.22585034013605,54,1382,1974.0
1637174988,1,GET,/auth/login/,0.000000,0.000000,0,0,0,0,0,0,0,0,0,0,0,1,0,597,597.0,597,597,2961.0
1637174988,1,POST,/auth/login/,0.100000,0.000000,360,360,360,360,360,360,360,360,360,360,360,93,0,330,509.1505376344086,153,1934,10391.118279569893
1637174988,1,GET,/auth/logout/,0.100000,0.000000,200,200,200,200,200,200,200,200,200,200,200,92,0,100,133.79347826086956,8,533,1712.0
1637174988,1,POST,/auth/modify-friend/,0.500000,0.000000,320,340,340,360,360,360,360,360,360,360,360,367,0,220,273.45231607629427,74,1132,1713.0
1637174988,1,GET,/public/,0.500000,0.000000,340,340,380,380,420,420,420,420,420,420,420,368,0,270,340.4347826086956,109,1483,10207.013586956522
1637174988,1,,Aggregated,2.600000,0.000000,300,340,360,360,420,460,650,650,650,650,650,2321,0,240,319.57216716932356,8,2059,5933.788022404136
1637174989,1,GET,/,0.200000,0.000000,650,650,650,650,650,650,650,650,650,650,650,575,0,290,356.615652173913,111,1677,10251.278260869565
1637174989,1,POST,/,0.100000,0.000000,970,970,970,970,970,970,970,970,970,970,970,90,0,720,808.2555555555556,296,2059,10169.511111111111
1637174989,1,GET,/auth/find-friends/,1.000000,0.000000,290,290,300,300,410,460,460,460,460,460,460,736,0,180,242.28804347826087,54,1382,1974.0
1637174989,1,GET,/auth/login/,0.000000,0.000000,0,0,0,0,0,0,0,0,0,0,0,1,0,597,597.0,597,597,2961.0
1637174989,1,POST,/auth/login/,0.100000,0.000000,360,360,360,360,360,360,360,360,360,360,360,93,0,330,509.1505376344086,153,1934,10391.118279569893
1637174989,1,GET,/auth/logout/,0.200000,0.000000,200,200,200,200,200,200,200,200,200,200,200,92,0,100,133.79347826086956,8,533,1712.0
1637174989,1,POST,/auth/modify-friend/,0.500000,0.000000,330,330,340,340,360,360,360,360,360,360,360,368,0,220,273.5978260869565,74,1132,1713.0
1637174989,1,GET,/public/,0.500000,0.000000,380,380,390,390,420,420,420,420,420,420,420,369,0,270,340.5609756097561,109,1483,10207.50406504065
1637174989,1,,Aggregated,2.600000,0.000000,300,340,360,380,420,460,650,650,650,650,650,2324,0,240,319.5907917383821,8,2059,5932.184595524957
1637174990,1,GET,/,0.200000,0.000000,650,650,650,650,650,650,650,650,650,650,650,575,0,290,356.615652173913,111,1677,10251.278260869565
1637174990,1,POST,/,0.000000,0.000000,970,970,970,970,970,970,970,970,970,970,970,90,0,720,808.2555555555556,296,2059,10169.511111111111
1637174990,1,GET,/auth/find-friends/,1.000000,0.000000,290,290,300,300,410,460,460,460,460,460,460,738,0,180,242.26829268292684,54,1382,1974.0
1637174990,1,GET,/auth/login/,0.000000,0.000000,0,0,0,0,0,0,0,0,0,0,0,1,0,597,597.0,597,597,2961.0
1637174990,1,POST,/auth/login/,0.200000,0.000000,360,360,360,360,360,360,360,360,360,360,360,93,0,330,509.1505376344086,153,1934,10391.118279569893
1637174990,1,GET,/auth/logout/,0.100000,0.000000,200,200,200,200,200,200,200,200,200,200,200,92,0,100,133.79347826086956,8,533,1712.0
1637174990,1,POST,/auth/modify-friend/,0.500000,0.000000,320,330,340,340,360,360,360,360,360,360,360,369,0,220,273.4634146341463,74,1132,1713.0
1637174990,1,GET,/public/,0.600000,0.000000,340,380,390,390,420,420,420,420,420,420,420,370,0,270,340.52972972972975,109,1483,10207.745945945946
1637174990,1,,Aggregated,2.600000,0.000000,290,330,340,360,410,460,650,650,650,650,650,2328,0,240,319.4810996563574,8,2059,5928.846649484536
1637174991,1,GET,/,0.200000,0.000000,650,650,650,650,650,650,650,650,650,650,650,575,0,290,356.615652173913,111,1677,10251.278260869565
1637174991,1,POST,/,0.000000,0.000000,970,970,970,970,970,970,970,970,970,970,970,90,0,720,808.2555555555556,296,2059,10169.511111111111
1637174991,1,GET,/auth/find-friends/,1.200000,0.000000,290,290,300,300,300,300,300,300,300,300,300,740,0,180,242.40945945945947,54,1382,1974.0
1637174991,1,GET,/auth/login/,0.000000,0.000000,0,0,0,0,0,0,0,0,0,0,0,1,0,597,597.0,597,597,2961.0
1637174991,1,POST,/auth/login/,0.200000,0.000000,360,360,360,360,360,360,360,360,360,360,360,93,0,330,509.1505376344086,153,1934,10391.118279569893
1637174991,1,GET,/auth/logout/,0.100000,0.000000,200,200,200,200,200,200,200,200,200,200,200,92,0,100,133.79347826086956,8,533,1712.0
1637174991,1,POST,/auth/modify-friend/,0.600000,0.000000,320,330,340,340,360,360,360,360,360,360,360,370,0,220,273.35135135135135,74,1132,1713.0
1637174991,1,GET,/public/,0.600000,0.000000,340,340,380,380,390,390,390,390,390,390,390,370,0,270,340.52972972972975,109,1483,10207.745945945946
1637174991,1,,Aggregated,2.900000,0.000000,290,300,330,340,380,390,650,650,650,650,650,2331,0,240,319.4221364221364,8,2059,5923.644787644787
1637174992,1,GET,/,0.200000,0.000000,650,650,650,650,650,650,650,650,650,650,650,575,0,290,356.615652173913,111,1677,10251.278260869565
1637174992,1,POST,/,0.000000,0.000000,970,970,970,970,970,970,970,970,970,970,970,90,0,720,808.2555555555556,296,2059,10169.511111111111
1637174992,1,GET,/auth/find-friends/,1.200000,0.000000,280,290,290,300,300,300,300,300,300,300,300,742,0,180,242.3746630727763,54,1382,1974.0
1637174992,1,GET,/auth/login/,0.000000,0.000000,0,0,0,0,0,0,0,0,0,0,0,1,0,597,597.0,597,597,2961.0
1637174992,1,POST,/auth/login/,0.100000,0.000000,360,360,360,360,360,360,360,360,360,360,360,93,0,330,509.1505376344086,153,1934,10391.118279569893
1637174992,1,GET,/auth/logout/,0.100000,0.000000,200,200,200,200,200,200,200,200,200,200,200,93,0,100,132.55913978494624,8,533,1712.0
1637174992,1,POST,/auth/modify-friend/,0.700000,0.000000,320,330,360,360,380,380,380,380,380,380,380,371,0,220,273.6361185983827,74,1132,1713.0
1637174992,1,GET,/public/,0.600000,0.000000,340,380,380,380,390,390,390,390,390,390,390,371,0,270,340.62264150943395,109,1483,10207.77088948787
1637174992,1,,Aggregated,2.900000,0.000000,290,320,330,360,380,390,650,650,650,650,650,2336,0,240,319.2658390410959,8,2059,5918.495719178082
1637174993,1,GET,/,0.200000,0.000000,650,650,650,650,650,650,650,650,650,650,650,575,0,290,356.615652173913,111,1677,10251.278260869565
1637174993,1,POST,/,0.000000,0.000000,970,970,970,970,970,970,970,970,970,970,970,90,0,720,808.2555555555556,296,2059,10169.511111111111
1637174993,1,GET,/auth/find-friends/,1.200000,0.000000,290,290,300,300,300,300,300,300,300,300,300,742,0,180,242.3746630727763,54,1382,1974.0
1637174993,1,GET,/auth/login/,0.000000,0.000000,0,0,0,0,0,0,0,0,0,0,0,1,0,597,597.0,597,597,2961.0
1637174993,1,POST,/auth/login/,0.100000,0.000000,280,280,280,280,280,280,280,280,280,280,280,93,0,330,509.1505376344086,153,1934,10391.118279569893
1637174993,1,GET,/auth/logout/,0.100000,0.000000,200,200,200,200,200,200,200,200,200,200,200,93,0,100,132.55913978494624,8,533,1712.0
1637174993,1,POST,/auth/modify-friend/,0.700000,0.000000,320,320,330,330,380,380,380,380,380,380,380,371,0,220,273.6361185983827,74,1132,1713.0
1637174993,1,GET,/public/,0.600000,0.000000,380,380,380,380,390,390,390,390,390,390,390,371,0,270,340.62264150943395,109,1483,10207.77088948787
1637174993,1,,Aggregated,2.900000,0.000000,290,300,330,330,380,380,390,390,390,390,390,2336,0,240,319.2658390410959,8,2059,5918.495719178082
1637174994,1,GET,/,0.100000,0.000000,650,650,650,650,650,650,650,650,650,650,650,575,0,290,356.615652173913,111,1677,10251.278260869565
1637174994,1,POST,/,0.000000,0.000000,970,970,970,970,970,970,970,970,970,970,970,90,0,720,808.2555555555556,296,2059,10169.511111111111
1637174994,1,GET,/auth/find-friends/,1.400000,0.000000,290,290,300,300,300,300,300,300,300,300,300,742,0,180,242.3746630727763,54,1382,1974.0
1637174994,1,GET,/auth/login/,0.000000,0.000000,0,0,0,0,0,0,0,0,0,0,0,1,0,597,597.0,597,597,2961.0
1637174994,1,POST,/auth/login/,0.100000,0.000000,510,510,510,510,510,510,510,510,510,510,510,94,0,330,509.1808510638298,153,1934,10392.58510638298
1637174994,1,GET,/auth/logout/,0.100000,0.000000,200,200,200,200,200,200,200,200,200,200,200,94,0,100,133.27659574468086,8,533,1712.0
1637174994,1,POST,/auth/modify-friend/,0.700000,0.000000,320,320,330,330,380,380,380,380,380,380,380,371,0,220,273.6361185983827,74,1132,1713.0
1637174994,1,GET,/public/,0.700000,0.000000,340,380,380,390,390,390,390,390,390,390,390,371,0,270,340.62264150943395,109,1483,10207.77088948787
1637174994,1,,Aggregated,3.100000,0.000000,290,300,330,340,380,390,510,510,510,510,510,2338,0,240,319.2972626176219,8,2059,5918.668520102652
1637174995,1,GET,/,0.100000,0.000000,650,650,650,650,650,650,650,650,650,650,650,575,0,290,356.615652173913,111,1677,10251.278260869565
1637174995,1,POST,/,0.000000,0.000000,0,0,0,0,0,0,0,0,0,0,0,90,0,720,808.2555555555556,296,2059,10169.511111111111
1637174995,1,GET,/auth/find-friends/,1.400000,0.000000,290,290,300,300,300,300,300,300,300,300,300,742,0,180,242.3746630727763,54,1382,1974.0
1637174995,1,GET,/auth/login/,0.000000,0.000000,0,0,0,0,0,0,0,0,0,0,0,1,0,597,597.0,597,597,2961.0
1637174995,1,POST,/auth/login/,0.100000,0.000000,510,510,510,510,510,510,510,510,510,510,510,94,0,330,509.1808510638298,153,1934,10392.58510638298
1637174995,1,GET,/auth/logout/,0.100000,0.000000,200,200,200,200,200,200,200,200,200,200,200,94,0,100,133.27659574468086,8,533,1712.0
1637174995,1,POST,/auth/modify-friend/,0.700000,0.000000,320,330,330,380,380,380,380,380,380,380,380,371,0,220,273.6361185983827,74,1132,1713.0
1637174995,1,GET,/public/,0.700000,0.000000,340,380,380,390,390,390,390,390,390,390,390,371,0,270,340.62264150943395,109,1483,10207.77088948787
1637174995,1,,Aggregated,3.100000,0.000000,280,300,330,330,380,390,510,510,510,510,510,2338,0,240,319.2972626176219,8,2059,5918.668520102652
1637174996,1,GET,/,0.000000,0.000000,650,650,650,650,650,650,650,650,650,650,650,575,0,290,356.615652173913,111,1677,10251.278260869565
1637174996,1,POST,/,0.000000,0.000000,0,0,0,0,0,0,0,0,0,0,0,90,0,720,808.2555555555556,296,2059,10169.511111111111
1637174996,1,GET,/auth/find-friends/,1.200000,0.000000,270,280,290,290,300,300,300,300,300,300,300,743,0,180,242.2799461641992,54,1382,1974.0
1637174996,1,GET,/auth/login/,0.000000,0.000000,0,0,0,0,0,0,0,0,0,0,0,1,0,597,597.0,597,597,2961.0
1637174996,1,POST,/auth/login/,0.200000,0.000000,510,510,520,520,520,520,520,520,520,520,520,95,0,340,509.2736842105263,153,1934,10395.61052631579
1637174996,1,GET,/auth/logout/,0.200000,0.000000,200,200,200,200,200,200,200,200,200,200,200,94,0,100,133.27659574468086,8,533,1712.0
1637174996,1,POST,/auth/modify-friend/,0.600000,0.000000,320,330,330,380,380,380,380,380,380,380,380,371,0,220,273.6361185983827,74,1132,1713.0
1637174996,1,GET,/public/,0.600000,0.000000,380,390,390,590,590,590,590,590,590,590,590,372,0,270,341.2930107526882,109,1483,10208.185483870968
1637174996,1,,Aggregated,2.800000,0.000000,280,330,380,380,510,520,590,590,590,590,590,2341,0,240,319.4348568987612,8,2059,5920.915420760359
1637174997,1,GET,/,0.000000,0.000000,410,410,650,650,650,650,650,650,650,650,650,577,0,290,356.50433275563256,111,1677,10252.3136915078
1637174997,1,POST,/,0.000000,0.000000,0,0,0,0,0,0,0,0,0,0,0,90,0,720,808.2555555555556,296,2059,10169.511111111111
1637174997,1,GET,/auth/find-friends/,1.000000,0.000000,270,280,290,290,300,300,300,300,300,300,300,744,0,180,242.21774193548387,54,1382,1974.0
1637174997,1,GET,/auth/login/,0.000000,0.000000,0,0,0,0,0,0,0,0,0,0,0,1,0,597,597.0,597,597,2961.0
1637174997,1,POST,/auth/login/,0.200000,0.000000,510,510,520,520,520,520,520,520,520,520,520,95,0,340,509.2736842105263,153,1934,10395.61052631579
1637174997,1,GET,/auth/logout/,0.300000,0.000000,200,200,200,200,200,200,200,200,200,200,200,94,0,100,133.27659574468086,8,533,1712.0
1637174997,1,POST,/auth/modify-friend/,0.500000,0.000000,280,330,330,380,380,380,380,380,380,380,380,372,0,220,273.6639784946237,74,1132,1713.0
1637174997,1,GET,/public/,0.500000,0.000000,380,390,390,590,590,590,590,590,590,590,590,372,0,270,341.2930107526882,109,1483,10208.185483870968
1637174997,1,,Aggregated,2.500000,0.000000,280,330,380,390,510,520,590,590,590,590,590,2345,0,240,319.37142857142857,8,2059,5921.38592750533
1637174998,1,GET,/,0.000000,0.000000,410,410,650,650,650,650,650,650,650,650,650,577,0,290,356.50433275563256,111,1677,10252.3136915078
1637174998,1,POST,/,0.000000,0.000000,0,0,0,0,0,0,0,0,0,0,0,91,0,720,805.9230769230769,296,2059,10173.395604395604
1637174998,1,GET,/auth/find-friends/,0.800000,0.000000,220,240,280,290,300,300,300,300,300,300,300,745,0,180,242.07785234899328,54,1382,1974.0
1637174998,1,GET,/auth/login/,0.000000,0.000000,0,0,0,0,0,0,0,0,0,0,0,1,0,597,597.0,597,597,2961.0
1637174998,1,POST,/auth/login/,0.300000,0.000000,510,510,520,520,520,520,520,520,520,520,520,95,0,340,509.2736842105263,153,1934,10395.61052631579
1637174998,1,GET,/auth/logout/,0.300000,0.000000,200,200,200,200,200,200,200,200,200,200,200,94,0,100,133.27659574468086,8,533,1712.0
1637174998,1,POST,/auth/modify-friend/,0.500000,0.000000,280,280,380,380,380,380,380,380,380,380,380,372,0,220,273.6639784946237,74,1132,1713.0
1637174998,1,GET,/public/,0.400000,0.000000,380,390,390,590,590,590,590,590,590,590,590,373,0,270,340.9597855227882,109,1483,10207.812332439678
1637174998,1,,Aggregated,2.300000,0.000000,280,330,380,410,520,590,600,600,600,600,600,2348,0,240,319.368398637138,8,2059,5923.431005110732
1637174999,1,GET,/,0.000000,0.000000,410,410,650,650,650,650,650,650,650,650,650,577,0,290,356.50433275563256,111,1677,10252.3136915078
1637174999,1,POST,/,0.000000,0.000000,600,600,600,600,600,600,600,600,600,600,600,91,0,720,805.9230769230769,296,2059,10173.395604395604
1637174999,1,GET,/auth/find-friends/,1.000000,0.000000,240,290,300,300,300,300,300,300,300,300,300,746,0,180,242.15281501340482,54,1382,1974.0
1637174999,1,GET,/auth/login/,0.000000,0.000000,0,0,0,0,0,0,0,0,0,0,0,1,0,597,597.0,597,597,2961.0
1637174999,1,POST,/auth/login/,0.300000,0.000000,510,510,520,520,520,520,520,520,520,520,520,95,0,340,509.2736842105263,153,1934,10395.61052631579
1637174999,1,GET,/auth/logout/,0.200000,0.000000,200,200,200,200,200,200,200,200,200,200,200,94,0,100,133.27659574468086,8,533,1712.0
1637174999,1,POST,/auth/modify-friend/,0.500000,0.000000,280,350,350,380,380,380,380,380,380,380,380,373,0,220,273.87131367292227,74,1132,1713.0
1637174999,1,GET,/public/,0.500000,0.000000,380,380,590,590,590,590,590,590,590,590,590,373,0,270,340.9597855227882,109,1483,10207.812332439678
1637174999,1,,Aggregated,2.500000,0.000000,290,350,380,410,520,590,600,600,600,600,600,2350,0,240,319.3727659574468,8,2059,5919.958723404256
1637175000,1,GET,/,0.000000,0.000000,410,410,440,440,440,440,440,440,440,440,440,579,0,290,356.52331606217615,111,1677,10252.26079447323
1637175000,1,POST,/,0.000000,0.000000,600,600,600,600,600,600,600,600,600,600,600,91,0,720,805.9230769230769,296,2059,10173.395604395604
1637175000,1,GET,/auth/find-friends/,1.000000,0.000000,220,220,240,240,300,300,300,300,300,300,300,746,0,180,242.15281501340482,54,1382,1974.0
1637175000,1,GET,/auth/login/,0.000000,0.000000,0,0,0,0,0,0,0,0,0,0,0,1,0,597,597.0,597,597,2961.0
1637175000,1,POST,/auth/login/,0.300000,0.000000,520,520,520,520,520,520,520,520,520,520,520,95,0,340,509.2736842105263,153,1934,10395.61052631579
1637175000,1,GET,/auth/logout/,0.200000,0.000000,200,200,200,200,200,200,200,200,200,200,200,94,0,100,133.27659574468086,8,533,1712.0
1637175000,1,POST,/auth/modify-friend/,0.500000,0.000000,350,350,380,380,380,380,380,380,380,380,380,373,0,220,273.87131367292227,74,1132,1713.0
1637175000,1,GET,/public/,0.500000,0.000000,380,380,590,590,590,590,590,590,590,590,590,373,0,270,340.9597855227882,109,1483,10207.812332439678
1637175000,1,,Aggregated,2.500000,0.000000,280,380,410,440,520,590,600,600,600,600,600,2352,0,240,319.40901360544217,8,2059,5923.629676870748
1637175001,1,GET,/,0.200000,0.000000,410,410,440,440,440,440,440,440,440,440,440,579,0,290,356.52331606217615,111,1677,10252.26079447323
1637175001,1,POST,/,0.100000,0.000000,720,720,720,720,720,720,720,720,720,720,720,92,0,720,804.9565217391304,296,2059,10175.70652173913
1637175001,1,GET,/auth/find-friends/,1.000000,0.000000,200,220,240,240,300,300,300,300,300,300,300,748,0,180,241.99866310160428,54,1382,1974.0
1637175001,1,GET,/auth/login/,0.000000,0.000000,0,0,0,0,0,0,0,0,0,0,0,1,0,597,597.0,597,597,2961.0
1637175001,1,POST,/auth/login/,0.200000,0.000000,520,520,520,520,520,520,520,520,520,520,520,95,0,340,509.2736842105263,153,1934,10395.61052631579
1637175001,1,GET,/auth/logout/,0.200000,0.000000,200,200,200,200,200,200,200,200,200,200,200,94,0,100,133.27659574468086,8,533,1712.0
1637175001,1,POST,/auth/modify-friend/,0.400000,0.000000,350,350,380,380,380,380,380,380,380,380,380,373,0,220,273.87131367292227,74,1132,1713.0
1637175001,1,GET,/public/,0.500000,0.000000,390,390,590,590,590,590,590,590,590,590,590,374,0,270,341.08288770053474,109,1483,10207.83422459893
1637175001,1,,Aggregated,2.600000,0.000000,300,390,440,510,590,600,720,720,720,720,720,2356,0,240,319.491935483871,8,2059,5923.992784380305
1637175002,1,GET,/,0.400000,0.000000,370,410,410,440,440,440,440,440,440,440,440,580,0,290,356.5534482758621,111,1677,10252.839655172414
1637175002,1,POST,/,0.100000,0.000000,720,720,720,720,720,720,720,720,720,720,720,92,0,720,804.9565217391304,296,2059,10175.70652173913
1637175002,1,GET,/auth/find-friends/,0.800000,0.000000,200,200,220,240,300,300,300,300,300,300,300,749,0,180,241.90120160213618,54,1382,1974.0
1637175002,1,GET,/auth/login/,0.000000,0.000000,0,0,0,0,0,0,0,0,0,0,0,1,0,597,597.0,597,597,2961.0
1637175002,1,POST,/auth/login/,0.200000,0.000000,520,520,520,520,520,520,520,520,520,520,520,95,0,340,509.2736842105263,153,1934,10395.61052631579
1637175002,1,GET,/auth/logout/,0.200000,0.000000,200,200,200,200,200,200,200,200,200,200,200,94,0,100,133.27659574468086,8,533,1712.0
1637175002,1,POST,/auth/modify-friend/,0.400000,0.000000,350,350,380,380,380,380,380,380,380,380,380,374,0,220,273.83957219251334,74,1132,1713.0
1637175002,1,GET,/public/,0.400000,0.000000,380,390,390,590,590,590,590,590,590,590,590,375,0,270,340.92266666666666,109,1483,10208.394666666667
1637175002,1,,Aggregated,2.500000,0.000000,280,370,440,510,590,600,720,720,720,720,720,2360,0,240,319.41059322033897,8,2059,5924.4152542372885
1637175003,1,GET,/,0.400000,0.000000,410,410,420,420,440,440,440,440,440,440,440,581,0,290,356.6557659208262,111,1677,10252.936316695354
1637175003,1,POST,/,0.200000,0.000000,720,720,720,720,720,720,720,720,720,720,720,92,0,720,804.9565217391304,296,2059,10175.70652173913
1637175003,1,GET,/auth/find-friends/,0.600000,0.000000,200,200,220,220,300,300,300,300,300,300,300,750,0,180,241.87733333333333,54,1382,1974.0
1637175003,1,GET,/auth/login/,0.000000,0.000000,0,0,0,0,0,0,0,0,0,0,0,1,0,597,597.0,597,597,2961.0
1637175003,1,POST,/auth/login/,0.200000,0.000000,520,520,520,520,520,520,520,520,520,520,520,95,0,340,509.2736842105263,153,1934,10395.61052631579
1637175003,1,GET,/auth/logout/,0.200000,0.000000,200,200,200,200,200,200,200,200,200,200,200,94,0,100,133.27659574468086,8,533,1712.0
1637175003,1,POST,/auth/modify-friend/,0.400000,0.000000,350,350,350,380,380,380,380,380,380,380,380,375,0,220,274.032,74,1132,1713.0
1637175003,1,GET,/public/,0.400000,0.000000,390,390,590,590,590,590,590,590,590,590,590,375,0,270,340.92266666666666,109,1483,10208.394666666667
1637175003,1,,Aggregated,2.400000,0.000000,280,370,410,420,590,600,720,720,720,720,720,2363,0,240,319.4223444773593,8,2059,5922.81675835802
1637175004,1,GET,/,0.500000,0.000000,410,410,420,420,440,440,440,440,440,440,440,582,0,290,356.7491408934708,111,1677,10252.850515463917
1637175004,1,POST,/,0.200000,0.000000,720,720,720,720,720,720,720,720,720,720,720,93,0,720,803.989247311828,296,2059,10175.139784946237
1637175004,1,GET,/auth/find-friends/,0.600000,0.000000,200,200,220,220,300,300,300,300,300,300,300,750,0,180,241.87733333333333,54,1382,1974.0
1637175004,1,GET,/auth/login/,0.000000,0.000000,0,0,0,0,0,0,0,0,0,0,0,1,0,597,597.0,597,597,2961.0
1637175004,1,POST,/auth/login/,0.200000,0.000000,520,520,520,520,520,520,520,520,520,520,520,95,0,340,509.2736842105263,153,1934,10395.61052631579
1637175004,1,GET,/auth/logout/,0.200000,0.000000,200,200,200,200,200,200,200,200,200,200,200,94,0,100,133.27659574468086,8,533,1712.0
1637175004,1,POST,/auth/modify-friend/,0.400000,0.000000,350,350,350,350,350,350,350,350,350,350,350,375,0,220,274.032,74,1132,1713.0
1637175004,1,GET,/public/,0.300000,0.000000,390,390,590,590,590,590,590,590,590,590,590,375,0,270,340.92266666666666,109,1483,10208.394666666667
1637175004,1,,Aggregated,2.400000,0.000000,300,390,420,440,600,720,720,720,720,720,720,2365,0,240,319.62832980972513,8,2059,5926.402536997886
1637175005,1,GET,/,0.500000,0.000000,410,410,420,420,440,440,440,440,440,440,440,583,0,290,356.84219554030875,111,1677,10252.78730703259
1637175005,1,POST,/,0.200000,0.000000,720,720,720,720,720,720,720,720,720,720,720,93,0,720,803.989247311828,296,2059,10175.139784946237
1637175005,1,GET,/auth/find-friends/,0.800000,0.000000,180,200,200,220,300,300,300,300,300,300,300,751,0,180,241.80159786950733,54,1382,1974.0
1637175005,1,GET,/auth/login/,0.000000,0.000000,0,0,0,0,0,0,0,0,0,0,0,1,0,597,597.0,597,597,2961.0
1637175005,1,POST,/auth/login/,0.200000,0.000000,520,520,520,520,520,520,520,520,520,520,520,95,0,340,509.2736842105263,153,1934,10395.61052631579
1637175005,1,GET,/auth/logout/,0.100000,0.000000,200,200,200,200,200,200,200,200,200,200,200,94,0,100,133.27659574468086,8,533,1712.0
1637175005,1,POST,/auth/modify-friend/,0.300000,0.000000,350,350,350,350,350,350,350,350,350,350,350,375,0,220,274.032,74,1132,1713.0
1637175005,1,GET,/public/,0.400000,0.000000,290,390,390,590,590,590,590,590,590,590,590,376,0,270,340.77659574468083,109,1483,10207.632978723404
1637175005,1,,Aggregated,2.500000,0.000000,290,390,410,420,600,720,720,720,720,720,720,2368,0,240,319.5958614864865,8,2059,5928.232263513513
1637175006,1,GET,/,0.600000,0.000000,410,410,410,420,440,440,440,440,440,440,440,584,0,290,356.81164383561645,111,1677,10252.892123287671
1637175006,1,POST,/,0.200000,0.000000,720,720,720,720,720,720,720,720,720,720,720,93,0,720,803.989247311828,296,2059,10175.139784946237
1637175006,1,GET,/auth/find-friends/,0.800000,0.000000,180,200,200,220,300,300,300,300,300,300,300,752,0,180,241.7247340425532,54,1382,1974.0
1637175006,1,GET,/auth/login/,0.000000,0.000000,0,0,0,0,0,0,0,0,0,0,0,1,0,597,597.0,597,597,2961.0
1637175006,1,POST,/auth/login/,0.100000,0.000000,520,520,520,520,520,520,520,520,520,520,520,95,0,340,509.2736842105263,153,1934,10395.61052631579
1637175006,1,GET,/auth/logout/,0.100000,0.000000,200,200,200,200,200,200,200,200,200,200,200,94,0,100,133.27659574468086,8,533,1712.0
1637175006,1,POST,/auth/modify-friend/,0.400000,0.000000,280,350,350,350,350,350,350,350,350,350,350,376,0,220,274.0345744680851,74,1132,1713.0
1637175006,1,GET,/public/,0.400000,0.000000,290,390,390,590,590,590,590,590,590,590,590,376,0,270,340.77659574468083,109,1483,10207.632978723404
1637175006,1,,Aggregated,2.600000,0.000000,300,370,410,410,600,720,720,720,720,720,720,2371,0,240,319.52804723745254,8,2059,5926.63644032054
1637175007,1,GET,/,0.800000,0.000000,410,410,420,420,420,440,440,440,440,440,440,587,0,290,357.1022146507666,111,1677,10254.991482112437
1637175007,1,POST,/,0.300000,0.000000,720,720,720,720,720,720,720,720,720,720,720,93,0,720,803.989247311828,296,2059,10175.139784946237
1637175007,1,GET,/auth/find-friends/,0.800000,0.000000,180,200,220,220,300,300,300,300,300,300,300,752,0,180,241.7247340425532,54,1382,1974.0
1637175007,1,GET,/auth/login/,0.000000,0.000000,0,0,0,0,0,0,0,0,0,0,0,1,0,597,597.0,597,597,2961.0
1637175007,1,POST,/auth/login/,0.100000,0.000000,520,520,520,520,520,520,520,520,520,520,520,95,0,340,509.2736842105263,153,1934,10395.61052631579
1637175007,1,GET,/auth/logout/,0.000000,0.000000,200,200,200,200,200,200,200,200,200,200,200,94,0,100,133.27659574468086,8,533,1712.0
1637175007,1,POST,/auth/modify-friend/,0.400000,0.000000,350,350,350,350,350,350,350,350,350,350,350,376,0,220,274.0345744680851,74,1132,1713.0
1637175007,1,GET,/public/,0.400000,0.000000,290,290,390,390,390,390,390,390,390,390,390,376,0,270,340.77659574468083,109,1483,10207.632978723404
1637175007,1,,Aggregated,2.800000,0.000000,340,400,410,420,600,720,720,720,720,720,720,2374,0,240,319.6470092670598,8,2059,5932.622577927548
1637175008,1,GET,/,0.800000,0.000000,410,420,420,420,440,770,770,770,770,770,770,588,0,290,357.79931972789115,111,1677,10255.78911564626
1637175008,1,POST,/,0.300000,0.000000,720,720,720,720,720,720,720,720,720,720,720,93,0,720,803.989247311828,296,2059,10175.139784946237
1637175008,1,GET,/auth/find-friends/,1.000000,0.000000,180,200,220,220,300,300,300,300,300,300,300,752,0,180,241.7247340425532,54,1382,1974.0
1637175008,1,GET,/auth/login/,0.000000,0.000000,0,0,0,0,0,0,0,0,0,0,0,1,0,597,597.0,597,597,2961.0
1637175008,1,POST,/auth/login/,0.000000,0.000000,520,520,520,520,520,520,520,520,520,520,520,95,0,340,509.2736842105263,153,1934,10395.61052631579
1637175008,1,GET,/auth/logout/,0.000000,0.000000,200,200,200,200,200,200,200,200,200,200,200,94,0,100,133.27659574468086,8,533,1712.0
1637175008,1,POST,/auth/modify-friend/,0.500000,0.000000,350,350,350,350,350,350,350,350,350,350,350,376,0,220,274.0345744680851,74,1132,1713.0
1637175008,1,GET,/public/,0.500000,0.000000,290,290,390,390,390,390,390,390,390,390,390,376,0,270,340.77659574468083,109,1483,10207.632978723404
1637175008,1,,Aggregated,3.100000,0.000000,350,410,420,420,720,720,770,770,770,770,770,2375,0,240,319.83536842105264,8,2059,5934.64
1637175009,1,GET,/,1.000000,0.000000,420,420,440,440,770,1200,1200,1200,1200,1200,1200,589,0,290,359.30220713073004,111,1677,10256.198641765704
1637175009,1,POST,/,0.300000,0.000000,720,720,720,720,720,720,720,720,720,720,720,93,0,720,803.989247311828,296,2059,10175.139784946237
1637175009,1,GET,/auth/find-friends/,0.800000,0.000000,180,180,200,200,220,220,220,220,220,220,220,752,0,180,241.7247340425532,54,1382,1974.0
1637175009,1,GET,/auth/login/,0.000000,0.000000,0,0,0,0,0,0,0,0,0,0,0,1,0,597,597.0,597,597,2961.0
1637175009,1,POST,/auth/login/,0.000000,0.000000,520,520,520,520,520,520,520,520,520,520,520,95,0,340,509.2736842105263,153,1934,10395.61052631579
1637175009,1,GET,/auth/logout/,0.000000,0.000000,200,200,200,200,200,200,200,200,200,200,200,94,0,100,133.27659574468086,8,533,1712.0
1637175009,1,POST,/auth/modify-friend/,0.400000,0.000000,350,350,350,350,350,350,350,350,350,350,350,376,0,220,274.0345744680851,74,1132,1713.0
1637175009,1,GET,/public/,0.400000,0.000000,290,290,390,390,390,390,390,390,390,390,390,376,0,270,340.77659574468083,109,1483,10207.632978723404
1637175009,1,,Aggregated,2.900000,0.000000,370,410,420,420,720,770,1200,1200,1200,1200,1200,2376,0,240,320.2239057239057,8,2059,5936.560185185185
1637175010,1,GET,/,1.000000,0.000000,420,420,540,540,770,1200,1200,1200,1200,1200,1200,590,0,290,359.60169491525426,111,1677,10256.65593220339
1637175010,1,POST,/,0.300000,0.000000,720,720,720,720,720,720,720,720,720,720,720,93,0,720,803.989247311828,296,2059,10175.139784946237
1637175010,1,GET,/auth/find-friends/,0.800000,0.000000,180,180,200,200,220,220,220,220,220,220,220,752,0,180,241.7247340425532,54,1382,1974.0
1637175010,1,GET,/auth/login/,0.000000,0.000000,0,0,0,0,0,0,0,0,0,0,0,1,0,597,597.0,597,597,2961.0
1637175010,1,POST,/auth/login/,0.000000,0.000000,520,520,520,520,520,520,520,520,520,520,520,95,0,340,509.2736842105263,153,1934,10395.61052631579
1637175010,1,GET,/auth/logout/,0.000000,0.000000,200,200,200,200,200,200,200,200,200,200,200,94,0,100,133.27659574468086,8,533,1712.0
1637175010,1,POST,/auth/modify-friend/,0.400000,0.000000,280,280,350,350,350,350,350,350,350,350,350,376,0,220,274.0345744680851,74,1132,1713.0
1637175010,1,GET,/public/,0.400000,0.000000,390,390,500,500,500,500,500,500,500,500,500,377,0,270,341.19098143236073,109,1483,10207.148541114058
1637175010,1,,Aggregated,2.900000,0.000000,370,410,420,500,720,770,1200,1200,1200,1200,1200,2378,0,240,320.38898233809925,8,2059,5940.209419680404
1637175011,1,GET,/,1.100000,0.000000,420,420,540,540,770,1200,1200,1200,1200,1200,1200,590,0,290,359.60169491525426,111,1677,10256.65593220339
1637175011,1,POST,/,0.200000,0.000000,720,720,720,720,720,720,720,720,720,720,720,93,0,720,803.989247311828,296,2059,10175.139784946237
1637175011,1,GET,/auth/find-friends/,0.600000,0.000000,220,220,420,420,480,480,480,480,480,480,480,754,0,180,242.28249336870027,54,1382,1974.0
1637175011,1,GET,/auth/login/,0.000000,0.000000,0,0,0,0,0,0,0,0,0,0,0,1,0,597,597.0,597,597,2961.0
1637175011,1,POST,/auth/login/,0.000000,0.000000,520,520,520,520,520,520,520,520,520,520,520,95,0,340,509.2736842105263,153,1934,10395.61052631579
1637175011,1,GET,/auth/logout/,0.000000,0.000000,200,200,200,200,200,200,200,200,200,200,200,94,0,100,133.27659574468086,8,533,1712.0
1637175011,1,POST,/auth/modify-friend/,0.400000,0.000000,280,280,350,350,350,350,350,350,350,350,350,376,0,220,274.0345744680851,74,1132,1713.0
1637175011,1,GET,/public/,0.300000,0.000000,290,290,500,500,500,500,500,500,500,500,500,377,0,270,341.19098143236073,109,1483,10207.148541114058
1637175011,1,,Aggregated,2.600000,0.000000,410,420,480,500,720,770,1200,1200,1200,1200,1200,2380,0,240,320.49957983193275,8,2059,5936.876470588235
1637175012,1,GET,/,1.000000,0.000000,420,420,540,540,770,1200,1200,1200,1200,1200,1200,591,0,290,359.6294416243655,111,1677,10256.612521150591
1637175012,1,POST,/,0.200000,0.000000,720,720,720,720,720,720,720,720,720,720,720,93,0,720,803.989247311828,296,2059,10175.139784946237
1637175012,1,GET,/auth/find-friends/,0.600000,0.000000,220,220,420,420,480,480,480,480,480,480,480,754,0,180,242.28249336870027,54,1382,1974.0
1637175012,1,GET,/auth/login/,0.000000,0.000000,0,0,0,0,0,0,0,0,0,0,0,1,0,597,597.0,597,597,2961.0
1637175012,1,POST,/auth/login/,0.000000,0.000000,520,520,520,520,520,520,520,520,520,520,520,95,0,340,509.2736842105263,153,1934,10395.61052631579
1637175012,1,GET,/auth/logout/,0.000000,0.000000,0,0,0,0,0,0,0,0,0,0,0,94,0,100,133.27659574468086,8,533,1712.0
1637175012,1,POST,/auth/modify-friend/,0.300000,0.000000,350,350,420,420,420,420,420,420,420,420,420,377,0,220,274.40848806366046,74,1132,1713.0
1637175012,1,GET,/public/,0.300000,0.000000,290,290,500,500,500,500,500,500,500,500,500,377,0,270,341.19098143236073,109,1483,10207.148541114058
1637175012,1,,Aggregated,2.400000,0.000000,420,420,480,500,720,770,1200,1200,1200,1200,1200,2382,0,240,320.5625524769102,8,2059,5936.905961376994
1637175013,1,GET,/,1.100000,0.000000,420,420,540,770,1200,1200,1200,1200,1200,1200,1200,591,0,290,359.6294416243655,111,1677,10256.612521150591
1637175013,1,POST,/,0.100000,0.000000,720,720,720,720,720,720,720,720,720,720,720,93,0,720,803.989247311828,296,2059,10175.139784946237
1637175013,1,GET,/auth/find-friends/,0.700000,0.000000,360,360,420,420,480,480,480,480,480,480,480,756,0,180,242.494708994709,54,1382,1974.0
1637175013,1,GET,/auth/login/,0.000000,0.000000,0,0,0,0,0,0,0,0,0,0,0,1,0,597,597.0,597,597,2961.0
1637175013,1,POST,/auth/login/,0.000000,0.000000,0,0,0,0,0,0,0,0,0,0,0,95,0,340,509.2736842105263,153,1934,10395.61052631579
1637175013,1,GET,/auth/logout/,0.000000,0.000000,0,0,0,0,0,0,0,0,0,0,0,94,0,100,133.27659574468086,8,533,1712.0
1637175013,1,POST,/auth/modify-friend/,0.300000,0.000000,350,350,420,420,420,420,420,420,420,420,420,377,0,220,274.40848806366046,74,1132,1713.0
1637175013,1,GET,/public/,0.300000,0.000000,500,500,550,550,550,550,550,550,550,550,550,378,0,270,341.7354497354497,109,1483,10207.174603174602
1637175013,1,,Aggregated,2.500000,0.000000,420,420,500,540,720,770,1200,1200,1200,1200,1200,2385,0,240,320.65911949685534,8,2059,5935.377358490566
1637175014,1,GET,/,1.000000,0.000000,420,420,540,770,1200,1200,1200,1200,1200,1200,1200,591,0,290,359.6294416243655,111,1677,10256.612521150591
1637175014,1,POST,/,0.100000,0.000000,720,720,720,720,720,720,720,720,720,720,720,93,0,720,803.989247311828,296,2059,10175.139784946237
1637175014,1,GET,/auth/find-friends/,0.600000,0.000000,360,360,420,420,480,480,480,480,480,480,480,756,0,180,242.494708994709,54,1382,1974.0
1637175014,1,GET,/auth/login/,0.000000,0.000000,0,0,0,0,0,0,0,0,0,0,0,1,0,597,597.0,597,597,2961.0
1637175014,1,POST,/auth/login/,0.000000,0.000000,0,0,0,0,0,0,0,0,0,0,0,95,0,340,509.2736842105263,153,1934,10395.61052631579
1637175014,1,GET,/auth/logout/,0.000000,0.000000,0,0,0,0,0,0,0,0,0,0,0,94,0,100,133.27659574468086,8,533,1712.0
1637175014,1,POST,/auth/modify-friend/,0.300000,0.000000,360,360,420,420,420,420,420,420,420,420,420,378,0,220,274.64285714285717,74,1132,1713.0
1637175014,1,GET,/public/,0.300000,0.000000,500,500,550,550,550,550,550,550,550,550,550,379,0,270,341.910290237467,109,1483,10207.029023746702
1637175014,1,,Aggregated,2.300000,0.000000,410,420,480,500,550,770,1200,1200,1200,1200,1200,2387,0,250,320.7134478424801,8,2059,5935.374947633012
1637175015,1,GET,/,1.100000,0.000000,420,540,770,770,1200,1200,1200,1200,1200,1200,1200,591,0,290,359.6294416243655,111,1677,10256.612521150591
1637175015,1,POST,/,0.100000,0.000000,720,720,720,720,720,720,720,720,720,720,720,93,0,720,803.989247311828,296,2059,10175.139784946237
1637175015,1,GET,/auth/find-friends/,0.400000,0.000000,360,420,460,460,480,480,480,480,480,480,480,758,0,180,242.8707124010554,54,1382,1974.0
1637175015,1,GET,/auth/login/,0.000000,0.000000,0,0,0,0,0,0,0,0,0,0,0,1,0,597,597.0,597,597,2961.0
1637175015,1,POST,/auth/login/,0.000000,0.000000,0,0,0,0,0,0,0,0,0,0,0,95,0,340,509.2736842105263,153,1934,10395.61052631579
1637175015,1,GET,/auth/logout/,0.000000,0.000000,0,0,0,0,0,0,0,0,0,0,0,94,0,100,133.27659574468086,8,533,1712.0
1637175015,1,POST,/auth/modify-friend/,0.300000,0.000000,360,360,420,420,420,420,420,420,420,420,420,379,0,220,274.75197889182056,74,1132,1713.0
1637175015,1,GET,/public/,0.300000,0.000000,500,500,550,550,550,550,550,550,550,550,550,379,0,270,341.910290237467,109,1483,10207.029023746702
1637175015,1,,Aggregated,2.200000,0.000000,420,460,500,540,770,1200,1200,1200,1200,1200,1200,2390,0,250,320.7652719665272,8,2059,5930.293305439331
1637175016,1,GET,/,1.000000,0.000000,540,540,770,770,1200,1200,1200,1200,1200,1200,1200,593,0,290,359.822934232715,111,1677,10256.652613827993
1637175016,1,POST,/,0.100000,0.000000,720,720,720,720,720,720,720,720,720,720,720,93,0,720,803.989247311828,296,2059,10175.139784946237
1637175016,1,GET,/auth/find-friends/,0.600000,0.000000,360,420,460,460,480,480,480,480,480,480,480,758,0,180,242.8707124010554,54,1382,1974.0
1637175016,1,GET,/auth/login/,0.000000,0.000000,0,0,0,0,0,0,0,0,0,0,0,1,0,597,597.0,597,597,2961.0
1637175016,1,POST,/auth/login/,0.000000,0.000000,0,0,0,0,0,0,0,0,0,0,0,95,0,340,509.2736842105263,153,1934,10395.61052631579
1637175016,1,GET,/auth/logout/,0.000000,0.000000,0,0,0,0,0,0,0,0,0,0,0,94,0,100,133.27659574468086,8,533,1712.0
1637175016,1,POST,/auth/modify-friend/,0.300000,0.000000,360,360,420,420,420,420,420,420,420,420,420,379,0,220,274.75197889182056,74,1132,1713.0
1637175016,1,GET,/public/,0.300000,0.000000,410,500,500,550,550,550,550,550,550,550,550,380,0,270,342.08947368421053,109,1483,10206.644736842105
1637175016,1,,Aggregated,2.300000,0.000000,420,460,500,540,550,770,1200,1200,1200,1200,1200,2393,0,250,320.8829920601755,8,2059,5935.645215211032
1637175017,1,GET,/,0.800000,0.000000,540,540,770,770,1200,1200,1200,1200,1200,1200,1200,593,0,290,359.822934232715,111,1677,10256.652613827993
1637175017,1,POST,/,0.000000,0.000000,720,720,720,720,720,720,720,720,720,720,720,93,0,720,803.989247311828,296,2059,10175.139784946237
1637175017,1,GET,/auth/find-friends/,0.700000,0.000000,360,420,460,460,480,480,480,480,480,480,480,760,0,180,242.81842105263158,54,1382,1974.0
1637175017,1,GET,/auth/login/,0.000000,0.000000,0,0,0,0,0,0,0,0,0,0,0,1,0,597,597.0,597,597,2961.0
1637175017,1,POST,/auth/login/,0.000000,0.000000,0,0,0,0,0,0,0,0,0,0,0,95,0,340,509.2736842105263,153,1934,10395.61052631579
1637175017,1,GET,/auth/logout/,0.000000,0.000000,0,0,0,0,0,0,0,0,0,0,0,94,0,100,133.27659574468086,8,533,1712.0
1637175017,1,POST,/auth/modify-friend/,0.300000,0.000000,320,360,360,420,420,420,420,420,420,420,420,380,0,220,274.5052631578947,74,1132,1713.0
1637175017,1,GET,/public/,0.400000,0.000000,410,500,500,550,550,550,550,550,550,550,550,381,0,270,341.93438320209975,109,1483,10206.267716535433
1637175017,1,,Aggregated,2.200000,0.000000,410,460,500,540,550,770,1200,1200,1200,1200,1200,2397,0,250,320.7271589486859,8,2059,5932.299958281184
1637175018,1,GET,/,0.900000,0.000000,540,540,540,1200,1200,1200,1200,1200,1200,1200,1200,593,0,290,359.822934232715,111,1677,10256.652613827993
1637175018,1,POST,/,0.000000,0.000000,720,720,720,720,720,720,720,720,720,720,720,93,0,720,803.989247311828,296,2059,10175.139784946237
1637175018,1,GET,/auth/find-friends/,0.600000,0.000000,310,360,420,460,480,480,480,480,480,480,480,762,0,180,242.8254593175853,54,1382,1974.0
1637175018,1,GET,/auth/login/,0.000000,0.000000,0,0,0,0,0,0,0,0,0,0,0,1,0,597,597.0,597,597,2961.0
1637175018,1,POST,/auth/login/,0.000000,0.000000,0,0,0,0,0,0,0,0,0,0,0,95,0,340,509.2736842105263,153,1934,10395.61052631579
1637175018,1,GET,/auth/logout/,0.000000,0.000000,0,0,0,0,0,0,0,0,0,0,0,94,0,100,133.27659574468086,8,533,1712.0
1637175018,1,POST,/auth/modify-friend/,0.300000,0.000000,330,360,360,420,420,420,420,420,420,420,420,381,0,220,274.65879265091866,74,1132,1713.0
1637175018,1,GET,/public/,0.300000,0.000000,410,500,500,550,550,550,550,550,550,550,550,381,0,270,341.93438320209975,109,1483,10206.267716535433
1637175018,1,,Aggregated,2.100000,0.000000,360,420,460,500,540,550,1200,1200,1200,1200,1200,2400,0,250,320.6695833333333,8,2059,5927.243333333333
1637175019,1,GET,/,0.800000,0.000000,540,540,540,710,710,710,710,710,710,710,710,594,0,290,360.40909090909093,111,1677,10257.070707070707
1637175019,1,POST,/,0.000000,0.000000,720,720,720,720,720,720,720,720,720,720,720,93,0,720,803.989247311828,296,2059,10175.139784946237
1637175019,1,GET,/auth/find-friends/,0.700000,0.000000,310,360,420,460,480,480,480,480,480,480,480,762,0,180,242.8254593175853,54,1382,1974.0
1637175019,1,GET,/auth/login/,0.000000,0.000000,0,0,0,0,0,0,0,0,0,0,0,1,0,597,597.0,597,597,2961.0
1637175019,1,POST,/auth/login/,0.000000,0.000000,0,0,0,0,0,0,0,0,0,0,0,95,0,340,509.2736842105263,153,1934,10395.61052631579
1637175019,1,GET,/auth/logout/,0.000000,0.000000,0,0,0,0,0,0,0,0,0,0,0,94,0,100,133.27659574468086,8,533,1712.0
1637175019,1,POST,/auth/modify-friend/,0.300000,0.000000,330,360,360,420,420,420,420,420,420,420,420,381,0,220,274.65879265091866,74,1132,1713.0
1637175019,1,GET,/public/,0.400000,0.000000,500,500,530,530,550,550,550,550,550,550,550,382,0,270,342.42931937172773,109,1483,10206.510471204188
1637175019,1,,Aggregated,2.200000,0.000000,380,420,480,500,540,550,710,710,710,710,710,2402,0,250,320.91840133222314,8,2059,5930.969192339717
1637175020,1,GET,/,0.600000,0.000000,540,540,540,710,710,710,710,710,710,710,710,594,0,290,360.40909090909093,111,1677,10257.070707070707
1637175020,1,POST,/,0.000000,0.000000,720,720,720,720,720,720,720,720,720,720,720,93,0,720,803.989247311828,296,2059,10175.139784946237
1637175020,1,GET,/auth/find-friends/,0.900000,0.000000,310,370,460,460,480,500,500,500,500,500,500,764,0,180,243.3324607329843,54,1382,1974.0
1637175020,1,GET,/auth/login/,0.000000,0.000000,0,0,0,0,0,0,0,0,0,0,0,1,0,597,597.0,597,597,2961.0
1637175020,1,POST,/auth/login/,0.000000,0.000000,0,0,0,0,0,0,0,0,0,0,0,95,0,340,509.2736842105263,153,1934,10395.61052631579
1637175020,1,GET,/auth/logout/,0.000000,0.000000,0,0,0,0,0,0,0,0,0,0,0,94,0,100,133.27659574468086,8,533,1712.0
1637175020,1,POST,/auth/modify-friend/,0.400000,0.000000,330,360,360,420,420,420,420,420,420,420,420,381,0,220,274.65879265091866,74,1132,1713.0
1637175020,1,GET,/public/,0.500000,0.000000,500,500,530,530,550,550,550,550,550,550,550,382,0,270,342.42931937172773,109,1483,10206.510471204188
1637175020,1,,Aggregated,2.400000,0.000000,360,410,460,500,540,550,710,710,710,710,710,2404,0,250,321.0145590682196,8,2059,5927.677204658902
1637175021,1,GET,/,0.500000,0.000000,490,540,540,710,710,710,710,710,710,710,710,595,0,290,360.6252100840336,111,1677,10257.833613445378
1637175021,1,POST,/,0.000000,0.000000,720,720,720,720,720,720,720,720,720,720,720,93,0,720,803.989247311828,296,2059,10175.139784946237
1637175021,1,GET,/auth/find-friends/,1.000000,0.000000,310,370,460,460,480,500,500,500,500,500,500,764,0,180,243.3324607329843,54,1382,1974.0
1637175021,1,GET,/auth/login/,0.000000,0.000000,0,0,0,0,0,0,0,0,0,0,0,1,0,597,597.0,597,597,2961.0
1637175021,1,POST,/auth/login/,0.000000,0.000000,0,0,0,0,0,0,0,0,0,0,0,95,0,340,509.2736842105263,153,1934,10395.61052631579
1637175021,1,GET,/auth/logout/,0.000000,0.000000,0,0,0,0,0,0,0,0,0,0,0,94,0,100,133.27659574468086,8,533,1712.0
1637175021,1,POST,/auth/modify-friend/,0.500000,0.000000,360,360,420,420,440,440,440,440,440,440,440,382,0,220,275.1020942408377,74,1132,1713.0
1637175021,1,GET,/public/,0.500000,0.000000,410,530,530,550,550,550,550,550,550,550,550,382,0,270,342.42931937172773,109,1483,10206.510471204188
1637175021,1,,Aggregated,2.500000,0.000000,360,410,460,500,540,550,710,710,710,710,710,2406,0,250,321.1354945968412,8,2059,5927.913549459684
1637175022,1,GET,/,0.500000,0.000000,490,540,540,710,710,710,710,710,710,710,710,595,0,290,360.6252100840336,111,1677,10257.833613445378
1637175022,1,POST,/,0.000000,0.000000,0,0,0,0,0,0,0,0,0,0,0,93,0,720,803.989247311828,296,2059,10175.139784946237
1637175022,1,GET,/auth/find-friends/,1.000000,0.000000,310,370,460,460,480,500,500,500,500,500,500,765,0,180,243.64575163398692,54,1382,1974.0
1637175022,1,GET,/auth/login/,0.000000,0.000000,0,0,0,0,0,0,0,0,0,0,0,1,0,597,597.0,597,597,2961.0
1637175022,1,POST,/auth/login/,0.000000,0.000000,0,0,0,0,0,0,0,0,0,0,0,95,0,340,509.2736842105263,153,1934,10395.61052631579
1637175022,1,GET,/auth/logout/,0.000000,0.000000,0,0,0,0,0,0,0,0,0,0,0,94,0,100,133.27659574468086,8,533,1712.0
1637175022,1,POST,/auth/modify-friend/,0.500000,0.000000,330,360,360,440,440,440,440,440,440,440,440,382,0,220,275.1020942408377,74,1132,1713.0
1637175022,1,GET,/public/,0.600000,0.000000,530,530,540,540,550,550,550,550,550,550,550,383,0,270,342.94516971279376,109,1483,10207.10182767624
1637175022,1,,Aggregated,2.600000,0.000000,360,440,480,500,540,540,710,710,710,710,710,2408,0,250,321.2936046511628,8,2059,5928.142441860465
1637175023,1,GET,/,0.400000,0.000000,490,540,540,710,710,710,710,710,710,710,710,596,0,290,360.72986577181206,111,1677,10258.080536912752
1637175023,1,POST,/,0.000000,0.000000,0,0,0,0,0,0,0,0,0,0,0,93,0,720,803.989247311828,296,2059,10175.139784946237
1637175023,1,GET,/auth/find-friends/,1.100000,0.000000,310,370,460,480,500,500,500,500,500,500,500,766,0,180,243.70496083550913,54,1382,1974.0
1637175023,1,GET,/auth/login/,0.000000,0.000000,0,0,0,0,0,0,0,0,0,0,0,1,0,597,597.0,597,597,2961.0
1637175023,1,POST,/auth/login/,0.000000,0.000000,0,0,0,0,0,0,0,0,0,0,0,95,0,340,509.2736842105263,153,1934,10395.61052631579
1637175023,1,GET,/auth/logout/,0.000000,0.000000,0,0,0,0,0,0,0,0,0,0,0,94,0,100,133.27659574468086,8,533,1712.0
1637175023,1,POST,/auth/modify-friend/,0.600000,0.000000,360,360,420,420,440,440,440,440,440,440,440,383,0,220,275.4934725848564,74,1132,1713.0
1637175023,1,GET,/public/,0.500000,0.000000,410,530,530,540,540,540,540,540,540,540,540,383,0,270,342.94516971279376,109,1483,10207.10182767624
1637175023,1,,Aggregated,2.600000,0.000000,410,440,480,500,540,540,710,710,710,710,710,2411,0,250,321.36540854417257,8,2059,5926.610949813356
1637175024,1,GET,/,0.500000,0.000000,490,540,540,710,710,710,710,710,710,710,710,596,0,290,360.72986577181206,111,1677,10258.080536912752
1637175024,1,POST,/,0.000000,0.000000,0,0,0,0,0,0,0,0,0,0,0,93,0,720,803.989247311828,296,2059,10175.139784946237
1637175024,1,GET,/auth/find-friends/,1.000000,0.000000,290,310,370,480,500,500,500,500,500,500,500,766,0,180,243.70496083550913,54,1382,1974.0
1637175024,1,GET,/auth/login/,0.000000,0.000000,0,0,0,0,0,0,0,0,0,0,0,1,0,597,597.0,597,597,2961.0
1637175024,1,POST,/auth/login/,0.000000,0.000000,0,0,0,0,0,0,0,0,0,0,0,95,0,340,509.2736842105263,153,1934,10395.61052631579
1637175024,1,GET,/auth/logout/,0.000000,0.000000,0,0,0,0,0,0,0,0,0,0,0,94,0,100,133.27659574468086,8,533,1712.0
1637175024,1,POST,/auth/modify-friend/,0.500000,0.000000,330,420,420,440,440,440,440,440,440,440,440,383,0,220,275.4934725848564,74,1132,1713.0
1637175024,1,GET,/public/,0.600000,0.000000,500,500,530,530,540,540,540,540,540,540,540,384,0,270,343.3541666666667,109,1483,10207.057291666666
1637175024,1,,Aggregated,2.600000,0.000000,410,440,500,500,540,540,710,710,710,710,710,2412,0,250,321.43946932006634,8,2059,5928.378524046435
1637175025,1,GET,/,0.400000,0.000000,490,490,710,710,710,710,710,710,710,710,710,596,0,290,360.72986577181206,111,1677,10258.080536912752
1637175025,1,POST,/,0.000000,0.000000,0,0,0,0,0,0,0,0,0,0,0,93,0,720,803.989247311828,296,2059,10175.139784946237
1637175025,1,GET,/auth/find-friends/,1.200000,0.000000,370,480,480,500,560,560,560,560,560,560,560,768,0,180,244.42708333333334,54,1382,1974.0
1637175025,1,GET,/auth/login/,0.000000,0.000000,0,0,0,0,0,0,0,0,0,0,0,1,0,597,597.0,597,597,2961.0
1637175025,1,POST,/auth/login/,0.000000,0.000000,0,0,0,0,0,0,0,0,0,0,0,95,0,340,509.2736842105263,153,1934,10395.61052631579
1637175025,1,GET,/auth/logout/,0.000000,0.000000,0,0,0,0,0,0,0,0,0,0,0,94,0,100,133.27659574468086,8,533,1712.0
1637175025,1,POST,/auth/modify-friend/,0.500000,0.000000,330,420,420,440,440,440,440,440,440,440,440,383,0,220,275.4934725848564,74,1132,1713.0
1637175025,1,GET,/public/,0.500000,0.000000,500,530,530,540,540,540,540,540,540,540,540,384,0,270,343.3541666666667,109,1483,10207.057291666666
1637175025,1,,Aggregated,2.600000,0.000000,420,480,500,500,540,560,710,710,710,710,710,2414,0,250,321.60480530240267,8,2059,5925.10231980116
1637175026,1,GET,/,0.500000,0.000000,490,490,710,710,710,710,710,710,710,710,710,596,0,290,360.72986577181206,111,1677,10258.080536912752
1637175026,1,POST,/,0.000000,0.000000,0,0,0,0,0,0,0,0,0,0,0,93,0,720,803.989247311828,296,2059,10175.139784946237
1637175026,1,GET,/auth/find-friends/,1.000000,0.000000,370,480,480,500,560,560,560,560,560,560,560,768,0,180,244.42708333333334,54,1382,1974.0
1637175026,1,GET,/auth/login/,0.000000,0.000000,0,0,0,0,0,0,0,0,0,0,0,1,0,597,597.0,597,597,2961.0
1637175026,1,POST,/auth/login/,0.000000,0.000000,0,0,0,0,0,0,0,0,0,0,0,95,0,340,509.2736842105263,153,1934,10395.61052631579
1637175026,1,GET,/auth/logout/,0.000000,0.000000,0,0,0,0,0,0,0,0,0,0,0,94,0,100,133.27659574468086,8,533,1712.0
1637175026,1,POST,/auth/modify-friend/,0.500000,0.000000,420,440,440,540,540,540,540,540,540,540,540,384,0,220,276.1927083333333,74,1132,1713.0
1637175026,1,GET,/public/,0.500000,0.000000,530,540,540,550,550,550,550,550,550,550,550,385,0,270,343.8961038961039,109,1483,10206.277922077921
1637175026,1,,Aggregated,2.500000,0.000000,480,500,530,540,550,560,710,710,710,710,710,2416,0,250,321.7922185430464,8,2059,5925.007036423841
1637175027,1,GET,/,0.500000,0.000000,490,490,710,710,710,710,710,710,710,710,710,596,0,290,360.72986577181206,111,1677,10258.080536912752
1637175027,1,POST,/,0.000000,0.000000,0,0,0,0,0,0,0,0,0,0,0,93,0,720,803.989247311828,296,2059,10175.139784946237
1637175027,1,GET,/auth/find-friends/,1.000000,0.000000,470,480,480,500,560,560,560,560,560,560,560,770,0,180,244.88181818181818,54,1382,1974.0
1637175027,1,GET,/auth/login/,0.000000,0.000000,0,0,0,0,0,0,0,0,0,0,0,1,0,597,597.0,597,597,2961.0
1637175027,1,POST,/auth/login/,0.000000,0.000000,0,0,0,0,0,0,0,0,0,0,0,95,0,340,509.2736842105263,153,1934,10395.61052631579
1637175027,1,GET,/auth/logout/,0.000000,0.000000,0,0,0,0,0,0,0,0,0,0,0,94,0,100,133.27659574468086,8,533,1712.0
1637175027,1,POST,/auth/modify-friend/,0.500000,0.000000,420,440,440,540,540,540,540,540,540,540,540,385,0,220,276.56363636363636,74,1132,1713.0
1637175027,1,GET,/public/,0.500000,0.000000,530,540,540,550,550,550,550,550,550,550,550,385,0,270,343.8961038961039,109,1483,10206.277922077921
1637175027,1,,Aggregated,2.500000,0.000000,480,500,530,540,550,560,710,710,710,710,710,2419,0,250,321.9131872674659,8,2059,5919.999173212071
1637175028,1,GET,/,0.400000,0.000000,490,490,710,710,710,710,710,710,710,710,710,596,0,290,360.72986577181206,111,1677,10258.080536912752
1637175028,1,POST,/,0.000000,0.000000,0,0,0,0,0,0,0,0,0,0,0,93,0,720,803.989247311828,296,2059,10175.139784946237
1637175028,1,GET,/auth/find-friends/,1.000000,0.000000,470,480,480,500,560,560,560,560,560,560,560,770,0,180,244.88181818181818,54,1382,1974.0
1637175028,1,GET,/auth/login/,0.000000,0.000000,0,0,0,0,0,0,0,0,0,0,0,1,0,597,597.0,597,597,2961.0
1637175028,1,POST,/auth/login/,0.000000,0.000000,0,0,0,0,0,0,0,0,0,0,0,95,0,340,509.2736842105263,153,1934,10395.61052631579
1637175028,1,GET,/auth/logout/,0.000000,0.000000,0,0,0,0,0,0,0,0,0,0,0,94,0,100,133.27659574468086,8,533,1712.0
1637175028,1,POST,/auth/modify-friend/,0.500000,0.000000,420,440,440,540,540,540,540,540,540,540,540,385,0,220,276.56363636363636,74,1132,1713.0
1637175028,1,GET,/public/,0.500000,0.000000,540,550,550,890,890,890,890,890,890,890,890,386,0,270,345.30829015544043,109,1483,10206.225388601037
1637175028,1,,Aggregated,2.400000,0.000000,490,530,540,550,710,890,890,890,890,890,890,2420,0,250,322.14752066115705,8,2059,5921.761983471074
1637175029,1,GET,/,0.300000,0.000000,490,490,710,710,710,710,710,710,710,710,710,596,0,290,360.72986577181206,111,1677,10258.080536912752
1637175029,1,POST,/,0.000000,0.000000,0,0,0,0,0,0,0,0,0,0,0,93,0,720,803.989247311828,296,2059,10175.139784946237
1637175029,1,GET,/auth/find-friends/,1.000000,0.000000,470,480,480,500,560,560,560,560,560,560,560,772,0,180,245.05051813471502,54,1382,1974.0
1637175029,1,GET,/auth/login/,0.000000,0.000000,0,0,0,0,0,0,0,0,0,0,0,1,0,597,597.0,597,597,2961.0
1637175029,1,POST,/auth/login/,0.000000,0.000000,0,0,0,0,0,0,0,0,0,0,0,95,0,340,509.2736842105263,153,1934,10395.61052631579
1637175029,1,GET,/auth/logout/,0.000000,0.000000,0,0,0,0,0,0,0,0,0,0,0,94,0,100,133.27659574468086,8,533,1712.0
1637175029,1,POST,/auth/modify-friend/,0.500000,0.000000,420,440,440,540,540,540,540,540,540,540,540,386,0,220,276.7461139896373,74,1132,1713.0
1637175029,1,GET,/public/,0.500000,0.000000,540,550,550,890,890,890,890,890,890,890,890,386,0,270,345.30829015544043,109,1483,10206.225388601037
1637175029,1,,Aggregated,2.300000,0.000000,470,490,500,540,550,560,890,890,890,890,890,2423,0,250,322.1477507222452,8,2059,5916.766405282708
1637175030,1,GET,/,0.300000,0.000000,490,490,510,510,510,510,510,510,510,510,510,598,0,290,361.16889632107024,111,1677,10259.03678929766
1637175030,1,POST,/,0.000000,0.000000,0,0,0,0,0,0,0,0,0,0,0,93,0,720,803.989247311828,296,2059,10175.139784946237
1637175030,1,GET,/auth/find-friends/,0.900000,0.000000,470,480,480,500,560,560,560,560,560,560,560,772,0,180,245.05051813471502,54,1382,1974.0
1637175030,1,GET,/auth/login/,0.000000,0.000000,0,0,0,0,0,0,0,0,0,0,0,1,0,597,597.0,597,597,2961.0
1637175030,1,POST,/auth/login/,0.000000,0.000000,0,0,0,0,0,0,0,0,0,0,0,95,0,340,509.2736842105263,153,1934,10395.61052631579
1637175030,1,GET,/auth/logout/,0.000000,0.000000,0,0,0,0,0,0,0,0,0,0,0,94,0,100,133.27659574468086,8,533,1712.0
1637175030,1,POST,/auth/modify-friend/,0.500000,0.000000,420,440,440,540,540,540,540,540,540,540,540,386,0,220,276.7461139896373,74,1132,1713.0
1637175030,1,GET,/public/,0.400000,0.000000,550,550,890,890,890,890,890,890,890,890,890,386,0,270,345.30829015544043,109,1483,10206.225388601037
1637175030,1,,Aggregated,2.100000,0.000000,480,500,540,540,560,890,890,890,890,890,890,2425,0,250,322.2878350515464,8,2059,5920.582680412371
1637175031,1,GET,/,0.300000,0.000000,490,490,510,510,510,510,510,510,510,510,510,598,0,290,361.16889632107024,111,1677,10259.03678929766
1637175031,1,POST,/,0.000000,0.000000,0,0,0,0,0,0,0,0,0,0,0,93,0,720,803.989247311828,296,2059,10175.139784946237
1637175031,1,GET,/auth/find-friends/,0.900000,0.000000,370,470,480,480,560,560,560,560,560,560,560,773,0,180,245.21474773609313,54,1382,1974.0
1637175031,1,GET,/auth/login/,0.000000,0.000000,0,0,0,0,0,0,0,0,0,0,0,1,0,597,597.0,597,597,2961.0
1637175031,1,POST,/auth/login/,0.000000,0.000000,0,0,0,0,0,0,0,0,0,0,0,95,0,340,509.2736842105263,153,1934,10395.61052631579
1637175031,1,GET,/auth/logout/,0.000000,0.000000,0,0,0,0,0,0,0,0,0,0,0,94,0,100,133.27659574468086,8,533,1712.0
1637175031,1,POST,/auth/modify-friend/,0.400000,0.000000,420,420,540,540,540,540,540,540,540,540,540,386,0,220,276.7461139896373,74,1132,1713.0
1637175031,1,GET,/public/,0.500000,0.000000,550,610,610,890,890,890,890,890,890,890,890,387,0,270,345.98191214470285,109,1483,10206.364341085271
1637175031,1,,Aggregated,2.100000,0.000000,470,500,540,550,610,890,890,890,890,890,890,2427,0,250,322.42521631644007,8,2059,5920.744540585085
1637175032,1,GET,/,0.300000,0.000000,500,500,510,510,510,510,510,510,510,510,510,599,0,290,361.39565943238733,111,1677,10259.484140233722
1637175032,1,POST,/,0.000000,0.000000,0,0,0,0,0,0,0,0,0,0,0,93,0,720,803.989247311828,296,2059,10175.139784946237
1637175032,1,GET,/auth/find-friends/,1.000000,0.000000,370,470,480,480,560,560,560,560,560,560,560,774,0,180,245.3811369509044,54,1382,1974.0
1637175032,1,GET,/auth/login/,0.000000,0.000000,0,0,0,0,0,0,0,0,0,0,0,1,0,597,597.0,597,597,2961.0
1637175032,1,POST,/auth/login/,0.000000,0.000000,0,0,0,0,0,0,0,0,0,0,0,95,0,340,509.2736842105263,153,1934,10395.61052631579
1637175032,1,GET,/auth/logout/,0.000000,0.000000,0,0,0,0,0,0,0,0,0,0,0,94,0,100,133.27659574468086,8,533,1712.0
1637175032,1,POST,/auth/modify-friend/,0.500000,0.000000,420,420,420,540,540,540,540,540,540,540,540,387,0,220,276.97416020671835,74,1132,1713.0
1637175032,1,GET,/public/,0.400000,0.000000,610,610,890,890,890,890,890,890,890,890,890,387,0,270,345.98191214470285,109,1483,10206.364341085271
1637175032,1,,Aggregated,2.200000,0.000000,470,500,510,540,560,610,890,890,890,890,890,2430,0,250,322.5358024691358,8,2059,5919.284362139918
1637175033,1,GET,/,0.400000,0.000000,500,500,510,510,510,510,510,510,510,510,510,599,0,290,361.39565943238733,111,1677,10259.484140233722
1637175033,1,POST,/,0.000000,0.000000,0,0,0,0,0,0,0,0,0,0,0,94,0,720,806.9574468085107,296,2059,10178.45744680851
1637175033,1,GET,/auth/find-friends/,0.800000,0.000000,370,470,480,480,560,560,560,560,560,560,560,774,0,180,245.3811369509044,54,1382,1974.0
1637175033,1,GET,/auth/login/,0.000000,0.000000,0,0,0,0,0,0,0,0,0,0,0,1,0,597,597.0,597,597,2961.0
1637175033,1,POST,/auth/login/,0.000000,0.000000,0,0,0,0,0,0,0,0,0,0,0,95,0,340,509.2736842105263,153,1934,10395.61052631579
1637175033,1,GET,/auth/logout/,0.000000,0.000000,0,0,0,0,0,0,0,0,0,0,0,94,0,100,133.27659574468086,8,533,1712.0
1637175033,1,POST,/auth/modify-friend/,0.400000,0.000000,420,420,420,540,540,540,540,540,540,540,540,387,0,220,276.97416020671835,74,1132,1713.0
1637175033,1,GET,/public/,0.400000,0.000000,610,610,890,890,890,890,890,890,890,890,890,387,0,270,345.98191214470285,109,1483,10206.364341085271
1637175033,1,,Aggregated,2.000000,0.000000,480,510,550,560,890,1100,1100,1100,1100,1100,1100,2431,0,250,322.84862196626904,8,2059,5921.1633072809545
1637175034,1,GET,/,0.300000,0.000000,500,500,510,510,510,510,510,510,510,510,510,599,0,290,361.39565943238733,111,1677,10259.484140233722
1637175034,1,POST,/,0.000000,0.000000,1100,1100,1100,1100,1100,1100,1100,1100,1100,1100,1100,94,0,720,806.9574468085107,296,2059,10178.45744680851
1637175034,1,GET,/auth/find-friends/,1.000000,0.000000,370,370,470,470,480,480,480,480,480,480,480,775,0,180,245.5148387096774,54,1382,1974.0
1637175034,1,GET,/auth/login/,0.000000,0.000000,0,0,0,0,0,0,0,0,0,0,0,1,0,597,597.0,597,597,2961.0
1637175034,1,POST,/auth/login/,0.000000,0.000000,0,0,0,0,0,0,0,0,0,0,0,95,0,340,509.2736842105263,153,1934,10395.61052631579
1637175034,1,GET,/auth/logout/,0.000000,0.000000,0,0,0,0,0,0,0,0,0,0,0,94,0,100,133.27659574468086,8,533,1712.0
1637175034,1,POST,/auth/modify-friend/,0.400000,0.000000,420,420,540,540,540,540,540,540,540,540,540,387,0,220,276.97416020671835,74,1132,1713.0
1637175034,1,GET,/public/,0.400000,0.000000,550,610,610,890,890,890,890,890,890,890,890,388,0,270,346.21907216494844,109,1483,10205.79381443299
1637175034,1,,Aggregated,2.100000,0.000000,470,500,540,550,890,1100,1100,1100,1100,1100,1100,2433,0,250,322.90669954788325,8,2059,5921.2112618166875
1637175035,1,GET,/,0.400000,0.000000,500,500,510,510,510,510,510,510,510,510,510,599,0,290,361.39565943238733,111,1677,10259.484140233722
1637175035,1,POST,/,0.000000,0.000000,1100,1100,1100,1100,1100,1100,1100,1100,1100,1100,1100,94,0,720,806.9574468085107,296,2059,10178.45744680851
1637175035,1,GET,/auth/find-friends/,0.800000,0.000000,370,370,470,470,490,490,490,490,490,490,490,776,0,180,245.8286082474227,54,1382,1974.0
1637175035,1,GET,/auth/login/,0.000000,0.000000,0,0,0,0,0,0,0,0,0,0,0,1,0,597,597.0,597,597,2961.0
1637175035,1,POST,/auth/login/,0.000000,0.000000,0,0,0,0,0,0,0,0,0,0,0,95,0,340,509.2736842105263,153,1934,10395.61052631579
1637175035,1,GET,/auth/logout/,0.000000,0.000000,0,0,0,0,0,0,0,0,0,0,0,94,0,100,133.27659574468086,8,533,1712.0
1637175035,1,POST,/auth/modify-friend/,0.500000,0.000000,420,420,420,540,540,540,540,540,540,540,540,388,0,220,277.3453608247423,74,1132,1713.0
1637175035,1,GET,/public/,0.400000,0.000000,610,610,890,890,890,890,890,890,890,890,890,388,0,270,346.21907216494844,109,1483,10205.79381443299
1637175035,1,,Aggregated,2.100000,0.000000,440,490,510,550,890,1100,1100,1100,1100,1100,1100,2435,0,250,323.01519507186856,8,2059,5917.862012320328
1637175036,1,GET,/,0.300000,0.000000,510,510,510,510,510,510,510,510,510,510,510,600,0,290,361.64,111,1677,10259.805
1637175036,1,POST,/,0.100000,0.000000,1100,1100,1100,1100,1100,1100,1100,1100,1100,1100,1100,94,0,720,806.9574468085107,296,2059,10178.45744680851
1637175036,1,GET,/auth/find-friends/,0.800000,0.000000,370,370,370,370,490,490,490,490,490,490,490,776,0,180,245.8286082474227,54,1382,1974.0
1637175036,1,GET,/auth/login/,0.000000,0.000000,0,0,0,0,0,0,0,0,0,0,0,1,0,597,597.0,597,597,2961.0
1637175036,1,POST,/auth/login/,0.000000,0.000000,0,0,0,0,0,0,0,0,0,0,0,95,0,340,509.2736842105263,153,1934,10395.61052631579
1637175036,1,GET,/auth/logout/,0.000000,0.000000,0,0,0,0,0,0,0,0,0,0,0,94,0,100,133.27659574468086,8,533,1712.0
1637175036,1,POST,/auth/modify-friend/,0.400000,0.000000,420,420,420,420,420,420,420,420,420,420,420,388,0,220,277.3453608247423,74,1132,1713.0
1637175036,1,GET,/public/,0.400000,0.000000,550,610,610,890,890,890,890,890,890,890,890,389,0,280,346.7120822622108,109,1483,10206.095115681233
1637175036,1,,Aggregated,2.000000,0.000000,440,500,510,540,890,1100,1100,1100,1100,1100,1100,2437,0,250,323.17931883463274,8,2059,5921.530160032828
1637175037,1,GET,/,0.300000,0.000000,510,510,510,510,510,510,510,510,510,510,510,600,0,290,361.64,111,1677,10259.805
1637175037,1,POST,/,0.100000,0.000000,1100,1100,1100,1100,1100,1100,1100,1100,1100,1100,1100,94,0,720,806.9574468085107,296,2059,10178.45744680851
1637175037,1,GET,/auth/find-friends/,0.900000,0.000000,370,400,490,490,510,510,510,510,510,510,510,778,0,180,246.3586118251928,54,1382,1974.0
1637175037,1,GET,/auth/login/,0.000000,0.000000,0,0,0,0,0,0,0,0,0,0,0,1,0,597,597.0,597,597,2961.0
1637175037,1,POST,/auth/login/,0.000000,0.000000,0,0,0,0,0,0,0,0,0,0,0,95,0,340,509.2736842105263,153,1934,10395.61052631579
1637175037,1,GET,/auth/logout/,0.000000,0.000000,0,0,0,0,0,0,0,0,0,0,0,94,0,100,133.27659574468086,8,533,1712.0
1637175037,1,POST,/auth/modify-friend/,0.400000,0.000000,420,420,420,420,420,420,420,420,420,420,420,388,0,220,277.3453608247423,74,1132,1713.0
1637175037,1,GET,/public/,0.400000,0.000000,610,610,890,890,890,890,890,890,890,890,890,389,0,280,346.7120822622108,109,1483,10206.095115681233
1637175037,1,,Aggregated,2.100000,0.000000,470,510,510,540,890,1100,1100,1100,1100,1100,1100,2439,0,250,323.2849528495285,8,2059,5918.293152931529
1637175038,1,GET,/,0.400000,0.000000,510,510,510,790,790,790,790,790,790,790,790,601,0,290,362.35108153078204,111,1677,10259.753743760399
1637175038,1,POST,/,0.100000,0.000000,1100,1100,1100,1100,1100,1100,1100,1100,1100,1100,1100,94,0,720,806.9574468085107,296,2059,10178.45744680851
1637175038,1,GET,/auth/find-friends/,0.800000,0.000000,370,400,490,490,510,510,510,510,510,510,510,778,0,180,246.3586118251928,54,1382,1974.0
1637175038,1,GET,/auth/login/,0.000000,0.000000,0,0,0,0,0,0,0,0,0,0,0,1,0,597,597.0,597,597,2961.0
1637175038,1,POST,/auth/login/,0.000000,0.000000,0,0,0,0,0,0,0,0,0,0,0,95,0,340,509.2736842105263,153,1934,10395.61052631579
1637175038,1,GET,/auth/logout/,0.000000,0.000000,0,0,0,0,0,0,0,0,0,0,0,94,0,100,133.27659574468086,8,533,1712.0
1637175038,1,POST,/auth/modify-friend/,0.400000,0.000000,410,410,420,420,420,420,420,420,420,420,420,389,0,230,277.68894601542416,74,1132,1713.0
1637175038,1,GET,/public/,0.400000,0.000000,610,610,890,890,890,890,890,890,890,890,890,389,0,280,346.7120822622108,109,1483,10206.095115681233
1637175038,1,,Aggregated,2.100000,0.000000,470,510,510,540,790,1100,1100,1100,1100,1100,1100,2441,0,250,323.51167554281034,8,2059,5918.336337566571
1637175039,1,GET,/,0.400000,0.000000,510,510,530,530,790,790,790,790,790,790,790,603,0,290,362.82089552238807,111,1677,10259.90215588723
1637175039,1,POST,/,0.100000,0.000000,1100,1100,1100,1100,1100,1100,1100,1100,1100,1100,1100,94,0,720,806.9574468085107,296,2059,10178.45744680851
1637175039,1,GET,/auth/find-friends/,0.800000,0.000000,370,400,490,490,510,510,510,510,510,510,510,778,0,180,246.3586118251928,54,1382,1974.0
1637175039,1,GET,/auth/login/,0.000000,0.000000,0,0,0,0,0,0,0,0,0,0,0,1,0,597,597.0,597,597,2961.0
1637175039,1,POST,/auth/login/,0.000000,0.000000,0,0,0,0,0,0,0,0,0,0,0,95,0,340,509.2736842105263,153,1934,10395.61052631579
1637175039,1,GET,/auth/logout/,0.000000,0.000000,0,0,0,0,0,0,0,0,0,0,0,94,0,100,133.27659574468086,8,533,1712.0
1637175039,1,POST,/auth/modify-friend/,0.400000,0.000000,410,410,420,420,420,420,420,420,420,420,420,389,0,230,277.68894601542416,74,1132,1713.0
1637175039,1,GET,/public/,0.400000,0.000000,540,540,610,610,610,610,610,610,610,610,610,389,0,280,346.7120822622108,109,1483,10206.095115681233
1637175039,1,,Aggregated,2.100000,0.000000,490,510,530,540,790,1100,1100,1100,1100,1100,1100,2443,0,250,323.6594351207532,8,2059,5921.927138763815
1637175040,1,GET,/,0.400000,0.000000,510,510,530,530,790,790,790,790,790,790,790,603,0,290,362.82089552238807,111,1677,10259.90215588723
1637175040,1,POST,/,0.100000,0.000000,1100,1100,1100,1100,1100,1100,1100,1100,1100,1100,1100,95,0,720,810.5263157894736,296,2059,10182.442105263159
1637175040,1,GET,/auth/find-friends/,0.800000,0.000000,400,400,490,490,510,510,510,510,510,510,510,778,0,180,246.3586118251928,54,1382,1974.0
1637175040,1,GET,/auth/login/,0.000000,0.000000,0,0,0,0,0,0,0,0,0,0,0,1,0,597,597.0,597,597,2961.0
1637175040,1,POST,/auth/login/,0.000000,0.000000,0,0,0,0,0,0,0,0,0,0,0,95,0,340,509.2736842105263,153,1934,10395.61052631579
1637175040,1,GET,/auth/logout/,0.000000,0.000000,0,0,0,0,0,0,0,0,0,0,0,94,0,100,133.27659574468086,8,533,1712.0
1637175040,1,POST,/auth/modify-friend/,0.400000,0.000000,410,410,420,420,420,420,420,420,420,420,420,389,0,230,277.68894601542416,74,1132,1713.0
1637175040,1,GET,/public/,0.400000,0.000000,540,540,610,610,610,610,610,610,610,610,610,389,0,280,346.7120822622108,109,1483,10206.095115681233
1637175040,1,,Aggregated,2.100000,0.000000,490,510,540,610,1100,1100,1100,1100,1100,1100,1100,2444,0,250,323.99590834697216,8,2059,5923.8236497545
1637175041,1,GET,/,0.500000,0.000000,510,530,530,790,790,790,790,790,790,790,790,603,0,290,362.82089552238807,111,1677,10259.90215588723
1637175041,1,POST,/,0.100000,0.000000,1100,1100,1100,1100,1100,1100,1100,1100,1100,1100,1100,95,0,720,810.5263157894736,296,2059,10182.442105263159
1637175041,1,GET,/auth/find-friends/,0.700000,0.000000,400,400,490,490,510,510,510,510,510,510,510,778,0,180,246.3586118251928,54,1382,1974.0
1637175041,1,GET,/auth/login/,0.000000,0.000000,0,0,0,0,0,0,0,0,0,0,0,1,0,597,597.0,597,597,2961.0
1637175041,1,POST,/auth/login/,0.000000,0.000000,0,0,0,0,0,0,0,0,0,0,0,95,0,340,509.2736842105263,153,1934,10395.61052631579
1637175041,1,GET,/auth/logout/,0.000000,0.000000,0,0,0,0,0,0,0,0,0,0,0,95,0,110,135.44210526315788,8,533,1712.0
1637175041,1,POST,/auth/modify-friend/,0.400000,0.000000,410,410,420,420,420,420,420,420,420,420,420,389,0,230,277.68894601542416,74,1132,1713.0
1637175041,1,GET,/public/,0.300000,0.000000,540,540,610,610,610,610,610,610,610,610,610,389,0,280,346.7120822622108,109,1483,10206.095115681233
1637175041,1,,Aggregated,2.000000,0.000000,490,510,530,540,1100,1100,1100,1100,1100,1100,1100,2445,0,250,324.0020449897751,8,2059,5922.101022494888
1637175042,1,GET,/,0.500000,0.000000,510,530,530,790,790,790,790,790,790,790,790,603,0,290,362.82089552238807,111,1677,10259.90215588723
1637175042,1,POST,/,0.100000,0.000000,1100,1100,1100,1100,1100,1100,1100,1100,1100,1100,1100,95,0,720,810.5263157894736,296,2059,10182.442105263159
1637175042,1,GET,/auth/find-friends/,0.700000,0.000000,490,490,510,510,510,510,510,510,510,510,510,778,0,180,246.3586118251928,54,1382,1974.0
1637175042,1,GET,/auth/login/,0.000000,0.000000,0,0,0,0,0,0,0,0,0,0,0,1,0,597,597.0,597,597,2961.0
1637175042,1,POST,/auth/login/,0.000000,0.000000,0,0,0,0,0,0,0,0,0,0,0,95,0,340,509.2736842105263,153,1934,10395.61052631579
1637175042,1,GET,/auth/logout/,0.000000,0.000000,340,340,340,340,340,340,340,340,340,340,340,95,0,110,135.44210526315788,8,533,1712.0
1637175042,1,POST,/auth/modify-friend/,0.400000,0.000000,410,410,420,420,420,420,420,420,420,420,420,389,0,230,277.68894601542416,74,1132,1713.0
1637175042,1,GET,/public/,0.300000,0.000000,540,540,540,540,540,540,540,540,540,540,540,389,0,280,346.7120822622108,109,1483,10206.095115681233
1637175042,1,,Aggregated,2.000000,0.000000,490,510,540,790,1100,1100,1100,1100,1100,1100,1100,2445,0,250,324.0020449897751,8,2059,5922.101022494888
1637175043,1,GET,/,0.500000,0.000000,530,620,620,790,790,790,790,790,790,790,790,604,0,290,363.25165562913907,111,1677,10260.420529801324
1637175043,1,POST,/,0.200000,0.000000,1100,1100,1100,1100,1100,1100,1100,1100,1100,1100,1100,95,0,720,810.5263157894736,296,2059,10182.442105263159
1637175043,1,GET,/auth/find-friends/,0.600000,0.000000,490,490,510,510,510,510,510,510,510,510,510,778,0,180,246.3586118251928,54,1382,1974.0
1637175043,1,GET,/auth/login/,0.000000,0.000000,0,0,0,0,0,0,0,0,0,0,0,1,0,597,597.0,597,597,2961.0
1637175043,1,POST,/auth/login/,0.000000,0.000000,0,0,0,0,0,0,0,0,0,0,0,96,0,340,513.8958333333334,153,1934,10398.708333333334
1637175043,1,GET,/auth/logout/,0.000000,0.000000,340,340,340,340,340,340,340,340,340,340,340,95,0,110,135.44210526315788,8,533,1712.0
1637175043,1,POST,/auth/modify-friend/,0.300000,0.000000,420,420,420,420,420,420,420,420,420,420,420,389,0,230,277.68894601542416,74,1132,1713.0
1637175043,1,GET,/public/,0.300000,0.000000,540,540,540,540,540,540,540,540,540,540,540,389,0,280,346.7120822622108,109,1483,10206.095115681233
1637175043,1,,Aggregated,1.900000,0.000000,510,530,620,620,950,1100,1100,1100,1100,1100,1100,2447,0,250,324.38128320392315,8,2059,5925.951369023293
1637175044,1,GET,/,0.500000,0.000000,530,620,630,630,790,790,790,790,790,790,790,606,0,290,363.73927392739273,111,1677,10261.227722772277
1637175044,1,POST,/,0.200000,0.000000,1100,1100,1100,1100,1100,1100,1100,1100,1100,1100,1100,95,0,720,810.5263157894736,296,2059,10182.442105263159
1637175044,1,GET,/auth/find-friends/,0.400000,0.000000,490,490,510,510,510,510,510,510,510,510,510,778,0,180,246.3586118251928,54,1382,1974.0
1637175044,1,GET,/auth/login/,0.000000,0.000000,0,0,0,0,0,0,0,0,0,0,0,1,0,597,597.0,597,597,2961.0
1637175044,1,POST,/auth/login/,0.000000,0.000000,950,950,950,950,950,950,950,950,950,950,950,96,0,340,513.8958333333334,153,1934,10398.708333333334
1637175044,1,GET,/auth/logout/,0.100000,0.000000,340,340,340,340,340,340,340,340,340,340,340,95,0,110,135.44210526315788,8,533,1712.0
1637175044,1,POST,/auth/modify-friend/,0.300000,0.000000,420,420,420,420,420,420,420,420,420,420,420,389,0,230,277.68894601542416,74,1132,1713.0
1637175044,1,GET,/public/,0.200000,0.000000,540,540,540,540,540,540,540,540,540,540,540,389,0,280,346.7120822622108,109,1483,10206.095115681233
1637175044,1,,Aggregated,1.700000,0.000000,510,540,630,790,950,1100,1100,1100,1100,1100,1100,2449,0,250,324.5336872192732,8,2059,5929.690894242548
1637175045,1,GET,/,0.400000,0.000000,530,620,630,630,790,790,790,790,790,790,790,607,0,290,364.0164744645799,111,1677,10261.718286655683
1637175045,1,POST,/,0.200000,0.000000,1100,1100,1100,1100,1100,1100,1100,1100,1100,1100,1100,95,0,720,810.5263157894736,296,2059,10182.442105263159
1637175045,1,GET,/auth/find-friends/,0.400000,0.000000,510,510,510,510,510,510,510,510,510,510,510,778,0,180,246.3586118251928,54,1382,1974.0
1637175045,1,GET,/auth/login/,0.000000,0.000000,0,0,0,0,0,0,0,0,0,0,0,1,0,597,597.0,597,597,2961.0
1637175045,1,POST,/auth/login/,0.000000,0.000000,950,950,950,950,950,950,950,950,950,950,950,96,0,340,513.8958333333334,153,1934,10398.708333333334
1637175045,1,GET,/auth/logout/,0.100000,0.000000,340,340,340,340,340,340,340,340,340,340,340,96,0,110,137.03125,8,533,1712.0
1637175045,1,POST,/auth/modify-friend/,0.200000,0.000000,420,420,420,420,420,420,420,420,420,420,420,389,0,230,277.68894601542416,74,1132,1713.0
1637175045,1,GET,/public/,0.200000,0.000000,540,540,540,540,540,540,540,540,540,540,540,389,0,280,346.7120822622108,109,1483,10206.095115681233
1637175045,1,,Aggregated,1.500000,0.000000,530,540,630,790,950,1100,1100,1100,1100,1100,1100,2451,0,250,324.6034271725826,8,2059,5929.858833129335
1637175046,1,GET,/,0.400000,0.000000,530,620,630,630,790,790,790,790,790,790,790,607,0,290,364.0164744645799,111,1677,10261.718286655683
1637175046,1,POST,/,0.200000,0.000000,1100,1100,1100,1100,1100,1100,1100,1100,1100,1100,1100,95,0,720,810.5263157894736,296,2059,10182.442105263159
1637175046,1,GET,/auth/find-friends/,0.400000,0.000000,510,510,510,510,510,510,510,510,510,510,510,778,0,180,246.3586118251928,54,1382,1974.0
1637175046,1,GET,/auth/login/,0.000000,0.000000,0,0,0,0,0,0,0,0,0,0,0,1,0,597,597.0,597,597,2961.0
1637175046,1,POST,/auth/login/,0.000000,0.000000,950,950,950,950,950,950,950,950,950,950,950,96,0,340,513.8958333333334,153,1934,10398.708333333334
1637175046,1,GET,/auth/logout/,0.100000,0.000000,340,340,340,340,340,340,340,340,340,340,340,96,0,110,137.03125,8,533,1712.0
1637175046,1,POST,/auth/modify-friend/,0.200000,0.000000,410,410,410,410,410,410,410,410,410,410,410,389,0,230,277.68894601542416,74,1132,1713.0
1637175046,1,GET,/public/,0.200000,0.000000,540,540,540,540,540,540,540,540,540,540,540,389,0,280,346.7120822622108,109,1483,10206.095115681233
1637175046,1,,Aggregated,1.500000,0.000000,530,620,630,790,950,1100,1100,1100,1100,1100,1100,2451,0,250,324.6034271725826,8,2059,5929.858833129335
1637175047,1,GET,/,0.400000,0.000000,530,620,630,630,790,790,790,790,790,790,790,607,0,290,364.0164744645799,111,1677,10261.718286655683
1637175047,1,POST,/,0.200000,0.000000,1100,1100,1100,1100,1100,1100,1100,1100,1100,1100,1100,95,0,720,810.5263157894736,296,2059,10182.442105263159
1637175047,1,GET,/auth/find-friends/,0.400000,0.000000,510,510,510,510,510,510,510,510,510,510,510,778,0,180,246.3586118251928,54,1382,1974.0
1637175047,1,GET,/auth/login/,0.000000,0.000000,0,0,0,0,0,0,0,0,0,0,0,1,0,597,597.0,597,597,2961.0
1637175047,1,POST,/auth/login/,0.000000,0.000000,950,950,950,950,950,950,950,950,950,950,950,96,0,340,513.8958333333334,153,1934,10398.708333333334
1637175047,1,GET,/auth/logout/,0.100000,0.000000,340,340,340,340,340,340,340,340,340,340,340,96,0,110,137.03125,8,533,1712.0
1637175047,1,POST,/auth/modify-friend/,0.200000,0.000000,410,410,410,410,410,410,410,410,410,410,410,389,0,230,277.68894601542416,74,1132,1713.0
1637175047,1,GET,/public/,0.200000,0.000000,540,540,540,540,540,540,540,540,540,540,540,389,0,280,346.7120822622108,109,1483,10206.095115681233
1637175047,1,,Aggregated,1.500000,0.000000,530,630,790,790,950,1100,1100,1100,1100,1100,1100,2451,0,250,324.6034271725826,8,2059,5929.858833129335
1637175048,1,GET,/,0.700000,0.000000,530,530,620,620,630,630,630,630,630,630,630,607,0,290,364.0164744645799,111,1677,10261.718286655683
1637175048,1,POST,/,0.100000,0.000000,1100,1100,1100,1100,1100,1100,1100,1100,1100,1100,1100,95,0,720,810.5263157894736,296,2059,10182.442105263159
1637175048,1,GET,/auth/find-friends/,0.200000,0.000000,510,510,510,510,510,510,510,510,510,510,510,778,0,180,246.3586118251928,54,1382,1974.0
1637175048,1,GET,/auth/login/,0.000000,0.000000,0,0,0,0,0,0,0,0,0,0,0,1,0,597,597.0,597,597,2961.0
1637175048,1,POST,/auth/login/,0.100000,0.000000,2100,2100,2100,2100,2100,2100,2100,2100,2100,2100,2100,97,0,340,530.2886597938144,153,2104,10398.484536082475
1637175048,1,GET,/auth/logout/,0.200000,0.000000,340,340,340,340,340,340,340,340,340,340,340,96,0,110,137.03125,8,533,1712.0
1637175048,1,POST,/auth/modify-friend/,0.100000,0.000000,410,410,410,410,410,410,410,410,410,410,410,389,0,230,277.68894601542416,74,1132,1713.0
1637175048,1,GET,/public/,0.100000,0.000000,540,540,540,540,540,540,540,540,540,540,540,389,0,280,346.7120822622108,109,1483,10206.095115681233
1637175048,1,,Aggregated,1.500000,0.000000,530,630,950,950,1100,2100,2100,2100,2100,2100,2100,2452,0,250,325.32911908646,8,2104,5931.67251223491
1637175049,1,GET,/,0.700000,0.000000,530,530,620,620,630,630,630,630,630,630,630,607,0,290,364.0164744645799,111,1677,10261.718286655683
1637175049,1,POST,/,0.100000,0.000000,1100,1100,1100,1100,1100,1100,1100,1100,1100,1100,1100,95,0,720,810.5263157894736,296,2059,10182.442105263159
1637175049,1,GET,/auth/find-friends/,0.200000,0.000000,510,510,510,510,510,510,510,510,510,510,510,778,0,180,246.3586118251928,54,1382,1974.0
1637175049,1,GET,/auth/login/,0.000000,0.000000,0,0,0,0,0,0,0,0,0,0,0,1,0,597,597.0,597,597,2961.0
1637175049,1,POST,/auth/login/,0.100000,0.000000,2100,2100,2100,2100,2100,2100,2100,2100,2100,2100,2100,97,0,340,530.2886597938144,153,2104,10398.484536082475
1637175049,1,GET,/auth/logout/,0.200000,0.000000,340,340,340,340,340,340,340,340,340,340,340,96,0,110,137.03125,8,533,1712.0
1637175049,1,POST,/auth/modify-friend/,0.100000,0.000000,410,410,410,410,410,410,410,410,410,410,410,389,0,230,277.68894601542416,74,1132,1713.0
1637175049,1,GET,/public/,0.100000,0.000000,540,540,540,540,540,540,540,540,540,540,540,389,0,280,346.7120822622108,109,1483,10206.095115681233
1637175049,1,,Aggregated,1.500000,0.000000,620,630,950,1100,2100,2100,2100,2100,2100,2100,2100,2452,0,250,325.32911908646,8,2104,5931.67251223491
1637175050,1,GET,/,0.700000,0.000000,530,620,630,630,1400,1400,1400,1400,1400,1400,1400,608,0,290,365.6694078947368,111,1677,10261.830592105263
1637175050,1,POST,/,0.100000,0.000000,1100,1100,1100,1100,1100,1100,1100,1100,1100,1100,1100,95,0,720,810.5263157894736,296,2059,10182.442105263159
1637175050,1,GET,/auth/find-friends/,0.100000,0.000000,510,510,510,510,510,510,510,510,510,510,510,778,0,180,246.3586118251928,54,1382,1974.0
1637175050,1,GET,/auth/login/,0.000000,0.000000,0,0,0,0,0,0,0,0,0,0,0,1,0,597,597.0,597,597,2961.0
1637175050,1,POST,/auth/login/,0.100000,0.000000,2100,2100,2100,2100,2100,2100,2100,2100,2100,2100,2100,97,0,340,530.2886597938144,153,2104,10398.484536082475
1637175050,1,GET,/auth/logout/,0.200000,0.000000,340,340,340,340,340,340,340,340,340,340,340,96,0,110,137.03125,8,533,1712.0
1637175050,1,POST,/auth/modify-friend/,0.100000,0.000000,410,410,410,410,410,410,410,410,410,410,410,389,0,230,277.68894601542416,74,1132,1713.0
1637175050,1,GET,/public/,0.000000,0.000000,540,540,540,540,540,540,540,540,540,540,540,389,0,280,346.7120822622108,109,1483,10206.095115681233
1637175050,1,,Aggregated,1.300000,0.000000,620,630,950,1400,2100,2100,2100,2100,2100,2100,2100,2453,0,250,325.7545862209539,8,2104,5933.465552384835
1637175051,1,GET,/,0.700000,0.000000,620,630,630,1400,1400,1400,1400,1400,1400,1400,1400,608,0,290,365.6694078947368,111,1677,10261.830592105263
1637175051,1,POST,/,0.100000,0.000000,1100,1100,1100,1100,1100,1100,1100,1100,1100,1100,1100,95,0,720,810.5263157894736,296,2059,10182.442105263159
1637175051,1,GET,/auth/find-friends/,0.100000,0.000000,510,510,510,510,510,510,510,510,510,510,510,778,0,180,246.3586118251928,54,1382,1974.0
1637175051,1,GET,/auth/login/,0.000000,0.000000,0,0,0,0,0,0,0,0,0,0,0,1,0,597,597.0,597,597,2961.0
1637175051,1,POST,/auth/login/,0.100000,0.000000,2100,2100,2100,2100,2100,2100,2100,2100,2100,2100,2100,97,0,340,530.2886597938144,153,2104,10398.484536082475
1637175051,1,GET,/auth/logout/,0.200000,0.000000,340,340,340,340,340,340,340,340,340,340,340,96,0,110,137.03125,8,533,1712.0
1637175051,1,POST,/auth/modify-friend/,0.100000,0.000000,410,410,410,410,410,410,410,410,410,410,410,389,0,230,277.68894601542416,74,1132,1713.0
1637175051,1,GET,/public/,0.000000,0.000000,540,540,540,540,540,540,540,540,540,540,540,389,0,280,346.7120822622108,109,1483,10206.095115681233
1637175051,1,,Aggregated,1.300000,0.000000,620,630,950,1400,2100,2100,2100,2100,2100,2100,2100,2453,0,250,325.7545862209539,8,2104,5933.465552384835
1637175052,1,GET,/,0.500000,0.000000,620,630,630,1400,1400,1400,1400,1400,1400,1400,1400,608,0,290,365.6694078947368,111,1677,10261.830592105263
1637175052,1,POST,/,0.100000,0.000000,2200,2200,2200,2200,2200,2200,2200,2200,2200,2200,2200,96,0,720,825.28125,296,2227,10186.489583333334
1637175052,1,GET,/auth/find-friends/,0.000000,0.000000,510,510,510,510,510,510,510,510,510,510,510,778,0,180,246.3586118251928,54,1382,1974.0
1637175052,1,GET,/auth/login/,0.000000,0.000000,0,0,0,0,0,0,0,0,0,0,0,1,0,597,597.0,597,597,2961.0
1637175052,1,POST,/auth/login/,0.200000,0.000000,2100,2100,2100,2100,2100,2100,2100,2100,2100,2100,2100,97,0,340,530.2886597938144,153,2104,10398.484536082475
1637175052,1,GET,/auth/logout/,0.200000,0.000000,340,340,340,340,340,340,340,340,340,340,340,96,0,110,137.03125,8,533,1712.0
1637175052,1,POST,/auth/modify-friend/,0.000000,0.000000,410,410,410,410,410,410,410,410,410,410,410,389,0,230,277.68894601542416,74,1132,1713.0
1637175052,1,GET,/public/,0.000000,0.000000,540,540,540,540,540,540,540,540,540,540,540,389,0,280,346.7120822622108,109,1483,10206.095115681233
1637175052,1,,Aggregated,1.000000,0.000000,630,950,1400,2100,2200,2200,2200,2200,2200,2200,2200,2454,0,250,326.5293398533007,8,2227,5935.3553382233085
1637175053,1,GET,/,0.500000,0.000000,630,890,890,1400,1400,1400,1400,1400,1400,1400,1400,609,0,300,366.5287356321839,111,1677,10262.220032840722
1637175053,1,POST,/,0.000000,0.000000,2200,2200,2200,2200,2200,2200,2200,2200,2200,2200,2200,96,0,720,825.28125,296,2227,10186.489583333334
1637175053,1,GET,/auth/find-friends/,0.000000,0.000000,510,510,510,510,510,510,510,510,510,510,510,778,0,180,246.3586118251928,54,1382,1974.0
1637175053,1,GET,/auth/login/,0.000000,0.000000,0,0,0,0,0,0,0,0,0,0,0,1,0,597,597.0,597,597,2961.0
1637175053,1,POST,/auth/login/,0.200000,0.000000,2100,2100,2100,2100,2100,2100,2100,2100,2100,2100,2100,97,0,340,530.2886597938144,153,2104,10398.484536082475
1637175053,1,GET,/auth/logout/,0.200000,0.000000,290,290,290,290,290,290,290,290,290,290,290,96,0,110,137.03125,8,533,1712.0
1637175053,1,POST,/auth/modify-friend/,0.000000,0.000000,410,410,410,410,410,410,410,410,410,410,410,389,0,230,277.68894601542416,74,1132,1713.0
1637175053,1,GET,/public/,0.000000,0.000000,540,540,540,540,540,540,540,540,540,540,540,389,0,280,346.7120822622108,109,1483,10206.095115681233
1637175053,1,,Aggregated,0.900000,0.000000,890,1400,2100,2100,2200,2200,2200,2200,2200,2200,2200,2455,0,250,326.7584521384929,8,2227,5937.214256619144
1637175054,1,GET,/,0.500000,0.000000,890,890,1400,1400,1400,1400,1400,1400,1400,1400,1400,609,0,300,366.5287356321839,111,1677,10262.220032840722
1637175054,1,POST,/,0.000000,0.000000,2200,2200,2200,2200,2200,2200,2200,2200,2200,2200,2200,96,0,720,825.28125,296,2227,10186.489583333334
1637175054,1,GET,/auth/find-friends/,0.000000,0.000000,510,510,510,510,510,510,510,510,510,510,510,778,0,180,246.3586118251928,54,1382,1974.0
1637175054,1,GET,/auth/login/,0.000000,0.000000,0,0,0,0,0,0,0,0,0,0,0,1,0,597,597.0,597,597,2961.0
1637175054,1,POST,/auth/login/,0.200000,0.000000,2100,2100,2100,2100,2100,2100,2100,2100,2100,2100,2100,97,0,340,530.2886597938144,153,2104,10398.484536082475
1637175054,1,GET,/auth/logout/,0.100000,0.000000,910,910,910,910,910,910,910,910,910,910,910,97,0,110,145.04123711340208,8,914,1712.0
1637175054,1,POST,/auth/modify-friend/,0.000000,0.000000,410,410,410,410,410,410,410,410,410,410,410,389,0,230,277.68894601542416,74,1132,1713.0
1637175054,1,GET,/public/,0.000000,0.000000,0,0,0,0,0,0,0,0,0,0,0,389,0,280,346.7120822622108,109,1483,10206.095115681233
1637175054,1,,Aggregated,0.800000,0.000000,910,1400,2100,2100,2200,2200,2200,2200,2200,2200,2200,2456,0,250,326.9975570032573,8,2227,5935.493892508143
1637175055,1,GET,/,0.500000,0.000000,890,890,1400,1400,1400,1400,1400,1400,1400,1400,1400,609,0,300,366.5287356321839,111,1677,10262.220032840722
1637175055,1,POST,/,0.000000,0.000000,2200,2200,2200,2200,2200,2200,2200,2200,2200,2200,2200,96,0,720,825.28125,296,2227,10186.489583333334
1637175055,1,GET,/auth/find-friends/,0.000000,0.000000,0,0,0,0,0,0,0,0,0,0,0,778,0,180,246.3586118251928,54,1382,1974.0
1637175055,1,GET,/auth/login/,0.000000,0.000000,0,0,0,0,0,0,0,0,0,0,0,1,0,597,597.0,597,597,2961.0
1637175055,1,POST,/auth/login/,0.200000,0.000000,2100,2100,2100,2100,2100,2100,2100,2100,2100,2100,2100,97,0,340,530.2886597938144,153,2104,10398.484536082475
1637175055,1,GET,/auth/logout/,0.100000,0.000000,910,910,910,910,910,910,910,910,910,910,910,97,0,110,145.04123711340208,8,914,1712.0
1637175055,1,POST,/auth/modify-friend/,0.000000,0.000000,0,0,0,0,0,0,0,0,0,0,0,389,0,230,277.68894601542416,74,1132,1713.0
1637175055,1,GET,/public/,0.000000,0.000000,0,0,0,0,0,0,0,0,0,0,0,389,0,280,346.7120822622108,109,1483,10206.095115681233
1637175055,1,,Aggregated,0.800000,0.000000,910,1400,2100,2100,2200,2200,2200,2200,2200,2200,2200,2456,0,250,326.9975570032573,8,2227,5935.493892508143
1637175056,1,GET,/,0.500000,0.000000,890,890,1400,1400,1400,1400,1400,1400,1400,1400,1400,609,0,300,366.5287356321839,111,1677,10262.220032840722
1637175056,1,POST,/,0.100000,0.000000,2200,2200,2200,2200,2200,2200,2200,2200,2200,2200,2200,96,0,720,825.28125,296,2227,10186.489583333334
1637175056,1,GET,/auth/find-friends/,0.000000,0.000000,0,0,0,0,0,0,0,0,0,0,0,778,0,180,246.3586118251928,54,1382,1974.0
1637175056,1,GET,/auth/login/,0.000000,0.000000,0,0,0,0,0,0,0,0,0,0,0,1,0,597,597.0,597,597,2961.0
1637175056,1,POST,/auth/login/,0.100000,0.000000,2100,2100,2100,2100,2100,2100,2100,2100,2100,2100,2100,98,0,340,540.1734693877551,153,2104,10395.979591836734
1637175056,1,GET,/auth/logout/,0.100000,0.000000,910,910,910,910,910,910,910,910,910,910,910,97,0,110,145.04123711340208,8,914,1712.0
1637175056,1,POST,/auth/modify-friend/,0.000000,0.000000,0,0,0,0,0,0,0,0,0,0,0,389,0,230,277.68894601542416,74,1132,1713.0
1637175056,1,GET,/public/,0.000000,0.000000,0,0,0,0,0,0,0,0,0,0,0,389,0,280,346.7120822622108,109,1483,10206.095115681233
1637175056,1,,Aggregated,0.800000,0.000000,1500,1500,2100,2100,2200,2200,2200,2200,2200,2200,2200,2457,0,250,327.47456247456245,8,2227,5937.210419210419
1637175057,1,GET,/,0.300000,0.000000,890,890,1400,1400,1400,1400,1400,1400,1400,1400,1400,611,0,290,365.73486088379707,111,1677,10262.592471358428
1637175057,1,POST,/,0.100000,0.000000,2200,2200,2200,2200,2200,2200,2200,2200,2200,2200,2200,96,0,720,825.28125,296,2227,10186.489583333334
1637175057,1,GET,/auth/find-friends/,0.000000,0.000000,0,0,0,0,0,0,0,0,0,0,0,780,0,180,245.8897435897436,54,1382,1974.0
1637175057,1,GET,/auth/login/,0.000000,0.000000,0,0,0,0,0,0,0,0,0,0,0,1,0,597,597.0,597,597,2961.0
1637175057,1,POST,/auth/login/,0.100000,0.000000,2100,2100,2100,2100,2100,2100,2100,2100,2100,2100,2100,98,0,340,540.1734693877551,153,2104,10395.979591836734
1637175057,1,GET,/auth/logout/,0.200000,0.000000,910,910,910,910,910,910,910,910,910,910,910,97,0,110,145.04123711340208,8,914,1712.0
1637175057,1,POST,/auth/modify-friend/,0.000000,0.000000,0,0,0,0,0,0,0,0,0,0,0,390,0,220,277.1717948717949,74,1132,1713.0
1637175057,1,GET,/public/,0.000000,0.000000,0,0,0,0,0,0,0,0,0,0,0,390,0,280,347.6820512820513,109,1483,10205.638461538461
1637175057,1,,Aggregated,0.700000,0.000000,890,910,1500,1500,2100,2200,2200,2200,2200,2200,2200,2463,0,250,327.15428339423465,8,2227,5937.542427933415
1637175058,1,GET,/,0.300000,0.000000,130,890,890,1400,1400,1400,1400,1400,1400,1400,1400,612,0,290,365.3333333333333,111,1677,10262.820261437908
1637175058,1,POST,/,0.100000,0.000000,2200,2200,2200,2200,2200,2200,2200,2200,2200,2200,2200,96,0,720,825.28125,296,2227,10186.489583333334
1637175058,1,GET,/auth/find-friends/,0.000000,0.000000,64,64,64,64,64,64,64,64,64,64,64,780,0,180,245.8897435897436,54,1382,1974.0
1637175058,1,GET,/auth/login/,0.000000,0.000000,0,0,0,0,0,0,0,0,0,0,0,1,0,597,597.0,597,597,2961.0
1637175058,1,POST,/auth/login/,0.100000,0.000000,2100,2100,2100,2100,2100,2100,2100,2100,2100,2100,2100,98,0,340,540.1734693877551,153,2104,10395.979591836734
1637175058,1,GET,/auth/logout/,0.200000,0.000000,290,290,910,910,910,910,910,910,910,910,910,98,0,110,143.8469387755102,8,914,1712.0
1637175058,1,POST,/auth/modify-friend/,0.000000,0.000000,76,76,76,76,76,76,76,76,76,76,76,390,0,220,277.1717948717949,74,1132,1713.0
1637175058,1,GET,/public/,0.000000,0.000000,720,720,720,720,720,720,720,720,720,720,720,390,0,280,347.6820512820513,109,1483,10205.638461538461
1637175058,1,,Aggregated,0.700000,0.000000,130,890,910,1400,1500,2200,2200,2200,2200,2200,2200,2465,0,250,326.94888438133876,8,2227,5937.639350912779
1637175059,1,GET,/,0.200000,0.000000,170,170,890,890,1400,1400,1400,1400,1400,1400,1400,613,0,290,365.0179445350734,111,1677,10263.089722675368
1637175059,1,POST,/,0.100000,0.000000,2200,2200,2200,2200,2200,2200,2200,2200,2200,2200,2200,96,0,720,825.28125,296,2227,10186.489583333334
1637175059,1,GET,/auth/find-friends/,0.000000,0.000000,100,100,140,140,140,140,140,140,140,140,140,782,0,180,245.57544757033247,54,1382,1974.0
1637175059,1,GET,/auth/login/,0.000000,0.000000,0,0,0,0,0,0,0,0,0,0,0,1,0,597,597.0,597,597,2961.0
1637175059,1,POST,/auth/login/,0.200000,0.000000,1500,1500,2100,2100,2100,2100,2100,2100,2100,2100,2100,99,0,340,536.6464646464647,153,2104,10395.414141414141
1637175059,1,GET,/auth/logout/,0.100000,0.000000,910,910,910,910,910,910,910,910,910,910,910,98,0,110,143.8469387755102,8,914,1712.0
1637175059,1,POST,/auth/modify-friend/,0.000000,0.000000,120,120,120,120,120,120,120,120,120,120,120,391,0,220,276.7595907928389,74,1132,1713.0
1637175059,1,GET,/public/,0.000000,0.000000,720,720,720,720,720,720,720,720,720,720,720,391,0,280,347.2429667519182,109,1483,10205.355498721228
1637175059,1,,Aggregated,0.600000,0.000000,140,190,890,910,1500,2200,2200,2200,2200,2200,2200,2471,0,250,326.51962768110076,8,2227,5938.00283286119
1637175060,1,GET,/,0.500000,0.000000,270,600,890,890,1400,1400,1400,1400,1400,1400,1400,615,0,290,365.2308943089431,111,1677,10263.928455284553
1637175060,1,POST,/,0.100000,0.000000,2200,2200,2200,2200,2200,2200,2200,2200,2200,2200,2200,96,0,720,825.28125,296,2227,10186.489583333334
1637175060,1,GET,/auth/find-friends/,0.200000,0.000000,100,100,140,140,140,140,140,140,140,140,140,782,0,180,245.57544757033247,54,1382,1974.0
1637175060,1,GET,/auth/login/,0.000000,0.000000,0,0,0,0,0,0,0,0,0,0,0,1,0,597,597.0,597,597,2961.0
1637175060,1,POST,/auth/login/,0.200000,0.000000,1500,1500,2100,2100,2100,2100,2100,2100,2100,2100,2100,99,0,340,536.6464646464647,153,2104,10395.414141414141
1637175060,1,GET,/auth/logout/,0.200000,0.000000,910,910,910,910,910,910,910,910,910,910,910,98,0,110,143.8469387755102,8,914,1712.0
1637175060,1,POST,/auth/modify-friend/,0.100000,0.000000,120,120,120,120,120,120,120,120,120,120,120,391,0,220,276.7595907928389,74,1132,1713.0
1637175060,1,GET,/public/,0.100000,0.000000,720,720,720,720,720,720,720,720,720,720,720,391,0,280,347.2429667519182,109,1483,10205.355498721228
1637175060,1,,Aggregated,1.400000,0.000000,170,270,720,890,1500,2200,2200,2200,2200,2200,2200,2473,0,250,326.60372017792156,8,2227,5941.709260008088
1637175061,1,GET,/,0.500000,0.000000,270,270,600,600,890,890,890,890,890,890,890,616,0,290,365.08116883116884,111,1677,10264.116883116883
1637175061,1,POST,/,0.100000,0.000000,2200,2200,2200,2200,2200,2200,2200,2200,2200,2200,2200,96,0,720,825.28125,296,2227,10186.489583333334
1637175061,1,GET,/auth/find-friends/,0.200000,0.000000,140,140,150,150,160,160,160,160,160,160,160,784,0,180,245.3545918367347,54,1382,1974.0
1637175061,1,GET,/auth/login/,0.000000,0.000000,0,0,0,0,0,0,0,0,0,0,0,1,0,597,597.0,597,597,2961.0
1637175061,1,POST,/auth/login/,0.100000,0.000000,1500,1500,2100,2100,2100,2100,2100,2100,2100,2100,2100,99,0,340,536.6464646464647,153,2104,10395.414141414141
1637175061,1,GET,/auth/logout/,0.200000,0.000000,52,52,910,910,910,910,910,910,910,910,910,99,0,110,142.91919191919192,8,914,1712.0
1637175061,1,POST,/auth/modify-friend/,0.100000,0.000000,120,120,120,120,120,120,120,120,120,120,120,392,0,220,276.3673469387755,74,1132,1713.0
1637175061,1,GET,/public/,0.100000,0.000000,230,230,720,720,720,720,720,720,720,720,720,392,0,270,346.94897959183675,109,1483,10205.198979591836
1637175061,1,,Aggregated,1.300000,0.000000,160,230,270,600,910,1500,2200,2200,2200,2200,2200,2479,0,250,326.21581282775315,8,2227,5938.581686163776
1637175062,1,GET,/,0.500000,0.000000,270,270,600,600,890,890,890,890,890,890,890,616,0,290,365.08116883116884,111,1677,10264.116883116883
1637175062,1,POST,/,0.100000,0.000000,2200,2200,2200,2200,2200,2200,2200,2200,2200,2200,2200,96,0,720,825.28125,296,2227,10186.489583333334
1637175062,1,GET,/auth/find-friends/,0.200000,0.000000,140,140,150,150,160,160,160,160,160,160,160,784,0,180,245.3545918367347,54,1382,1974.0
1637175062,1,GET,/auth/login/,0.000000,0.000000,0,0,0,0,0,0,0,0,0,0,0,1,0,597,597.0,597,597,2961.0
1637175062,1,POST,/auth/login/,0.100000,0.000000,1500,1500,1500,1500,1500,1500,1500,1500,1500,1500,1500,99,0,340,536.6464646464647,153,2104,10395.414141414141
1637175062,1,GET,/auth/logout/,0.200000,0.000000,52,52,910,910,910,910,910,910,910,910,910,99,0,110,142.91919191919192,8,914,1712.0
1637175062,1,POST,/auth/modify-friend/,0.100000,0.000000,120,120,120,120,120,120,120,120,120,120,120,392,0,220,276.3673469387755,74,1132,1713.0
1637175062,1,GET,/public/,0.100000,0.000000,230,230,720,720,720,720,720,720,720,720,720,392,0,270,346.94897959183675,109,1483,10205.198979591836
1637175062,1,,Aggregated,1.300000,0.000000,150,190,270,600,890,910,1500,1500,1500,1500,1500,2479,0,250,326.21581282775315,8,2227,5938.581686163776
1637175063,1,GET,/,0.800000,0.000000,270,270,600,600,890,890,890,890,890,890,890,616,0,290,365.08116883116884,111,1677,10264.116883116883
1637175063,1,POST,/,0.100000,0.000000,2200,2200,2200,2200,2200,2200,2200,2200,2200,2200,2200,96,0,720,825.28125,296,2227,10186.489583333334
1637175063,1,GET,/auth/find-friends/,0.400000,0.000000,100,130,140,150,160,160,160,160,160,160,160,787,0,180,244.8043202033037,54,1382,1974.0
1637175063,1,GET,/auth/login/,0.000000,0.000000,0,0,0,0,0,0,0,0,0,0,0,1,0,597,597.0,597,597,2961.0
1637175063,1,POST,/auth/login/,0.200000,0.000000,260,260,1500,1500,1500,1500,1500,1500,1500,1500,1500,100,0,340,533.92,153,2104,10395.72
1637175063,1,GET,/auth/logout/,0.200000,0.000000,52,52,910,910,910,910,910,910,910,910,910,99,0,110,142.91919191919192,8,914,1712.0
1637175063,1,POST,/auth/modify-friend/,0.200000,0.000000,120,120,180,180,180,180,180,180,180,180,180,393,0,220,276.1272264631043,74,1132,1713.0
1637175063,1,GET,/public/,0.200000,0.000000,210,230,230,720,720,720,720,720,720,720,720,394,0,270,346.11167512690355,109,1483,10204.664974619289
1637175063,1,,Aggregated,2.100000,0.000000,150,180,230,260,600,910,1500,1500,1500,1500,1500,2486,0,250,325.744971842317,8,2227,5937.250603378922
1637175064,1,GET,/,0.800000,0.000000,270,270,600,600,890,890,890,890,890,890,890,616,0,290,365.08116883116884,111,1677,10264.116883116883
1637175064,1,POST,/,0.100000,0.000000,2200,2200,2200,2200,2200,2200,2200,2200,2200,2200,2200,96,0,720,825.28125,296,2227,10186.489583333334
1637175064,1,GET,/auth/find-friends/,0.600000,0.000000,100,110,140,140,150,160,160,160,160,160,160,790,0,180,244.24177215189874,54,1382,1974.0
1637175064,1,GET,/auth/login/,0.000000,0.000000,0,0,0,0,0,0,0,0,0,0,0,1,0,597,597.0,597,597,2961.0
1637175064,1,POST,/auth/login/,0.200000,0.000000,260,260,1500,1500,1500,1500,1500,1500,1500,1500,1500,100,0,340,533.92,153,2104,10395.72
1637175064,1,GET,/auth/logout/,0.300000,0.000000,52,52,910,910,910,910,910,910,910,910,910,99,0,110,142.91919191919192,8,914,1712.0
1637175064,1,POST,/auth/modify-friend/,0.300000,0.000000,140,140,150,150,180,180,180,180,180,180,180,395,0,220,275.473417721519,74,1132,1713.0
1637175064,1,GET,/public/,0.300000,0.000000,230,230,420,420,720,720,720,720,720,720,720,395,0,270,346.2860759493671,109,1483,10204.364556962026
1637175064,1,,Aggregated,2.600000,0.000000,140,180,210,260,600,910,1500,1500,1500,1500,1500,2492,0,250,325.3615569823435,8,2227,5930.754012841092
1637175065,1,GET,/,0.800000,0.000000,170,210,270,270,600,600,600,600,600,600,600,618,0,290,364.49029126213594,111,1677,10264.63430420712
1637175065,1,POST,/,0.000000,0.000000,2200,2200,2200,2200,2200,2200,2200,2200,2200,2200,2200,96,0,720,825.28125,296,2227,10186.489583333334
1637175065,1,GET,/auth/find-friends/,0.600000,0.000000,110,130,140,150,160,170,170,170,170,170,170,792,0,180,243.99873737373738,54,1382,1974.0
1637175065,1,GET,/auth/login/,0.000000,0.000000,0,0,0,0,0,0,0,0,0,0,0,1,0,597,597.0,597,597,2961.0
1637175065,1,POST,/auth/login/,0.300000,0.000000,260,260,1500,1500,1500,1500,1500,1500,1500,1500,1500,100,0,340,533.92,153,2104,10395.72
1637175065,1,GET,/auth/logout/,0.300000,0.000000,52,52,52,52,52,52,52,52,52,52,52,99,0,110,142.91919191919192,8,914,1712.0
1637175065,1,POST,/auth/modify-friend/,0.300000,0.000000,140,150,170,170,180,180,180,180,180,180,180,396,0,220,275.2171717171717,74,1132,1713.0
1637175065,1,GET,/public/,0.300000,0.000000,210,230,420,420,720,720,720,720,720,720,720,396,0,270,345.82575757575756,109,1483,10204.209595959595
1637175065,1,,Aggregated,2.600000,0.000000,150,170,190,210,270,600,1500,1500,1500,1500,1500,2498,0,250,324.97998398718977,8,2227,5931.181345076061
1637175066,1,GET,/,0.700000,0.000000,210,260,270,270,600,600,600,600,600,600,600,619,0,290,364.3166397415186,111,1677,10264.770597738288
1637175066,1,POST,/,0.000000,0.000000,2200,2200,2200,2200,2200,2200,2200,2200,2200,2200,2200,96,0,720,825.28125,296,2227,10186.489583333334
1637175066,1,GET,/auth/find-friends/,1.000000,0.000000,100,130,140,140,160,170,170,170,170,170,170,794,0,180,243.62594458438286,54,1382,1974.0
1637175066,1,GET,/auth/login/,0.000000,0.000000,0,0,0,0,0,0,0,0,0,0,0,1,0,597,597.0,597,597,2961.0
1637175066,1,POST,/auth/login/,0.300000,0.000000,260,260,1500,1500,1500,1500,1500,1500,1500,1500,1500,100,0,340,533.92,153,2104,10395.72
1637175066,1,GET,/auth/logout/,0.300000,0.000000,52,52,52,52,52,52,52,52,52,52,52,99,0,110,142.91919191919192,8,914,1712.0
1637175066,1,POST,/auth/modify-friend/,0.400000,0.000000,140,150,170,170,180,180,180,180,180,180,180,397,0,220,274.86649874055416,74,1132,1713.0
1637175066,1,GET,/public/,0.500000,0.000000,220,230,420,420,720,720,720,720,720,720,720,397,0,270,345.4962216624685,109,1483,10203.755667506297
1637175066,1,,Aggregated,3.200000,0.000000,150,170,190,210,270,420,720,720,720,720,720,2503,0,250,324.65041949660406,8,2227,5929.734318817419
1637175067,1,GET,/,0.700000,0.000000,210,270,270,270,280,600,600,600,600,600,600,620,0,290,364.1741935483871,111,1677,10264.63870967742
1637175067,1,POST,/,0.000000,0.000000,2200,2200,2200,2200,2200,2200,2200,2200,2200,2200,2200,96,0,720,825.28125,296,2227,10186.489583333334
1637175067,1,GET,/auth/find-friends/,1.200000,0.000000,110,130,150,150,160,170,170,170,170,170,170,796,0,180,243.393216080402,54,1382,1974.0
1637175067,1,GET,/auth/login/,0.000000,0.000000,0,0,0,0,0,0,0,0,0,0,0,1,0,597,597.0,597,597,2961.0
1637175067,1,POST,/auth/login/,0.300000,0.000000,260,260,260,260,260,260,260,260,260,260,260,100,0,340,533.92,153,2104,10395.72
1637175067,1,GET,/auth/logout/,0.200000,0.000000,52,52,52,52,52,52,52,52,52,52,52,99,0,110,142.91919191919192,8,914,1712.0
1637175067,1,POST,/auth/modify-friend/,0.600000,0.000000,140,150,170,180,180,180,180,180,180,180,180,398,0,220,274.6206030150754,74,1132,1713.0
1637175067,1,GET,/public/,0.600000,0.000000,220,220,230,420,720,720,720,720,720,720,720,398,0,270,345.1884422110553,109,1483,10203.070351758794
1637175067,1,,Aggregated,3.600000,0.000000,150,170,210,220,270,420,600,720,720,720,720,2508,0,250,324.39314194577355,8,2227,5928.1897926634765
1637175068,1,GET,/,0.900000,0.000000,270,270,270,280,600,600,600,600,600,600,600,621,0,290,364.02737520128824,111,1677,10264.515297906602
1637175068,1,POST,/,0.000000,0.000000,2200,2200,2200,2200,2200,2200,2200,2200,2200,2200,2200,96,0,720,825.28125,296,2227,10186.489583333334
1637175068,1,GET,/auth/find-friends/,1.400000,0.000000,130,150,150,160,170,220,220,220,220,220,220,798,0,180,243.23684210526315,54,1382,1974.0
1637175068,1,GET,/auth/login/,0.000000,0.000000,0,0,0,0,0,0,0,0,0,0,0,1,0,597,597.0,597,597,2961.0
1637175068,1,POST,/auth/login/,0.300000,0.000000,260,260,260,260,260,260,260,260,260,260,260,100,0,340,533.92,153,2104,10395.72
1637175068,1,GET,/auth/logout/,0.200000,0.000000,52,52,52,52,52,52,52,52,52,52,52,99,0,110,142.91919191919192,8,914,1712.0
1637175068,1,POST,/auth/modify-friend/,0.700000,0.000000,150,170,180,180,210,210,210,210,210,210,210,399,0,220,274.4636591478697,74,1132,1713.0
1637175068,1,GET,/public/,0.700000,0.000000,220,220,220,230,420,420,420,420,420,420,420,399,0,270,344.87719298245617,109,1483,10202.714285714286
1637175068,1,,Aggregated,4.200000,0.000000,160,190,220,220,270,280,600,600,600,600,600,2513,0,250,324.1727019498607,8,2227,5926.705133306805
1637175069,1,GET,/,1.000000,0.000000,270,270,270,280,600,600,600,600,600,600,600,623,0,290,363.5441412520064,111,1677,10265.195826645266
1637175069,1,POST,/,0.000000,0.000000,2200,2200,2200,2200,2200,2200,2200,2200,2200,2200,2200,96,0,720,825.28125,296,2227,10186.489583333334
1637175069,1,GET,/auth/find-friends/,1.600000,0.000000,130,150,150,160,170,220,220,220,220,220,220,800,0,180,242.855,54,1382,1974.0
1637175069,1,GET,/auth/login/,0.000000,0.000000,0,0,0,0,0,0,0,0,0,0,0,1,0,597,597.0,597,597,2961.0
1637175069,1,POST,/auth/login/,0.200000,0.000000,260,260,260,260,260,260,260,260,260,260,260,100,0,340,533.92,153,2104,10395.72
1637175069,1,GET,/auth/logout/,0.200000,0.000000,52,52,52,52,52,52,52,52,52,52,52,99,0,110,142.91919191919192,8,914,1712.0
1637175069,1,POST,/auth/modify-friend/,0.800000,0.000000,150,170,180,180,210,210,210,210,210,210,210,400,0,220,274.135,74,1132,1713.0
1637175069,1,GET,/public/,0.900000,0.000000,220,220,220,230,420,420,420,420,420,420,420,400,0,270,344.535,109,1483,10203.2825
1637175069,1,,Aggregated,4.700000,0.000000,160,210,220,220,270,280,600,600,600,600,600,2519,0,250,323.7812624057166,8,2227,5927.294164350933
1637175070,1,GET,/,0.900000,0.000000,260,270,270,270,280,600,600,600,600,600,600,624,0,290,363.31089743589746,111,1677,10265.522435897436
1637175070,1,POST,/,0.000000,0.000000,0,0,0,0,0,0,0,0,0,0,0,97,0,720,820.8969072164948,296,2227,10188.237113402061
1637175070,1,GET,/auth/find-friends/,1.600000,0.000000,120,150,150,160,170,220,220,220,220,220,220,802,0,180,242.50249376558602,54,1382,1974.0
1637175070,1,GET,/auth/login/,0.000000,0.000000,0,0,0,0,0,0,0,0,0,0,0,1,0,597,597.0,597,597,2961.0
1637175070,1,POST,/auth/login/,0.200000,0.000000,260,260,260,260,260,260,260,260,260,260,260,100,0,340,533.92,153,2104,10395.72
1637175070,1,GET,/auth/logout/,0.100000,0.000000,52,52,52,52,52,52,52,52,52,52,52,99,0,110,142.91919191919192,8,914,1712.0
1637175070,1,POST,/auth/modify-friend/,0.800000,0.000000,170,180,180,180,210,210,210,210,210,210,210,401,0,220,273.9052369077307,74,1132,1713.0
1637175070,1,GET,/public/,0.800000,0.000000,220,220,220,230,420,420,420,420,420,420,420,401,0,270,344.0498753117207,109,1483,10202.815461346634
1637175070,1,,Aggregated,4.400000,0.000000,160,210,220,220,260,280,400,420,420,420,420,2525,0,250,323.46851485148517,8,2227,5927.665742574258
1637175071,1,GET,/,0.900000,0.000000,260,270,270,270,280,600,600,600,600,600,600,624,0,290,363.31089743589746,111,1677,10265.522435897436
1637175071,1,POST,/,0.000000,0.000000,400,400,400,400,400,400,400,400,400,400,400,97,0,720,820.8969072164948,296,2227,10188.237113402061
1637175071,1,GET,/auth/find-friends/,1.800000,0.000000,120,150,150,160,160,170,220,220,220,220,220,804,0,180,242.2189054726368,54,1382,1974.0
1637175071,1,GET,/auth/login/,0.000000,0.000000,0,0,0,0,0,0,0,0,0,0,0,1,0,597,597.0,597,597,2961.0
1637175071,1,POST,/auth/login/,0.200000,0.000000,260,260,260,260,260,260,260,260,260,260,260,100,0,340,533.92,153,2104,10395.72
1637175071,1,GET,/auth/logout/,0.100000,0.000000,52,52,52,52,52,52,52,52,52,52,52,99,0,110,142.91919191919192,8,914,1712.0
1637175071,1,POST,/auth/modify-friend/,0.900000,0.000000,150,180,180,180,180,210,210,210,210,210,210,402,0,220,273.5273631840796,74,1132,1713.0
1637175071,1,GET,/public/,0.900000,0.000000,220,220,230,230,400,420,420,420,420,420,420,403,0,270,343.8213399503722,109,1483,10201.573200992556
1637175071,1,,Aggregated,4.800000,0.000000,160,210,220,220,260,400,400,420,420,420,420,2530,0,250,323.21462450592884,8,2227,5926.056126482214
1637175072,1,GET,/,1.100000,0.000000,220,220,260,270,280,280,280,280,280,280,280,625,0,290,363.0736,111,1677,10265.8224
1637175072,1,POST,/,0.000000,0.000000,400,400,400,400,400,400,400,400,400,400,400,97,0,720,820.8969072164948,296,2227,10188.237113402061
1637175072,1,GET,/auth/find-friends/,1.800000,0.000000,120,150,150,160,160,170,220,220,220,220,220,806,0,180,241.99503722084367,54,1382,1974.0
1637175072,1,GET,/auth/login/,0.000000,0.000000,0,0,0,0,0,0,0,0,0,0,0,1,0,597,597.0,597,597,2961.0
1637175072,1,POST,/auth/login/,0.100000,0.000000,260,260,260,260,260,260,260,260,260,260,260,100,0,340,533.92,153,2104,10395.72
1637175072,1,GET,/auth/logout/,0.100000,0.000000,67,67,67,67,67,67,67,67,67,67,67,100,0,100,142.16,8,914,1712.0
1637175072,1,POST,/auth/modify-friend/,0.900000,0.000000,170,180,180,180,180,210,210,210,210,210,210,403,0,220,273.2952853598015,74,1132,1713.0
1637175072,1,GET,/public/,0.900000,0.000000,210,220,220,220,400,420,420,420,420,420,420,403,0,270,343.8213399503722,109,1483,10201.573200992556
1637175072,1,,Aggregated,4.900000,0.000000,160,190,210,220,260,400,400,420,420,420,420,2535,0,250,322.8792899408284,8,2227,5921.399605522683
1637175073,1,GET,/,0.800000,0.000000,220,220,260,270,280,280,280,280,280,280,280,625,0,290,363.0736,111,1677,10265.8224
1637175073,1,POST,/,0.100000,0.000000,400,400,400,400,400,400,400,400,400,400,400,97,0,720,820.8969072164948,296,2227,10188.237113402061
1637175073,1,GET,/auth/find-friends/,2.000000,0.000000,130,150,160,160,170,220,220,220,220,220,220,806,0,180,241.99503722084367,54,1382,1974.0
1637175073,1,GET,/auth/login/,0.000000,0.000000,0,0,0,0,0,0,0,0,0,0,0,1,0,597,597.0,597,597,2961.0
1637175073,1,POST,/auth/login/,0.100000,0.000000,260,260,260,260,260,260,260,260,260,260,260,101,0,340,530.1188118811881,150,2104,10396.534653465347
1637175073,1,GET,/auth/logout/,0.100000,0.000000,67,67,67,67,67,67,67,67,67,67,67,100,0,100,142.16,8,914,1712.0
1637175073,1,POST,/auth/modify-friend/,1.000000,0.000000,170,180,180,180,210,210,210,210,210,210,210,403,0,220,273.2952853598015,74,1132,1713.0
1637175073,1,GET,/public/,1.000000,0.000000,220,220,220,400,420,420,420,420,420,420,420,403,0,270,343.8213399503722,109,1483,10201.573200992556
1637175073,1,,Aggregated,5.100000,0.000000,160,210,220,220,270,400,420,420,420,420,420,2536,0,250,322.81111987381706,8,2227,5923.196372239748
1637175074,1,GET,/,0.800000,0.000000,220,220,260,260,270,280,280,280,280,280,280,627,0,290,362.304625199362,111,1677,10266.607655502392
1637175074,1,POST,/,0.100000,0.000000,510,510,510,510,510,510,510,510,510,510,510,98,0,720,817.734693877551,296,2227,10191.163265306122
1637175074,1,GET,/auth/find-friends/,2.000000,0.000000,130,150,160,160,170,220,220,220,220,220,220,807,0,180,241.8091697645601,54,1382,1974.0
1637175074,1,GET,/auth/login/,0.000000,0.000000,0,0,0,0,0,0,0,0,0,0,0,1,0,597,597.0,597,597,2961.0
1637175074,1,POST,/auth/login/,0.100000,0.000000,260,260,260,260,260,260,260,260,260,260,260,101,0,340,530.1188118811881,150,2104,10396.534653465347
1637175074,1,GET,/auth/logout/,0.000000,0.000000,67,67,67,67,67,67,67,67,67,67,67,100,0,100,142.16,8,914,1712.0
1637175074,1,POST,/auth/modify-friend/,1.000000,0.000000,180,180,180,180,210,210,210,210,210,210,210,403,0,220,273.2952853598015,74,1132,1713.0
1637175074,1,GET,/public/,1.100000,0.000000,210,220,220,220,400,400,400,400,400,400,400,404,0,270,343.3514851485148,109,1483,10201.777227722772
1637175074,1,,Aggregated,5.100000,0.000000,160,210,220,220,270,400,510,510,510,510,510,2541,0,250,322.5698543880362,8,2227,5928.7615112160565
1637175075,1,GET,/,0.900000,0.000000,220,220,260,260,270,280,280,280,280,280,280,630,0,290,361.53333333333336,111,1677,10267.647619047619
1637175075,1,POST,/,0.100000,0.000000,510,510,510,510,510,510,510,510,510,510,510,98,0,720,817.734693877551,296,2227,10191.163265306122
1637175075,1,GET,/auth/find-friends/,2.200000,0.000000,120,150,160,160,160,220,220,220,220,220,220,808,0,180,241.6608910891089,54,1382,1974.0
1637175075,1,GET,/auth/login/,0.000000,0.000000,0,0,0,0,0,0,0,0,0,0,0,1,0,597,597.0,597,597,2961.0
1637175075,1,POST,/auth/login/,0.000000,0.000000,260,260,260,260,260,260,260,260,260,260,260,101,0,340,530.1188118811881,150,2104,10396.534653465347
1637175075,1,GET,/auth/logout/,0.100000,0.000000,67,67,74,74,74,74,74,74,74,74,74,101,0,100,141.4851485148515,8,914,1712.0
1637175075,1,POST,/auth/modify-friend/,1.100000,0.000000,180,180,180,180,210,210,210,210,210,210,210,404,0,220,273.0519801980198,74,1132,1713.0
1637175075,1,GET,/public/,1.100000,0.000000,220,220,220,220,400,400,400,400,400,400,400,404,0,270,343.3514851485148,109,1483,10201.777227722772
1637175075,1,,Aggregated,5.500000,0.000000,160,210,220,220,270,400,510,510,510,510,510,2547,0,240,322.19159795838243,8,2227,5929.264625049077
1637175076,1,GET,/,0.900000,0.000000,220,220,250,250,270,280,280,280,280,280,280,630,0,290,361.53333333333336,111,1677,10267.647619047619
1637175076,1,POST,/,0.100000,0.000000,510,510,510,510,510,510,510,510,510,510,510,98,0,720,817.734693877551,296,2227,10191.163265306122
1637175076,1,GET,/auth/find-friends/,2.200000,0.000000,150,150,160,160,160,220,220,220,220,220,220,808,0,180,241.6608910891089,54,1382,1974.0
1637175076,1,GET,/auth/login/,0.000000,0.000000,0,0,0,0,0,0,0,0,0,0,0,1,0,597,597.0,597,597,2961.0
1637175076,1,POST,/auth/login/,0.000000,0.000000,260,260,260,260,260,260,260,260,260,260,260,101,0,340,530.1188118811881,150,2104,10396.534653465347
1637175076,1,GET,/auth/logout/,0.100000,0.000000,74,74,74,74,74,74,74,74,74,74,74,101,0,100,141.4851485148515,8,914,1712.0
1637175076,1,POST,/auth/modify-friend/,1.100000,0.000000,180,180,180,180,210,210,210,210,210,210,210,404,0,220,273.0519801980198,74,1132,1713.0
1637175076,1,GET,/public/,1.100000,0.000000,220,220,220,220,400,400,400,400,400,400,400,404,0,270,343.3514851485148,109,1483,10201.777227722772
1637175076,1,,Aggregated,5.500000,0.000000,160,190,220,220,270,400,510,510,510,510,510,2547,0,240,322.19159795838243,8,2227,5929.264625049077
1637175078,1,GET,/,1.100000,0.000000,170,210,220,220,220,250,250,250,250,250,250,634,0,290,360.0757097791798,111,1677,10269.340694006309
1637175078,1,POST,/,0.200000,0.000000,510,510,510,510,510,510,510,510,510,510,510,98,0,720,817.734693877551,296,2227,10191.163265306122
1637175078,1,GET,/auth/find-friends/,1.700000,0.000000,120,120,160,160,160,160,160,160,160,160,160,810,0,180,241.3469135802469,54,1382,1974.0
1637175078,1,GET,/auth/login/,0.000000,0.000000,0,0,0,0,0,0,0,0,0,0,0,1,0,597,597.0,597,597,2961.0
1637175078,1,POST,/auth/login/,0.100000,0.000000,150,150,150,150,150,150,150,150,150,150,150,102,0,330,526.3529411764706,146,2104,10397.980392156862
1637175078,1,GET,/auth/logout/,0.100000,0.000000,74,74,74,74,74,74,74,74,74,74,74,101,0,100,141.4851485148515,8,914,1712.0
1637175078,1,POST,/auth/modify-friend/,0.800000,0.000000,180,180,180,180,180,180,180,180,180,180,180,404,0,220,273.0519801980198,74,1132,1713.0
1637175078,1,GET,/public/,0.900000,0.000000,190,190,210,210,400,400,400,400,400,400,400,405,0,270,342.79506172839507,109,1483,10202.508641975308
1637175078,1,,Aggregated,4.900000,0.000000,150,170,190,210,220,400,510,510,510,510,510,2555,0,240,321.5800391389432,8,2227,5936.974951076321
1637175079,1,GET,/,1.200000,0.000000,170,210,220,220,220,250,250,250,250,250,250,634,0,290,360.0757097791798,111,1677,10269.340694006309
1637175079,1,POST,/,0.200000,0.000000,510,510,510,510,510,510,510,510,510,510,510,98,0,720,817.734693877551,296,2227,10191.163265306122
1637175079,1,GET,/auth/find-friends/,1.600000,0.000000,120,150,160,160,160,160,160,160,160,160,160,810,0,180,241.3469135802469,54,1382,1974.0
1637175079,1,GET,/auth/login/,0.000000,0.000000,0,0,0,0,0,0,0,0,0,0,0,1,0,597,597.0,597,597,2961.0
1637175079,1,POST,/auth/login/,0.100000,0.000000,150,150,150,150,150,150,150,150,150,150,150,102,0,330,526.3529411764706,146,2104,10397.980392156862
1637175079,1,GET,/auth/logout/,0.200000,0.000000,74,74,110,110,110,110,110,110,110,110,110,102,0,100,141.2058823529412,8,914,1712.0
1637175079,1,POST,/auth/modify-friend/,0.800000,0.000000,180,180,180,190,190,190,190,190,190,190,190,405,0,220,272.84197530864196,74,1132,1713.0
1637175079,1,GET,/public/,0.800000,0.000000,150,190,190,400,400,400,400,400,400,400,400,405,0,270,342.79506172839507,109,1483,10202.508641975308
1637175079,1,,Aggregated,4.900000,0.000000,150,160,180,190,250,400,510,510,510,510,510,2557,0,240,321.44622604614784,8,2227,5933.670707860774
1637175080,1,GET,/,1.100000,0.000000,170,190,220,220,230,250,250,250,250,250,250,636,0,290,359.6619496855346,111,1677,10269.550314465409
1637175080,1,POST,/,0.200000,0.000000,510,510,510,510,510,510,510,510,510,510,510,98,0,720,817.734693877551,296,2227,10191.163265306122
1637175080,1,GET,/auth/find-friends/,1.400000,0.000000,150,160,160,160,160,160,160,160,160,160,160,810,0,180,241.3469135802469,54,1382,1974.0
1637175080,1,GET,/auth/login/,0.000000,0.000000,0,0,0,0,0,0,0,0,0,0,0,1,0,597,597.0,597,597,2961.0
1637175080,1,POST,/auth/login/,0.100000,0.000000,150,150,260,260,260,260,260,260,260,260,260,103,0,330,523.7184466019418,146,2104,10396.883495145632
1637175080,1,GET,/auth/logout/,0.200000,0.000000,74,74,110,110,110,110,110,110,110,110,110,102,0,100,141.2058823529412,8,914,1712.0
1637175080,1,POST,/auth/modify-friend/,0.700000,0.000000,180,180,190,190,190,190,190,190,190,190,190,405,0,220,272.84197530864196,74,1132,1713.0
1637175080,1,GET,/public/,0.600000,0.000000,190,190,400,400,400,400,400,400,400,400,400,405,0,270,342.79506172839507,109,1483,10202.508641975308
1637175080,1,,Aggregated,4.300000,0.000000,150,180,190,220,250,400,510,510,510,510,510,2560,0,240,321.34765625,8,2227,5938.809765625
1637175081,1,GET,/,1.300000,0.000000,170,220,220,230,230,250,250,250,250,250,250,637,0,290,359.4521193092622,111,1677,10269.784929356358
1637175081,1,POST,/,0.200000,0.000000,510,510,510,510,510,510,510,510,510,510,510,98,0,720,817.734693877551,296,2227,10191.163265306122
1637175081,1,GET,/auth/find-friends/,1.400000,0.000000,140,150,160,160,160,160,160,160,160,160,160,812,0,180,241.04679802955664,54,1382,1974.0
1637175081,1,GET,/auth/login/,0.000000,0.000000,0,0,0,0,0,0,0,0,0,0,0,1,0,597,597.0,597,597,2961.0
1637175081,1,POST,/auth/login/,0.200000,0.000000,150,150,260,260,260,260,260,260,260,260,260,103,0,330,523.7184466019418,146,2104,10396.883495145632
1637175081,1,GET,/auth/logout/,0.200000,0.000000,74,74,110,110,110,110,110,110,110,110,110,103,0,100,140.50485436893203,8,914,1712.0
1637175081,1,POST,/auth/modify-friend/,0.600000,0.000000,180,180,190,190,190,190,190,190,190,190,190,406,0,220,272.45320197044333,74,1132,1713.0
1637175081,1,GET,/public/,0.700000,0.000000,190,230,230,400,400,400,400,400,400,400,400,406,0,270,342.52463054187194,109,1483,10202.470443349754
1637175081,1,,Aggregated,4.600000,0.000000,150,170,190,220,230,260,510,510,510,510,510,2566,0,240,320.9399844115355,8,2227,5935.826968043648
1637175082,1,GET,/,1.300000,0.000000,170,190,230,230,230,250,250,250,250,250,250,637,0,290,359.4521193092622,111,1677,10269.784929356358
1637175082,1,POST,/,0.200000,0.000000,510,510,510,510,510,510,510,510,510,510,510,98,0,720,817.734693877551,296,2227,10191.163265306122
1637175082,1,GET,/auth/find-friends/,1.200000,0.000000,140,150,160,160,160,160,160,160,160,160,160,812,0,180,241.04679802955664,54,1382,1974.0
1637175082,1,GET,/auth/login/,0.000000,0.000000,0,0,0,0,0,0,0,0,0,0,0,1,0,597,597.0,597,597,2961.0
1637175082,1,POST,/auth/login/,0.200000,0.000000,170,170,260,260,260,260,260,260,260,260,260,104,0,300,520.3173076923077,146,2104,10397.990384615385
1637175082,1,GET,/auth/logout/,0.300000,0.000000,74,74,110,110,110,110,110,110,110,110,110,103,0,100,140.50485436893203,8,914,1712.0
1637175082,1,POST,/auth/modify-friend/,0.600000,0.000000,180,180,190,190,190,190,190,190,190,190,190,406,0,220,272.45320197044333,74,1132,1713.0
1637175082,1,GET,/public/,0.600000,0.000000,150,150,230,230,230,230,230,230,230,230,230,406,0,270,342.52463054187194,109,1483,10202.470443349754
1637175082,1,,Aggregated,4.400000,0.000000,150,170,190,220,230,260,510,510,510,510,510,2567,0,240,320.8811842617842,8,2227,5937.609661082976
1637175083,1,GET,/,1.200000,0.000000,190,210,230,230,230,250,250,250,250,250,250,638,0,290,359.2131661442006,111,1677,10269.887147335423
1637175083,1,POST,/,0.200000,0.000000,510,510,510,510,510,510,510,510,510,510,510,98,0,720,817.734693877551,296,2227,10191.163265306122
1637175083,1,GET,/auth/find-friends/,1.000000,0.000000,140,140,160,160,210,210,210,210,210,210,210,814,0,180,240.8943488943489,54,1382,1974.0
1637175083,1,GET,/auth/login/,0.000000,0.000000,0,0,0,0,0,0,0,0,0,0,0,1,0,597,597.0,597,597,2961.0
1637175083,1,POST,/auth/login/,0.300000,0.000000,170,170,260,260,260,260,260,260,260,260,260,104,0,300,520.3173076923077,146,2104,10397.990384615385
1637175083,1,GET,/auth/logout/,0.300000,0.000000,74,74,110,110,110,110,110,110,110,110,110,103,0,100,140.50485436893203,8,914,1712.0
1637175083,1,POST,/auth/modify-friend/,0.500000,0.000000,180,180,190,190,190,190,190,190,190,190,190,407,0,220,272.2137592137592,74,1132,1713.0
1637175083,1,GET,/public/,0.500000,0.000000,230,230,230,230,230,230,230,230,230,230,230,407,0,270,342.25061425061426,109,1483,10202.388206388207
1637175083,1,,Aggregated,4.000000,0.000000,150,190,210,230,230,260,510,510,510,510,510,2572,0,240,320.63491446345256,8,2227,5936.239891135303
1637175084,1,GET,/,1.300000,0.000000,190,220,230,230,230,250,250,250,250,250,250,638,0,290,359.2131661442006,111,1677,10269.887147335423
1637175084,1,POST,/,0.100000,0.000000,510,510,510,510,510,510,510,510,510,510,510,98,0,720,817.734693877551,296,2227,10191.163265306122
1637175084,1,GET,/auth/find-friends/,1.000000,0.000000,120,140,140,160,210,210,210,210,210,210,210,816,0,180,240.50980392156862,54,1382,1974.0
1637175084,1,GET,/auth/login/,0.000000,0.000000,0,0,0,0,0,0,0,0,0,0,0,1,0,597,597.0,597,597,2961.0
1637175084,1,POST,/auth/login/,0.300000,0.000000,170,170,260,260,260,260,260,260,260,260,260,104,0,300,520.3173076923077,146,2104,10397.990384615385
1637175084,1,GET,/auth/logout/,0.400000,0.000000,74,74,110,110,110,110,110,110,110,110,110,103,0,100,140.50485436893203,8,914,1712.0
1637175084,1,POST,/auth/modify-friend/,0.500000,0.000000,180,180,180,190,190,190,190,190,190,190,190,408,0,220,271.83088235294116,74,1132,1713.0
1637175084,1,GET,/public/,0.500000,0.000000,230,230,230,230,370,370,370,370,370,370,370,409,0,270,341.9168704156479,109,1483,10201.37652811736
1637175084,1,,Aggregated,4.100000,0.000000,160,180,210,220,230,260,370,370,370,370,370,2577,0,240,320.33566162204113,8,2227,5934.676367869616
1637175085,1,GET,/,1.300000,0.000000,190,210,230,230,230,250,250,250,250,250,250,639,0,290,358.92957746478874,111,1677,10270.031298904538
1637175085,1,POST,/,0.100000,0.000000,510,510,510,510,510,510,510,510,510,510,510,98,0,720,817.734693877551,296,2227,10191.163265306122
1637175085,1,GET,/auth/find-friends/,0.800000,0.000000,130,140,140,150,160,210,210,210,210,210,210,820,0,180,239.9658536585366,54,1382,1974.0
1637175085,1,GET,/auth/login/,0.000000,0.000000,0,0,0,0,0,0,0,0,0,0,0,1,0,597,597.0,597,597,2961.0
1637175085,1,POST,/auth/login/,0.400000,0.000000,170,170,260,260,260,260,260,260,260,260,260,104,0,300,520.3173076923077,146,2104,10397.990384615385
1637175085,1,GET,/auth/logout/,0.300000,0.000000,74,74,110,110,110,110,110,110,110,110,110,103,0,100,140.50485436893203,8,914,1712.0
1637175085,1,POST,/auth/modify-friend/,0.400000,0.000000,180,180,180,180,190,190,190,190,190,190,190,409,0,220,271.4547677261614,74,1132,1713.0
1637175085,1,GET,/public/,0.400000,0.000000,230,230,230,230,370,370,370,370,370,370,370,410,0,270,341.57560975609755,109,1483,10201.260975609755
1637175085,1,,Aggregated,3.700000,0.000000,150,180,200,210,230,250,370,370,370,370,370,2584,0,240,319.8602941176471,8,2227,5930.257739938081
1637175086,1,GET,/,1.300000,0.000000,180,210,220,220,230,230,230,230,230,230,230,641,0,290,358.41497659906395,111,1677,10270.480499219968
1637175086,1,POST,/,0.100000,0.000000,510,510,510,510,510,510,510,510,510,510,510,98,0,720,817.734693877551,296,2227,10191.163265306122
1637175086,1,GET,/auth/find-friends/,0.800000,0.000000,130,140,140,150,160,210,210,210,210,210,210,822,0,180,239.6301703163017,54,1382,1974.0
1637175086,1,GET,/auth/login/,0.000000,0.000000,0,0,0,0,0,0,0,0,0,0,0,1,0,597,597.0,597,597,2961.0
1637175086,1,POST,/auth/login/,0.400000,0.000000,170,170,260,260,260,260,260,260,260,260,260,104,0,300,520.3173076923077,146,2104,10397.990384615385
1637175086,1,GET,/auth/logout/,0.300000,0.000000,110,110,110,110,110,110,110,110,110,110,110,103,0,100,140.50485436893203,8,914,1712.0
1637175086,1,POST,/auth/modify-friend/,0.400000,0.000000,160,160,180,180,190,190,190,190,190,190,190,410,0,220,271.17317073170733,74,1132,1713.0
1637175086,1,GET,/public/,0.400000,0.000000,200,230,230,230,370,370,370,370,370,370,370,411,0,270,341.12165450121654,109,1483,10201.07299270073
1637175086,1,,Aggregated,3.700000,0.000000,150,180,200,210,230,230,370,370,370,370,370,2590,0,240,319.4679536679537,8,2227,5930.655984555984
1637175087,1,GET,/,1.200000,0.000000,180,210,220,230,230,270,270,270,270,270,270,643,0,280,357.8973561430793,111,1677,10271.365474339036
1637175087,1,POST,/,0.100000,0.000000,510,510,510,510,510,510,510,510,510,510,510,98,0,720,817.734693877551,296,2227,10191.163265306122
1637175087,1,GET,/auth/find-friends/,1.000000,0.000000,120,140,140,140,160,210,210,210,210,210,210,824,0,180,239.1881067961165,54,1382,1974.0
1637175087,1,GET,/auth/login/,0.000000,0.000000,0,0,0,0,0,0,0,0,0,0,0,1,0,597,597.0,597,597,2961.0
1637175087,1,POST,/auth/login/,0.300000,0.000000,170,170,260,260,260,260,260,260,260,260,260,104,0,300,520.3173076923077,146,2104,10397.990384615385
1637175087,1,GET,/auth/logout/,0.300000,0.000000,110,110,110,110,110,110,110,110,110,110,110,103,0,100,140.50485436893203,8,914,1712.0
1637175087,1,POST,/auth/modify-friend/,0.500000,0.000000,160,180,190,190,190,190,190,190,190,190,190,412,0,220,270.49029126213594,74,1132,1713.0
1637175087,1,GET,/public/,0.600000,0.000000,220,230,230,230,370,370,370,370,370,370,370,412,0,270,340.8373786407767,109,1483,10201.199029126214
1637175087,1,,Aggregated,4.000000,0.000000,160,190,210,220,230,260,370,370,370,370,370,2597,0,240,318.9857527916827,8,2227,5929.586445899115
1637175088,1,GET,/,1.200000,0.000000,180,210,220,230,230,270,270,270,270,270,270,647,0,280,356.4374034003091,111,1677,10274.15455950541
1637175088,1,POST,/,0.000000,0.000000,510,510,510,510,510,510,510,510,510,510,510,98,0,720,817.734693877551,296,2227,10191.163265306122
1637175088,1,GET,/auth/find-friends/,1.200000,0.000000,120,140,140,140,150,210,210,210,210,210,210,824,0,180,239.1881067961165,54,1382,1974.0
1637175088,1,GET,/auth/login/,0.000000,0.000000,0,0,0,0,0,0,0,0,0,0,0,1,0,597,597.0,597,597,2961.0
1637175088,1,POST,/auth/login/,0.300000,0.000000,260,260,260,260,260,260,260,260,260,260,260,104,0,300,520.3173076923077,146,2104,10397.990384615385
1637175088,1,GET,/auth/logout/,0.300000,0.000000,69,69,110,110,110,110,110,110,110,110,110,104,0,100,139.2403846153846,8,914,1712.0
1637175088,1,POST,/auth/modify-friend/,0.600000,0.000000,160,180,190,190,190,190,190,190,190,190,190,412,0,220,270.49029126213594,74,1132,1713.0
1637175088,1,GET,/public/,0.600000,0.000000,220,230,230,230,370,370,370,370,370,370,370,412,0,270,340.8373786407767,109,1483,10201.199029126214
1637175088,1,,Aggregated,4.200000,0.000000,140,180,210,220,230,260,370,370,370,370,370,2602,0,240,318.5634127594158,8,2227,5935.3335895465025
1637175089,1,GET,/,1.300000,0.000000,180,210,210,210,230,270,270,270,270,270,270,647,0,280,356.4374034003091,111,1677,10274.15455950541
1637175089,1,POST,/,0.000000,0.000000,510,510,510,510,510,510,510,510,510,510,510,98,0,720,817.734693877551,296,2227,10191.163265306122
1637175089,1,GET,/auth/find-friends/,1.600000,0.000000,120,140,140,150,160,210,210,210,210,210,210,825,0,180,239.08727272727273,54,1382,1974.0
1637175089,1,GET,/auth/login/,0.000000,0.000000,0,0,0,0,0,0,0,0,0,0,0,1,0,597,597.0,597,597,2961.0
1637175089,1,POST,/auth/login/,0.300000,0.000000,250,250,260,260,260,260,260,260,260,260,260,105,0,300,517.7333333333333,146,2104,10400.047619047618
1637175089,1,GET,/auth/logout/,0.200000,0.000000,69,69,69,69,69,69,69,69,69,69,69,104,0,100,139.2403846153846,8,914,1712.0
1637175089,1,POST,/auth/modify-friend/,0.800000,0.000000,120,160,180,180,190,190,190,190,190,190,190,412,0,220,270.49029126213594,74,1132,1713.0
1637175089,1,GET,/public/,0.800000,0.000000,220,230,230,230,370,370,370,370,370,370,370,413,0,270,340.4237288135593,109,1483,10201.704600484261
1637175089,1,,Aggregated,5.000000,0.000000,140,170,190,210,230,250,370,370,370,370,370,2605,0,240,318.4172744721689,8,2227,5937.326679462572
1637175090,1,GET,/,1.300000,0.000000,180,210,220,220,230,270,270,270,270,270,270,648,0,280,356.2191358024691,111,1677,10274.529320987655
1637175090,1,POST,/,0.000000,0.000000,510,510,510,510,510,510,510,510,510,510,510,98,0,720,817.734693877551,296,2227,10191.163265306122
1637175090,1,GET,/auth/find-friends/,1.400000,0.000000,130,140,150,150,180,210,210,210,210,210,210,826,0,180,239.02058111380146,54,1382,1974.0
1637175090,1,GET,/auth/login/,0.000000,0.000000,0,0,0,0,0,0,0,0,0,0,0,1,0,597,597.0,597,597,2961.0
1637175090,1,POST,/auth/login/,0.200000,0.000000,250,250,250,250,250,250,250,250,250,250,250,105,0,300,517.7333333333333,146,2104,10400.047619047618
1637175090,1,GET,/auth/logout/,0.300000,0.000000,69,69,69,69,69,69,69,69,69,69,69,104,0,100,139.2403846153846,8,914,1712.0
1637175090,1,POST,/auth/modify-friend/,0.800000,0.000000,160,180,190,190,350,350,350,350,350,350,350,413,0,220,270.680387409201,74,1132,1713.0
1637175090,1,GET,/public/,0.700000,0.000000,220,220,230,230,370,370,370,370,370,370,370,414,0,270,340.1256038647343,109,1483,10201.886473429951
1637175090,1,,Aggregated,4.700000,0.000000,160,180,210,210,230,270,370,370,370,370,370,2609,0,240,318.2989651207359,8,2227,5937.607129168264
1637175091,1,GET,/,1.300000,0.000000,180,210,210,210,220,270,270,270,270,270,270,648,0,280,356.2191358024691,111,1677,10274.529320987655
1637175091,1,POST,/,0.000000,0.000000,510,510,510,510,510,510,510,510,510,510,510,98,0,720,817.734693877551,296,2227,10191.163265306122
1637175091,1,GET,/auth/find-friends/,1.400000,0.000000,130,140,150,160,180,210,210,210,210,210,210,830,0,180,238.48313253012049,54,1382,1974.0
1637175091,1,GET,/auth/login/,0.000000,0.000000,0,0,0,0,0,0,0,0,0,0,0,1,0,597,597.0,597,597,2961.0
1637175091,1,POST,/auth/login/,0.200000,0.000000,250,250,250,250,250,250,250,250,250,250,250,105,0,300,517.7333333333333,146,2104,10400.047619047618
1637175091,1,GET,/auth/logout/,0.300000,0.000000,69,69,69,69,69,69,69,69,69,69,69,104,0,100,139.2403846153846,8,914,1712.0
1637175091,1,POST,/auth/modify-friend/,0.800000,0.000000,180,190,210,210,350,350,350,350,350,350,350,414,0,220,270.52657004830917,74,1132,1713.0
1637175091,1,GET,/public/,0.700000,0.000000,200,220,220,230,370,370,370,370,370,370,370,415,0,270,339.7373493975904,109,1483,10202.339759036144
1637175091,1,,Aggregated,4.700000,0.000000,160,180,210,210,230,270,370,370,370,370,370,2615,0,240,317.9112810707457,8,2227,5931.631357552581
1637175092,1,GET,/,1.300000,0.000000,180,210,210,210,220,270,270,270,270,270,270,651,0,280,355.3778801843318,111,1677,10276.25960061444
1637175092,1,POST,/,0.000000,0.000000,0,0,0,0,0,0,0,0,0,0,0,98,0,720,817.734693877551,296,2227,10191.163265306122
1637175092,1,GET,/auth/find-friends/,1.400000,0.000000,120,140,150,150,160,180,180,180,180,180,180,831,0,180,238.37785800240673,54,1382,1974.0
1637175092,1,GET,/auth/login/,0.000000,0.000000,0,0,0,0,0,0,0,0,0,0,0,1,0,597,597.0,597,597,2961.0
1637175092,1,POST,/auth/login/,0.300000,0.000000,250,250,250,250,250,250,250,250,250,250,250,105,0,300,517.7333333333333,146,2104,10400.047619047618
1637175092,1,GET,/auth/logout/,0.200000,0.000000,69,69,69,69,69,69,69,69,69,69,69,104,0,100,139.2403846153846,8,914,1712.0
1637175092,1,POST,/auth/modify-friend/,0.700000,0.000000,180,190,210,210,350,350,350,350,350,350,350,415,0,220,270.2987951807229,74,1132,1713.0
1637175092,1,GET,/public/,0.800000,0.000000,190,200,220,220,370,370,370,370,370,370,370,416,0,270,339.37259615384613,109,1483,10203.028846153846
1637175092,1,,Aggregated,4.700000,0.000000,160,180,190,210,220,270,370,370,370,370,370,2621,0,240,317.57878672262495,8,2227,5935.651278138115
1637175093,1,GET,/,1.200000,0.000000,160,180,210,210,220,270,270,270,270,270,270,651,0,280,355.3778801843318,111,1677,10276.25960061444
1637175093,1,POST,/,0.000000,0.000000,0,0,0,0,0,0,0,0,0,0,0,98,0,720,817.734693877551,296,2227,10191.163265306122
1637175093,1,GET,/auth/find-friends/,1.600000,0.000000,140,150,160,160,180,220,220,220,220,220,220,832,0,180,238.36057692307693,54,1382,1974.0
1637175093,1,GET,/auth/login/,0.000000,0.000000,0,0,0,0,0,0,0,0,0,0,0,1,0,597,597.0,597,597,2961.0
1637175093,1,POST,/auth/login/,0.200000,0.000000,250,250,250,250,250,250,250,250,250,250,250,105,0,300,517.7333333333333,146,2104,10400.047619047618
1637175093,1,GET,/auth/logout/,0.200000,0.000000,110,110,110,110,110,110,110,110,110,110,110,105,0,100,138.97142857142856,8,914,1712.0
1637175093,1,POST,/auth/modify-friend/,0.800000,0.000000,190,190,210,210,350,350,350,350,350,350,350,416,0,220,270.09615384615387,74,1132,1713.0
1637175093,1,GET,/public/,0.800000,0.000000,190,200,220,220,220,220,220,220,220,220,220,416,0,270,339.37259615384613,109,1483,10203.028846153846
1637175093,1,,Aggregated,4.800000,0.000000,160,180,190,210,220,250,350,350,350,350,350,2624,0,240,317.4142530487805,8,2227,5930.922637195122
1637175094,1,GET,/,1.100000,0.000000,160,180,210,210,220,270,270,270,270,270,270,652,0,280,355.0950920245399,111,1677,10276.473926380368
1637175094,1,POST,/,0.000000,0.000000,0,0,0,0,0,0,0,0,0,0,0,98,0,720,817.734693877551,296,2227,10191.163265306122
1637175094,1,GET,/auth/find-friends/,1.800000,0.000000,120,150,160,160,180,220,220,220,220,220,220,832,0,180,238.36057692307693,54,1382,1974.0
1637175094,1,GET,/auth/login/,0.000000,0.000000,0,0,0,0,0,0,0,0,0,0,0,1,0,597,597.0,597,597,2961.0
1637175094,1,POST,/auth/login/,0.200000,0.000000,250,250,250,250,250,250,250,250,250,250,250,106,0,300,514.7830188679245,146,2104,10401.462264150943
1637175094,1,GET,/auth/logout/,0.100000,0.000000,110,110,110,110,110,110,110,110,110,110,110,105,0,100,138.97142857142856,8,914,1712.0
1637175094,1,POST,/auth/modify-friend/,0.800000,0.000000,190,190,210,210,350,350,350,350,350,350,350,416,0,220,270.09615384615387,74,1132,1713.0
1637175094,1,GET,/public/,0.900000,0.000000,190,190,220,220,220,220,220,220,220,220,220,416,0,270,339.37259615384613,109,1483,10203.028846153846
1637175094,1,,Aggregated,4.900000,0.000000,160,180,200,210,220,250,350,350,350,350,350,2626,0,240,317.31568926123384,8,2227,5934.389565879665
1637175095,1,GET,/,1.300000,0.000000,150,170,210,210,220,270,270,270,270,270,270,652,0,280,355.0950920245399,111,1677,10276.473926380368
1637175095,1,POST,/,0.000000,0.000000,0,0,0,0,0,0,0,0,0,0,0,98,0,720,817.734693877551,296,2227,10191.163265306122
1637175095,1,GET,/auth/find-friends/,1.800000,0.000000,150,160,170,170,180,220,220,220,220,220,220,834,0,180,238.1726618705036,54,1382,1974.0
1637175095,1,GET,/auth/login/,0.000000,0.000000,0,0,0,0,0,0,0,0,0,0,0,1,0,597,597.0,597,597,2961.0
1637175095,1,POST,/auth/login/,0.100000,0.000000,250,250,250,250,250,250,250,250,250,250,250,106,0,300,514.7830188679245,146,2104,10401.462264150943
1637175095,1,GET,/auth/logout/,0.200000,0.000000,110,110,110,110,110,110,110,110,110,110,110,105,0,100,138.97142857142856,8,914,1712.0
1637175095,1,POST,/auth/modify-friend/,0.900000,0.000000,190,190,210,210,350,350,350,350,350,350,350,417,0,220,269.87529976019187,74,1132,1713.0
1637175095,1,GET,/public/,0.900000,0.000000,220,220,230,230,380,380,380,380,380,380,380,418,0,270,339.2224880382775,109,1483,10203.478468899522
1637175095,1,,Aggregated,5.200000,0.000000,170,190,210,220,230,270,380,380,380,380,380,2631,0,240,317.13606993538576,8,2227,5933.090839984797
1637175096,1,GET,/,1.300000,0.000000,150,160,170,210,220,220,220,220,220,220,220,652,0,280,355.0950920245399,111,1677,10276.473926380368
1637175096,1,POST,/,0.000000,0.000000,0,0,0,0,0,0,0,0,0,0,0,98,0,720,817.734693877551,296,2227,10191.163265306122
1637175096,1,GET,/auth/find-friends/,1.800000,0.000000,150,160,160,160,180,220,220,220,220,220,220,838,0,180,237.64439140811456,54,1382,1974.0
1637175096,1,GET,/auth/login/,0.000000,0.000000,0,0,0,0,0,0,0,0,0,0,0,1,0,597,597.0,597,597,2961.0
1637175096,1,POST,/auth/login/,0.100000,0.000000,250,250,250,250,250,250,250,250,250,250,250,106,0,300,514.7830188679245,146,2104,10401.462264150943
1637175096,1,GET,/auth/logout/,0.200000,0.000000,110,110,110,110,110,110,110,110,110,110,110,105,0,100,138.97142857142856,8,914,1712.0
1637175096,1,POST,/auth/modify-friend/,0.900000,0.000000,180,190,190,210,350,350,350,350,350,350,350,419,0,220,269.1503579952267,74,1132,1713.0
1637175096,1,GET,/public/,0.900000,0.000000,220,220,230,230,380,380,380,380,380,380,380,419,0,270,338.84248210023867,109,1483,10203.658711217184
1637175096,1,,Aggregated,5.200000,0.000000,160,180,190,210,220,250,380,380,380,380,380,2638,0,240,316.64556482183474,8,2227,5925.535633055345
1637175097,1,GET,/,1.300000,0.000000,160,170,200,200,210,220,220,220,220,220,220,654,0,280,354.585626911315,111,1677,10277.270642201835
1637175097,1,POST,/,0.000000,0.000000,0,0,0,0,0,0,0,0,0,0,0,98,0,720,817.734693877551,296,2227,10191.163265306122
1637175097,1,GET,/auth/find-friends/,1.500000,0.000000,150,160,160,160,180,220,220,220,220,220,220,840,0,180,237.31428571428572,54,1382,1974.0
1637175097,1,GET,/auth/login/,0.000000,0.000000,0,0,0,0,0,0,0,0,0,0,0,1,0,597,597.0,597,597,2961.0
1637175097,1,POST,/auth/login/,0.200000,0.000000,250,250,250,250,250,250,250,250,250,250,250,106,0,300,514.7830188679245,146,2104,10401.462264150943
1637175097,1,GET,/auth/logout/,0.200000,0.000000,110,110,110,110,110,110,110,110,110,110,110,105,0,100,138.97142857142856,8,914,1712.0
1637175097,1,POST,/auth/modify-friend/,0.800000,0.000000,180,190,210,210,350,350,350,350,350,350,350,420,0,220,268.9214285714286,74,1132,1713.0
1637175097,1,GET,/public/,0.700000,0.000000,190,200,220,230,380,380,380,380,380,380,380,421,0,260,338.0997624703088,109,1483,10203.277909738717
1637175097,1,,Aggregated,4.700000,0.000000,170,180,200,210,220,250,380,380,380,380,380,2645,0,240,316.2283553875236,8,2227,5927.616257088847
1637175098,1,GET,/,1.100000,0.000000,170,170,200,210,220,220,220,220,220,220,220,656,0,280,353.8643292682927,111,1677,10277.567073170732
1637175098,1,POST,/,0.000000,0.000000,280,280,280,280,280,280,280,280,280,280,280,99,0,720,812.3535353535353,285,2227,10194.20202020202
1637175098,1,GET,/auth/find-friends/,1.600000,0.000000,140,150,160,160,180,220,220,220,220,220,220,844,0,170,236.4632701421801,54,1382,1974.0
1637175098,1,GET,/auth/login/,0.000000,0.000000,0,0,0,0,0,0,0,0,0,0,0,1,0,597,597.0,597,597,2961.0
1637175098,1,POST,/auth/login/,0.200000,0.000000,250,250,250,250,250,250,250,250,250,250,250,106,0,300,514.7830188679245,146,2104,10401.462264150943
1637175098,1,GET,/auth/logout/,0.200000,0.000000,110,110,110,110,110,110,110,110,110,110,110,105,0,100,138.97142857142856,8,914,1712.0
1637175098,1,POST,/auth/modify-friend/,0.900000,0.000000,180,180,190,210,350,350,350,350,350,350,350,421,0,220,268.5439429928741,74,1132,1713.0
1637175098,1,GET,/public/,0.800000,0.000000,190,200,220,230,380,380,380,380,380,380,380,422,0,260,337.5545023696682,108,1483,10203.362559241707
1637175098,1,,Aggregated,4.800000,0.000000,160,180,190,200,220,280,380,380,380,380,380,2654,0,240,315.52147701582516,8,2227,5926.764883195177
1637175099,1,GET,/,1.100000,0.000000,170,170,200,210,220,220,220,220,220,220,220,656,0,280,353.8643292682927,111,1677,10277.567073170732
1637175099,1,POST,/,0.000000,0.000000,280,280,280,280,280,280,280,280,280,280,280,99,0,720,812.3535353535353,285,2227,10194.20202020202
1637175099,1,GET,/auth/find-friends/,1.600000,0.000000,140,150,160,160,170,220,220,220,220,220,220,846,0,170,236.2612293144208,54,1382,1974.0
1637175099,1,GET,/auth/login/,0.000000,0.000000,0,0,0,0,0,0,0,0,0,0,0,1,0,597,597.0,597,597,2961.0
1637175099,1,POST,/auth/login/,0.200000,0.000000,250,250,250,250,250,250,250,250,250,250,250,106,0,300,514.7830188679245,146,2104,10401.462264150943
1637175099,1,GET,/auth/logout/,0.200000,0.000000,120,120,120,120,120,120,120,120,120,120,120,106,0,100,138.81132075471697,8,914,1712.0
1637175099,1,POST,/auth/modify-friend/,0.800000,0.000000,180,180,190,210,230,230,230,230,230,230,230,423,0,220,268.0496453900709,74,1132,1713.0
1637175099,1,GET,/public/,0.800000,0.000000,200,200,220,230,380,380,380,380,380,380,380,423,0,260,337.2364066193853,108,1483,10203.271867612293
1637175099,1,,Aggregated,4.700000,0.000000,160,180,190,200,220,230,280,380,380,380,380,2660,0,240,315.1687969924812,8,2227,5920.633458646616
1637175100,1,GET,/,1.100000,0.000000,170,170,200,200,210,210,210,210,210,210,210,656,0,280,353.8643292682927,111,1677,10277.567073170732
1637175100,1,POST,/,0.000000,0.000000,280,280,280,280,280,280,280,280,280,280,280,99,0,720,812.3535353535353,285,2227,10194.20202020202
1637175100,1,GET,/auth/find-friends/,1.600000,0.000000,140,150,160,160,170,220,220,220,220,220,220,846,0,170,236.2612293144208,54,1382,1974.0
1637175100,1,GET,/auth/login/,0.000000,0.000000,0,0,0,0,0,0,0,0,0,0,0,1,0,597,597.0,597,597,2961.0
1637175100,1,POST,/auth/login/,0.200000,0.000000,200,200,200,200,200,200,200,200,200,200,200,106,0,300,514.7830188679245,146,2104,10401.462264150943
1637175100,1,GET,/auth/logout/,0.200000,0.000000,120,120,120,120,120,120,120,120,120,120,120,106,0,100,138.81132075471697,8,914,1712.0
1637175100,1,POST,/auth/modify-friend/,0.800000,0.000000,170,180,180,190,230,230,230,230,230,230,230,423,0,220,268.0496453900709,74,1132,1713.0
1637175100,1,GET,/public/,0.800000,0.000000,200,200,230,230,380,380,380,380,380,380,380,423,0,260,337.2364066193853,108,1483,10203.271867612293
1637175100,1,,Aggregated,4.700000,0.000000,160,170,190,200,220,230,380,380,380,380,380,2660,0,240,315.1687969924812,8,2227,5920.633458646616
1637175101,1,GET,/,0.900000,0.000000,160,170,170,200,210,210,210,210,210,210,210,658,0,280,353.1595744680851,111,1677,10278.047112462005
1637175101,1,POST,/,0.100000,0.000000,280,280,280,280,280,280,280,280,280,280,280,99,0,720,812.3535353535353,285,2227,10194.20202020202
1637175101,1,GET,/auth/find-friends/,2.200000,0.000000,110,140,150,160,170,220,220,220,220,220,220,850,0,170,235.52588235294118,54,1382,1974.0
1637175101,1,GET,/auth/login/,0.000000,0.000000,0,0,0,0,0,0,0,0,0,0,0,1,0,597,597.0,597,597,2961.0
1637175101,1,POST,/auth/login/,0.100000,0.000000,200,200,200,200,200,200,200,200,200,200,200,107,0,300,511.30841121495325,143,2104,10402.084112149532
1637175101,1,GET,/auth/logout/,0.100000,0.000000,120,120,120,120,120,120,120,120,120,120,120,106,0,100,138.81132075471697,8,914,1712.0
1637175101,1,POST,/auth/modify-friend/,1.100000,0.000000,120,170,180,190,230,230,230,230,230,230,230,424,0,220,267.58962264150944,73,1132,1713.0
1637175101,1,GET,/public/,1.000000,0.000000,190,200,200,230,380,380,380,380,380,380,380,425,0,260,336.1976470588235,108,1483,10203.13411764706
1637175101,1,,Aggregated,5.500000,0.000000,120,160,170,190,220,230,380,380,380,380,380,2670,0,230,314.36779026217226,8,2227,5921.416104868914
1637175102,1,GET,/,0.800000,0.000000,120,170,170,170,200,200,200,200,200,200,200,658,0,280,353.1595744680851,111,1677,10278.047112462005
1637175102,1,POST,/,0.100000,0.000000,280,280,280,280,280,280,280,280,280,280,280,99,0,720,812.3535353535353,285,2227,10194.20202020202
1637175102,1,GET,/auth/find-friends/,2.000000,0.000000,120,140,150,150,160,170,220,220,220,220,220,852,0,170,235.28755868544602,54,1382,1974.0
1637175102,1,GET,/auth/login/,0.000000,0.000000,0,0,0,0,0,0,0,0,0,0,0,1,0,597,597.0,597,597,2961.0
1637175102,1,POST,/auth/login/,0.100000,0.000000,200,200,200,200,200,200,200,200,200,200,200,107,0,300,511.30841121495325,143,2104,10402.084112149532
1637175102,1,GET,/auth/logout/,0.200000,0.000000,120,120,120,120,120,120,120,120,120,120,120,106,0,100,138.81132075471697,8,914,1712.0
1637175102,1,POST,/auth/modify-friend/,1.000000,0.000000,120,180,180,180,190,230,230,230,230,230,230,426,0,210,267.03521126760563,73,1132,1713.0
1637175102,1,GET,/public/,1.000000,0.000000,180,200,230,230,240,380,380,380,380,380,380,427,0,260,335.57377049180326,108,1483,10201.929742388758
1637175102,1,,Aggregated,5.200000,0.000000,140,160,170,180,200,240,280,380,380,380,380,2676,0,230,314.0265321375187,8,2227,5918.328475336323
1637175103,1,GET,/,0.800000,0.000000,150,170,170,170,200,200,200,200,200,200,200,659,0,280,352.85735963581186,111,1677,10277.918057663126
1637175103,1,POST,/,0.100000,0.000000,280,280,280,280,280,280,280,280,280,280,280,99,0,720,812.3535353535353,285,2227,10194.20202020202
1637175103,1,GET,/auth/find-friends/,2.000000,0.000000,120,140,150,150,160,160,170,170,170,170,170,854,0,170,235.10187353629976,54,1382,1974.0
1637175103,1,GET,/auth/login/,0.000000,0.000000,0,0,0,0,0,0,0,0,0,0,0,1,0,597,597.0,597,597,2961.0
1637175103,1,POST,/auth/login/,0.100000,0.000000,200,200,200,200,200,200,200,200,200,200,200,107,0,300,511.30841121495325,143,2104,10402.084112149532
1637175103,1,GET,/auth/logout/,0.200000,0.000000,120,120,120,120,120,120,120,120,120,120,120,106,0,100,138.81132075471697,8,914,1712.0
1637175103,1,POST,/auth/modify-friend/,1.000000,0.000000,120,170,180,180,180,230,230,230,230,230,230,427,0,210,266.73770491803276,73,1132,1713.0
1637175103,1,GET,/public/,1.000000,0.000000,180,200,230,230,240,380,380,380,380,380,380,427,0,260,335.57377049180326,108,1483,10201.929742388758
1637175103,1,,Aggregated,5.200000,0.000000,140,160,170,180,200,240,280,380,380,380,380,2680,0,230,313.7839552238806,8,2227,5915.410820895522
1637175104,1,GET,/,0.700000,0.000000,120,150,170,170,200,200,200,200,200,200,200,659,0,280,352.85735963581186,111,1677,10277.918057663126
1637175104,1,POST,/,0.100000,0.000000,510,510,510,510,510,510,510,510,510,510,510,100,0,720,809.37,285,2227,10193.76
1637175104,1,GET,/auth/find-friends/,2.100000,0.000000,120,140,150,160,160,220,240,240,240,240,240,856,0,170,235.08177570093457,54,1382,1974.0
1637175104,1,GET,/auth/login/,0.000000,0.000000,0,0,0,0,0,0,0,0,0,0,0,1,0,597,597.0,597,597,2961.0
1637175104,1,POST,/auth/login/,0.200000,0.000000,200,200,200,200,200,200,200,200,200,200,200,107,0,300,511.30841121495325,143,2104,10402.084112149532
1637175104,1,GET,/auth/logout/,0.200000,0.000000,120,120,120,120,120,120,120,120,120,120,120,106,0,100,138.81132075471697,8,914,1712.0
1637175104,1,POST,/auth/modify-friend/,1.100000,0.000000,120,170,180,180,200,230,230,230,230,230,230,428,0,210,266.5841121495327,73,1132,1713.0
1637175104,1,GET,/public/,1.000000,0.000000,180,200,230,230,240,250,250,250,250,250,250,428,0,250,335.3761682242991,108,1483,10201.044392523365
1637175104,1,,Aggregated,5.400000,0.000000,140,160,180,200,230,250,280,510,510,510,510,2685,0,230,313.72811918063314,8,2227,5913.942271880819
1637175105,1,GET,/,0.800000,0.000000,120,150,170,170,200,200,200,200,200,200,200,659,0,280,352.85735963581186,111,1677,10277.918057663126
1637175105,1,POST,/,0.100000,0.000000,510,510,510,510,510,510,510,510,510,510,510,100,0,720,809.37,285,2227,10193.76
1637175105,1,GET,/auth/find-friends/,2.200000,0.000000,140,150,160,160,230,240,240,240,240,240,240,858,0,170,234.99184149184148,54,1382,1974.0
1637175105,1,GET,/auth/login/,0.000000,0.000000,0,0,0,0,0,0,0,0,0,0,0,1,0,597,597.0,597,597,2961.0
1637175105,1,POST,/auth/login/,0.200000,0.000000,200,200,200,200,200,200,200,200,200,200,200,107,0,300,511.30841121495325,143,2104,10402.084112149532
1637175105,1,GET,/auth/logout/,0.100000,0.000000,120,120,120,120,120,120,120,120,120,120,120,106,0,100,138.81132075471697,8,914,1712.0
1637175105,1,POST,/auth/modify-friend/,1.100000,0.000000,170,180,200,230,340,340,340,340,340,340,340,429,0,210,266.75058275058274,73,1132,1713.0
1637175105,1,GET,/public/,1.100000,0.000000,200,200,220,240,250,250,250,250,250,250,250,429,0,250,335.0955710955711,108,1483,10200.550116550117
1637175105,1,,Aggregated,5.600000,0.000000,140,170,200,200,240,280,340,510,510,510,510,2689,0,230,313.6132391223503,8,2227,5910.9650427668275
1637175106,1,GET,/,0.700000,0.000000,120,120,120,150,150,150,150,150,150,150,150,659,0,280,352.85735963581186,111,1677,10277.918057663126
1637175106,1,POST,/,0.200000,0.000000,510,510,510,510,510,510,510,510,510,510,510,100,0,720,809.37,285,2227,10193.76
1637175106,1,GET,/auth/find-friends/,2.400000,0.000000,140,160,160,220,230,240,240,240,240,240,240,859,0,170,234.9906868451688,54,1382,1974.0
1637175106,1,GET,/auth/login/,0.000000,0.000000,0,0,0,0,0,0,0,0,0,0,0,1,0,597,597.0,597,597,2961.0
1637175106,1,POST,/auth/login/,0.100000,0.000000,140,140,140,140,140,140,140,140,140,140,140,107,0,300,511.30841121495325,143,2104,10402.084112149532
1637175106,1,GET,/auth/logout/,0.100000,0.000000,120,120,120,120,120,120,120,120,120,120,120,106,0,100,138.81132075471697,8,914,1712.0
1637175106,1,POST,/auth/modify-friend/,1.100000,0.000000,140,180,200,230,340,340,340,340,340,340,340,429,0,210,266.75058275058274,73,1132,1713.0
1637175106,1,GET,/public/,1.200000,0.000000,200,220,240,250,740,740,740,740,740,740,740,430,0,250,336.03953488372093,108,1483,10200.111627906977
1637175106,1,,Aggregated,5.800000,0.000000,140,180,220,230,250,340,740,740,740,740,740,2691,0,230,313.74247491638795,8,2227,5911.026012634708
1637175107,1,GET,/,0.700000,0.000000,120,150,180,180,190,190,190,190,190,190,190,661,0,280,352.35098335854764,111,1677,10277.90015128593
1637175107,1,POST,/,0.200000,0.000000,510,510,510,510,510,510,510,510,510,510,510,100,0,720,809.37,285,2227,10193.76
1637175107,1,GET,/auth/find-friends/,2.400000,0.000000,140,160,160,220,230,240,240,240,240,240,240,862,0,170,234.48839907192576,54,1382,1974.0
1637175107,1,GET,/auth/login/,0.000000,0.000000,0,0,0,0,0,0,0,0,0,0,0,1,0,597,597.0,597,597,2961.0
1637175107,1,POST,/auth/login/,0.100000,0.000000,140,140,140,140,140,140,140,140,140,140,140,107,0,300,511.30841121495325,143,2104,10402.084112149532
1637175107,1,GET,/auth/logout/,0.100000,0.000000,120,120,120,120,120,120,120,120,120,120,120,106,0,100,138.81132075471697,8,914,1712.0
1637175107,1,POST,/auth/modify-friend/,1.100000,0.000000,140,180,200,230,340,340,340,340,340,340,340,430,0,210,266.4093023255814,73,1132,1713.0
1637175107,1,GET,/public/,1.200000,0.000000,200,220,240,250,740,740,740,740,740,740,740,431,0,250,335.6844547563805,108,1483,10199.821345707656
1637175107,1,,Aggregated,5.800000,0.000000,150,180,200,220,240,340,740,740,740,740,740,2698,0,230,313.2790956263899,8,2227,5909.868421052632
1637175108,1,GET,/,0.700000,0.000000,150,180,180,190,190,190,190,190,190,190,190,661,0,280,352.35098335854764,111,1677,10277.90015128593
1637175108,1,POST,/,0.200000,0.000000,510,510,510,510,510,510,510,510,510,510,510,100,0,720,809.37,285,2227,10193.76
1637175108,1,GET,/auth/find-friends/,2.400000,0.000000,150,160,220,230,230,240,240,240,240,240,240,864,0,170,234.4837962962963,54,1382,1974.0
1637175108,1,GET,/auth/login/,0.000000,0.000000,0,0,0,0,0,0,0,0,0,0,0,1,0,597,597.0,597,597,2961.0
1637175108,1,POST,/auth/login/,0.100000,0.000000,140,140,140,140,140,140,140,140,140,140,140,107,0,300,511.30841121495325,143,2104,10402.084112149532
1637175108,1,GET,/auth/logout/,0.100000,0.000000,120,120,120,120,120,120,120,120,120,120,120,106,0,100,138.81132075471697,8,914,1712.0
1637175108,1,POST,/auth/modify-friend/,1.100000,0.000000,140,180,200,230,340,340,340,340,340,340,340,431,0,210,266.11136890951275,73,1132,1713.0
1637175108,1,GET,/public/,1.200000,0.000000,220,230,240,250,740,740,740,740,740,740,740,432,0,250,335.43518518518516,108,1483,10199.689814814816
1637175108,1,,Aggregated,5.800000,0.000000,150,190,230,230,240,340,740,740,740,740,740,2702,0,230,313.12287194670614,8,2227,5906.968541820874
1637175109,1,GET,/,0.700000,0.000000,180,190,230,230,240,240,240,240,240,240,240,663,0,280,352.0030165912519,111,1677,10278.719457013574
1637175109,1,POST,/,0.200000,0.000000,510,510,510,510,510,510,510,510,510,510,510,100,0,720,809.37,285,2227,10193.76
1637175109,1,GET,/auth/find-friends/,2.000000,0.000000,150,160,230,230,240,240,240,240,240,240,240,864,0,170,234.4837962962963,54,1382,1974.0
1637175109,1,GET,/auth/login/,0.000000,0.000000,0,0,0,0,0,0,0,0,0,0,0,1,0,597,597.0,597,597,2961.0
1637175109,1,POST,/auth/login/,0.100000,0.000000,140,140,140,140,140,140,140,140,140,140,140,107,0,300,511.30841121495325,143,2104,10402.084112149532
1637175109,1,GET,/auth/logout/,0.100000,0.000000,120,120,120,120,120,120,120,120,120,120,120,106,0,100,138.81132075471697,8,914,1712.0
1637175109,1,POST,/auth/modify-friend/,1.000000,0.000000,140,180,200,270,340,340,340,340,340,340,340,432,0,210,266.1134259259259,73,1132,1713.0
1637175109,1,GET,/public/,1.100000,0.000000,230,240,250,280,740,740,740,740,740,740,740,433,0,250,335.29561200923786,108,1483,10200.080831408775
1637175109,1,,Aggregated,5.200000,0.000000,170,220,230,240,270,340,740,740,740,740,740,2706,0,230,313.0354767184036,8,2227,5910.498891352549
1637175110,1,GET,/,0.500000,0.000000,190,230,240,240,340,340,340,340,340,340,340,664,0,280,351.9789156626506,111,1677,10279.331325301206
1637175110,1,POST,/,0.100000,0.000000,510,510,510,510,510,510,510,510,510,510,510,100,0,720,809.37,285,2227,10193.76
1637175110,1,GET,/auth/find-friends/,2.200000,0.000000,160,230,230,230,240,240,240,240,240,240,240,866,0,170,234.4849884526559,54,1382,1974.0
1637175110,1,GET,/auth/login/,0.000000,0.000000,0,0,0,0,0,0,0,0,0,0,0,1,0,597,597.0,597,597,2961.0
1637175110,1,POST,/auth/login/,0.100000,0.000000,140,140,140,140,140,140,140,140,140,140,140,107,0,300,511.30841121495325,143,2104,10402.084112149532
1637175110,1,GET,/auth/logout/,0.100000,0.000000,120,120,120,120,120,120,120,120,120,120,120,106,0,100,138.81132075471697,8,914,1712.0
1637175110,1,POST,/auth/modify-friend/,1.000000,0.000000,180,200,270,280,340,340,340,340,340,340,340,433,0,210,266.1454965357968,73,1132,1713.0
1637175110,1,GET,/public/,1.000000,0.000000,240,250,280,280,740,740,740,740,740,740,740,433,0,250,335.29561200923786,108,1483,10200.080831408775
1637175110,1,,Aggregated,5.000000,0.000000,220,230,240,240,280,340,740,740,740,740,740,2710,0,230,312.97416974169744,8,2227,5907.806642066421
1637175111,1,GET,/,0.700000,0.000000,240,270,270,340,410,410,410,410,410,410,410,667,0,280,351.81559220389806,111,1677,10280.80059970015
1637175111,1,POST,/,0.100000,0.000000,510,510,510,510,510,510,510,510,510,510,510,100,0,720,809.37,285,2227,10193.76
1637175111,1,GET,/auth/find-friends/,1.800000,0.000000,230,230,230,240,240,240,240,240,240,240,240,866,0,170,234.4849884526559,54,1382,1974.0
1637175111,1,GET,/auth/login/,0.000000,0.000000,0,0,0,0,0,0,0,0,0,0,0,1,0,597,597.0,597,597,2961.0
1637175111,1,POST,/auth/login/,0.100000,0.000000,140,140,140,140,140,140,140,140,140,140,140,107,0,300,511.30841121495325,143,2104,10402.084112149532
1637175111,1,GET,/auth/logout/,0.100000,0.000000,120,120,120,120,120,120,120,120,120,120,120,106,0,100,138.81132075471697,8,914,1712.0
1637175111,1,POST,/auth/modify-friend/,0.900000,0.000000,200,270,280,280,340,340,340,340,340,340,340,433,0,210,266.1454965357968,73,1132,1713.0
1637175111,1,GET,/public/,1.000000,0.000000,230,250,280,280,740,740,740,740,740,740,740,433,0,250,335.29561200923786,108,1483,10200.080831408775
1637175111,1,,Aggregated,4.700000,0.000000,230,240,270,270,340,510,740,740,740,740,740,2713,0,230,312.97714706966457,8,2227,5913.001842978253
1637175112,1,GET,/,0.700000,0.000000,240,270,270,340,410,410,410,410,410,410,410,667,0,280,351.81559220389806,111,1677,10280.80059970015
1637175112,1,POST,/,0.100000,0.000000,510,510,510,510,510,510,510,510,510,510,510,100,0,720,809.37,285,2227,10193.76
1637175112,1,GET,/auth/find-friends/,1.800000,0.000000,230,230,230,240,240,240,240,240,240,240,240,868,0,170,234.3709677419355,54,1382,1974.0
1637175112,1,GET,/auth/login/,0.000000,0.000000,0,0,0,0,0,0,0,0,0,0,0,1,0,597,597.0,597,597,2961.0
1637175112,1,POST,/auth/login/,0.100000,0.000000,140,140,140,140,140,140,140,140,140,140,140,107,0,300,511.30841121495325,143,2104,10402.084112149532
1637175112,1,GET,/auth/logout/,0.100000,0.000000,120,120,120,120,120,120,120,120,120,120,120,106,0,100,138.81132075471697,8,914,1712.0
1637175112,1,POST,/auth/modify-friend/,0.900000,0.000000,200,270,280,280,340,340,340,340,340,340,340,434,0,210,265.95391705069125,73,1132,1713.0
1637175112,1,GET,/public/,1.000000,0.000000,250,280,360,360,740,740,740,740,740,740,740,434,0,250,335.352534562212,108,1483,10200.258064516129
1637175112,1,,Aggregated,4.700000,0.000000,230,240,270,280,360,510,740,740,740,740,740,2717,0,230,312.8524107471476,8,2227,5910.162679425837
1637175113,1,GET,/,0.800000,0.000000,270,280,340,340,350,410,410,410,410,410,410,669,0,280,351.69805680119583,111,1677,10281.149476831091
1637175113,1,POST,/,0.100000,0.000000,510,510,510,510,510,510,510,510,510,510,510,100,0,720,809.37,285,2227,10193.76
1637175113,1,GET,/auth/find-friends/,1.800000,0.000000,220,230,230,230,240,240,240,240,240,240,240,869,0,170,234.29113924050634,54,1382,1974.0
1637175113,1,GET,/auth/login/,0.000000,0.000000,0,0,0,0,0,0,0,0,0,0,0,1,0,597,597.0,597,597,2961.0
1637175113,1,POST,/auth/login/,0.000000,0.000000,140,140,140,140,140,140,140,140,140,140,140,107,0,300,511.30841121495325,143,2104,10402.084112149532
1637175113,1,GET,/auth/logout/,0.000000,0.000000,120,120,120,120,120,120,120,120,120,120,120,106,0,100,138.81132075471697,8,914,1712.0
1637175113,1,POST,/auth/modify-friend/,0.900000,0.000000,200,270,280,280,340,340,340,340,340,340,340,434,0,210,265.95391705069125,73,1132,1713.0
1637175113,1,GET,/public/,0.800000,0.000000,260,280,360,360,740,740,740,740,740,740,740,435,0,260,335.17471264367816,108,1483,10199.92183908046
1637175113,1,,Aggregated,4.400000,0.000000,230,260,270,280,350,410,740,740,740,740,740,2721,0,230,312.7776552737964,8,2227,5913.53730246233
1637175114,1,GET,/,0.900000,0.000000,270,270,340,340,350,410,410,410,410,410,410,671,0,280,351.3457526080477,111,1677,10281.335320417287
1637175114,1,POST,/,0.100000,0.000000,510,510,510,510,510,510,510,510,510,510,510,100,0,720,809.37,285,2227,10193.76
1637175114,1,GET,/auth/find-friends/,1.600000,0.000000,230,230,230,230,240,240,240,240,240,240,240,870,0,170,234.2896551724138,54,1382,1974.0
1637175114,1,GET,/auth/login/,0.000000,0.000000,0,0,0,0,0,0,0,0,0,0,0,1,0,597,597.0,597,597,2961.0
1637175114,1,POST,/auth/login/,0.000000,0.000000,140,140,140,140,140,140,140,140,140,140,140,107,0,300,511.30841121495325,143,2104,10402.084112149532
1637175114,1,GET,/auth/logout/,0.000000,0.000000,120,120,120,120,120,120,120,120,120,120,120,106,0,100,138.81132075471697,8,914,1712.0
1637175114,1,POST,/auth/modify-friend/,0.800000,0.000000,270,280,340,340,420,420,420,420,420,420,420,435,0,210,266.3080459770115,73,1132,1713.0
1637175114,1,GET,/public/,0.800000,0.000000,280,280,360,360,740,740,740,740,740,740,740,435,0,260,335.17471264367816,108,1483,10199.92183908046
1637175114,1,,Aggregated,4.200000,0.000000,230,270,280,280,360,420,740,740,740,740,740,2725,0,230,312.7295412844037,8,2227,5913.801467889908
1637175115,1,GET,/,0.900000,0.000000,270,270,340,340,350,410,410,410,410,410,410,671,0,280,351.3457526080477,111,1677,10281.335320417287
1637175115,1,POST,/,0.100000,0.000000,510,510,510,510,510,510,510,510,510,510,510,100,0,720,809.37,285,2227,10193.76
1637175115,1,GET,/auth/find-friends/,1.600000,0.000000,230,230,230,230,240,240,240,240,240,240,240,872,0,170,234.27522935779817,54,1382,1974.0
1637175115,1,GET,/auth/login/,0.000000,0.000000,0,0,0,0,0,0,0,0,0,0,0,1,0,597,597.0,597,597,2961.0
1637175115,1,POST,/auth/login/,0.000000,0.000000,140,140,140,140,140,140,140,140,140,140,140,107,0,300,511.30841121495325,143,2104,10402.084112149532
1637175115,1,GET,/auth/logout/,0.000000,0.000000,120,120,120,120,120,120,120,120,120,120,120,106,0,100,138.81132075471697,8,914,1712.0
1637175115,1,POST,/auth/modify-friend/,0.800000,0.000000,270,270,280,280,420,420,420,420,420,420,420,435,0,210,266.3080459770115,73,1132,1713.0
1637175115,1,GET,/public/,0.800000,0.000000,280,280,280,280,360,360,360,360,360,360,360,436,0,260,335.0573394495413,108,1483,10199.94266055046
1637175115,1,,Aggregated,4.200000,0.000000,230,260,270,280,350,410,420,420,420,420,420,2728,0,230,312.6568914956012,8,2227,5912.487536656891
1637175116,1,GET,/,1.100000,0.000000,270,270,340,340,350,410,410,410,410,410,410,671,0,280,351.3457526080477,111,1677,10281.335320417287
1637175116,1,POST,/,0.000000,0.000000,510,510,510,510,510,510,510,510,510,510,510,100,0,720,809.37,285,2227,10193.76
1637175116,1,GET,/auth/find-friends/,1.400000,0.000000,220,230,230,230,240,240,240,240,240,240,240,874,0,170,234.12471395881008,54,1382,1974.0
1637175116,1,GET,/auth/login/,0.000000,0.000000,0,0,0,0,0,0,0,0,0,0,0,1,0,597,597.0,597,597,2961.0
1637175116,1,POST,/auth/login/,0.000000,0.000000,140,140,140,140,140,140,140,140,140,140,140,107,0,300,511.30841121495325,143,2104,10402.084112149532
1637175116,1,GET,/auth/logout/,0.000000,0.000000,120,120,120,120,120,120,120,120,120,120,120,106,0,100,138.81132075471697,8,914,1712.0
1637175116,1,POST,/auth/modify-friend/,0.800000,0.000000,280,280,330,330,420,420,420,420,420,420,420,437,0,220,266.49427917620136,73,1132,1713.0
1637175116,1,GET,/public/,0.700000,0.000000,280,280,280,280,360,360,360,360,360,360,360,437,0,260,334.8466819221968,108,1483,10200.549199084668
1637175116,1,,Aggregated,4.000000,0.000000,240,270,280,280,350,410,420,420,420,420,420,2733,0,230,312.52177094767654,8,2227,5908.19795096963
1637175117,1,GET,/,1.200000,0.000000,270,280,340,340,350,410,410,410,410,410,410,672,0,280,351.1934523809524,111,1677,10282.10119047619
1637175117,1,POST,/,0.000000,0.000000,610,610,610,610,610,610,610,610,610,610,610,101,0,720,807.3663366336634,285,2227,10198.049504950495
1637175117,1,GET,/auth/find-friends/,1.400000,0.000000,220,230,230,230,240,240,240,240,240,240,240,874,0,170,234.12471395881008,54,1382,1974.0
1637175117,1,GET,/auth/login/,0.000000,0.000000,0,0,0,0,0,0,0,0,0,0,0,1,0,597,597.0,597,597,2961.0
1637175117,1,POST,/auth/login/,0.000000,0.000000,140,140,140,140,140,140,140,140,140,140,140,107,0,300,511.30841121495325,143,2104,10402.084112149532
1637175117,1,GET,/auth/logout/,0.000000,0.000000,0,0,0,0,0,0,0,0,0,0,0,106,0,100,138.81132075471697,8,914,1712.0
1637175117,1,POST,/auth/modify-friend/,0.700000,0.000000,280,280,330,330,420,420,420,420,420,420,420,437,0,220,266.49427917620136,73,1132,1713.0
1637175117,1,GET,/public/,0.700000,0.000000,280,280,280,280,360,360,360,360,360,360,360,438,0,250,334.527397260274,108,1483,10200.632420091324
1637175117,1,,Aggregated,4.000000,0.000000,250,280,280,330,360,420,610,610,610,610,610,2736,0,230,312.56323099415204,8,2227,5913.291301169591
1637175118,1,GET,/,1.200000,0.000000,270,280,340,340,350,410,410,410,410,410,410,672,0,280,351.1934523809524,111,1677,10282.10119047619
1637175118,1,POST,/,0.000000,0.000000,610,610,610,610,610,610,610,610,610,610,610,101,0,720,807.3663366336634,285,2227,10198.049504950495
1637175118,1,GET,/auth/find-friends/,1.600000,0.000000,230,230,240,240,280,470,470,470,470,470,470,876,0,170,234.4497716894977,54,1382,1974.0
1637175118,1,GET,/auth/login/,0.000000,0.000000,0,0,0,0,0,0,0,0,0,0,0,1,0,597,597.0,597,597,2961.0
1637175118,1,POST,/auth/login/,0.000000,0.000000,0,0,0,0,0,0,0,0,0,0,0,107,0,300,511.30841121495325,143,2104,10402.084112149532
1637175118,1,GET,/auth/logout/,0.000000,0.000000,0,0,0,0,0,0,0,0,0,0,0,106,0,100,138.81132075471697,8,914,1712.0
1637175118,1,POST,/auth/modify-friend/,0.700000,0.000000,280,330,330,420,420,420,420,420,420,420,420,437,0,220,266.49427917620136,73,1132,1713.0
1637175118,1,GET,/public/,0.700000,0.000000,280,280,280,280,360,360,360,360,360,360,360,438,0,250,334.527397260274,108,1483,10200.632420091324
1637175118,1,,Aggregated,4.200000,0.000000,260,280,330,340,410,470,610,610,610,610,610,2738,0,230,312.6099342585829,8,2227,5910.41380569759
1637175119,1,GET,/,1.200000,0.000000,270,280,340,350,410,410,410,410,410,410,410,672,0,280,351.1934523809524,111,1677,10282.10119047619
1637175119,1,POST,/,0.000000,0.000000,610,610,610,610,610,610,610,610,610,610,610,101,0,720,807.3663366336634,285,2227,10198.049504950495
1637175119,1,GET,/auth/find-friends/,1.600000,0.000000,230,230,240,240,280,470,470,470,470,470,470,876,0,170,234.4497716894977,54,1382,1974.0
1637175119,1,GET,/auth/login/,0.000000,0.000000,0,0,0,0,0,0,0,0,0,0,0,1,0,597,597.0,597,597,2961.0
1637175119,1,POST,/auth/login/,0.000000,0.000000,0,0,0,0,0,0,0,0,0,0,0,107,0,300,511.30841121495325,143,2104,10402.084112149532
1637175119,1,GET,/auth/logout/,0.000000,0.000000,0,0,0,0,0,0,0,0,0,0,0,106,0,100,138.81132075471697,8,914,1712.0
1637175119,1,POST,/auth/modify-friend/,0.700000,0.000000,330,330,420,420,760,760,760,760,760,760,760,438,0,220,267.6324200913242,73,1132,1713.0
1637175119,1,GET,/public/,0.700000,0.000000,260,280,280,360,360,360,360,360,360,360,360,438,0,250,334.527397260274,108,1483,10200.632420091324
1637175119,1,,Aggregated,4.200000,0.000000,270,280,340,360,470,610,760,760,760,760,760,2739,0,230,312.77510040160644,8,2227,5908.881343556042
1637175120,1,GET,/,1.100000,0.000000,270,270,280,280,350,350,350,350,350,350,350,672,0,280,351.1934523809524,111,1677,10282.10119047619
1637175120,1,POST,/,0.100000,0.000000,610,610,610,610,610,610,610,610,610,610,610,101,0,720,807.3663366336634,285,2227,10198.049504950495
1637175120,1,GET,/auth/find-friends/,1.100000,0.000000,230,230,280,280,470,550,550,550,550,550,550,878,0,170,234.83371298405467,54,1382,1974.0
1637175120,1,GET,/auth/login/,0.000000,0.000000,0,0,0,0,0,0,0,0,0,0,0,1,0,597,597.0,597,597,2961.0
1637175120,1,POST,/auth/login/,0.000000,0.000000,0,0,0,0,0,0,0,0,0,0,0,107,0,300,511.30841121495325,143,2104,10402.084112149532
1637175120,1,GET,/auth/logout/,0.000000,0.000000,0,0,0,0,0,0,0,0,0,0,0,106,0,100,138.81132075471697,8,914,1712.0
1637175120,1,POST,/auth/modify-friend/,0.600000,0.000000,330,420,420,760,760,760,760,760,760,760,760,438,0,220,267.6324200913242,73,1132,1713.0
1637175120,1,GET,/public/,0.600000,0.000000,280,280,360,360,650,650,650,650,650,650,650,439,0,260,335.250569476082,108,1483,10200.26423690205
1637175120,1,,Aggregated,3.500000,0.000000,260,280,350,420,610,650,760,760,760,760,760,2742,0,230,312.9646243617797,8,2227,5907.51750547046
1637175121,1,GET,/,0.900000,0.000000,280,280,350,350,400,400,400,400,400,400,400,673,0,280,351.2630014858841,111,1677,10281.791976225855
1637175121,1,POST,/,0.100000,0.000000,610,610,610,610,610,610,610,610,610,610,610,101,0,720,807.3663366336634,285,2227,10198.049504950495
1637175121,1,GET,/auth/find-friends/,1.200000,0.000000,230,230,280,280,470,550,550,550,550,550,550,878,0,170,234.83371298405467,54,1382,1974.0
1637175121,1,GET,/auth/login/,0.000000,0.000000,0,0,0,0,0,0,0,0,0,0,0,1,0,597,597.0,597,597,2961.0
1637175121,1,POST,/auth/login/,0.000000,0.000000,0,0,0,0,0,0,0,0,0,0,0,107,0,300,511.30841121495325,143,2104,10402.084112149532
1637175121,1,GET,/auth/logout/,0.000000,0.000000,0,0,0,0,0,0,0,0,0,0,0,106,0,100,138.81132075471697,8,914,1712.0
1637175121,1,POST,/auth/modify-friend/,0.600000,0.000000,410,410,420,420,760,760,760,760,760,760,760,439,0,220,267.9612756264237,73,1132,1713.0
1637175121,1,GET,/public/,0.500000,0.000000,260,280,280,650,650,650,650,650,650,650,650,439,0,260,335.250569476082,108,1483,10200.26423690205
1637175121,1,,Aggregated,3.300000,0.000000,280,330,410,420,610,650,760,760,760,760,760,2744,0,230,313.0317055393586,8,2227,5907.507288629738
1637175122,1,GET,/,0.900000,0.000000,250,250,400,400,400,400,400,400,400,400,400,673,0,280,351.2630014858841,111,1677,10281.791976225855
1637175122,1,POST,/,0.100000,0.000000,610,610,610,610,610,610,610,610,610,610,610,101,0,720,807.3663366336634,285,2227,10198.049504950495
1637175122,1,GET,/auth/find-friends/,1.100000,0.000000,240,260,380,380,470,550,550,550,550,550,550,880,0,180,235.0090909090909,54,1382,1974.0
1637175122,1,GET,/auth/login/,0.000000,0.000000,0,0,0,0,0,0,0,0,0,0,0,1,0,597,597.0,597,597,2961.0
1637175122,1,POST,/auth/login/,0.000000,0.000000,0,0,0,0,0,0,0,0,0,0,0,107,0,300,511.30841121495325,143,2104,10402.084112149532
1637175122,1,GET,/auth/logout/,0.000000,0.000000,0,0,0,0,0,0,0,0,0,0,0,106,0,100,138.81132075471697,8,914,1712.0
1637175122,1,POST,/auth/modify-friend/,0.500000,0.000000,410,420,420,760,760,760,760,760,760,760,760,439,0,220,267.9612756264237,73,1132,1713.0
1637175122,1,GET,/public/,0.600000,0.000000,280,280,420,420,650,650,650,650,650,650,650,440,0,260,335.45454545454544,108,1483,10199.575
1637175122,1,,Aggregated,3.200000,0.000000,280,380,420,420,610,650,760,760,760,760,760,2747,0,230,313.071714597743,8,2227,5906.095740808154
1637175123,1,GET,/,0.600000,0.000000,250,250,400,400,400,400,400,400,400,400,400,673,0,280,351.2630014858841,111,1677,10281.791976225855
1637175123,1,POST,/,0.100000,0.000000,610,610,610,610,610,610,610,610,610,610,610,101,0,720,807.3663366336634,285,2227,10198.049504950495
1637175123,1,GET,/auth/find-friends/,1.200000,0.000000,260,280,380,470,550,550,550,550,550,550,550,880,0,180,235.0090909090909,54,1382,1974.0
1637175123,1,GET,/auth/login/,0.000000,0.000000,0,0,0,0,0,0,0,0,0,0,0,1,0,597,597.0,597,597,2961.0
1637175123,1,POST,/auth/login/,0.000000,0.000000,0,0,0,0,0,0,0,0,0,0,0,107,0,300,511.30841121495325,143,2104,10402.084112149532
1637175123,1,GET,/auth/logout/,0.000000,0.000000,0,0,0,0,0,0,0,0,0,0,0,106,0,100,138.81132075471697,8,914,1712.0
1637175123,1,POST,/auth/modify-friend/,0.600000,0.000000,420,420,500,500,760,760,760,760,760,760,760,440,0,220,268.5,73,1132,1713.0
1637175123,1,GET,/public/,0.600000,0.000000,420,420,460,460,650,650,650,650,650,650,650,441,0,260,335.73696145124717,108,1483,10199.047619047618
1637175123,1,,Aggregated,3.100000,0.000000,280,410,460,500,610,650,760,760,760,760,760,2749,0,230,313.19497999272465,8,2227,5906.0476536922515
1637175124,1,GET,/,0.600000,0.000000,250,250,400,400,400,400,400,400,400,400,400,673,0,280,351.2630014858841,111,1677,10281.791976225855
1637175124,1,POST,/,0.100000,0.000000,610,610,610,610,610,610,610,610,610,610,610,101,0,720,807.3663366336634,285,2227,10198.049504950495
1637175124,1,GET,/auth/find-friends/,1.100000,0.000000,280,330,380,470,550,550,550,550,550,550,550,882,0,180,235.1689342403628,54,1382,1974.0
1637175124,1,GET,/auth/login/,0.000000,0.000000,0,0,0,0,0,0,0,0,0,0,0,1,0,597,597.0,597,597,2961.0
1637175124,1,POST,/auth/login/,0.000000,0.000000,0,0,0,0,0,0,0,0,0,0,0,107,0,300,511.30841121495325,143,2104,10402.084112149532
1637175124,1,GET,/auth/logout/,0.000000,0.000000,0,0,0,0,0,0,0,0,0,0,0,106,0,100,138.81132075471697,8,914,1712.0
1637175124,1,POST,/auth/modify-friend/,0.500000,0.000000,450,450,500,500,760,760,760,760,760,760,760,441,0,220,268.9092970521542,73,1132,1713.0
1637175124,1,GET,/public/,0.600000,0.000000,420,460,460,650,650,650,650,650,650,650,650,441,0,260,335.73696145124717,108,1483,10199.047619047618
1637175124,1,,Aggregated,2.900000,0.000000,380,420,470,500,610,650,760,760,760,760,760,2752,0,230,313.2387354651163,8,2227,5901.666424418605
1637175125,1,GET,/,0.600000,0.000000,400,400,400,400,400,400,400,400,400,400,400,673,0,280,351.2630014858841,111,1677,10281.791976225855
1637175125,1,POST,/,0.100000,0.000000,610,610,610,610,610,610,610,610,610,610,610,101,0,720,807.3663366336634,285,2227,10198.049504950495
1637175125,1,GET,/auth/find-friends/,1.100000,0.000000,280,360,380,380,470,550,550,550,550,550,550,883,0,180,235.31257078142696,54,1382,1974.0
1637175125,1,GET,/auth/login/,0.000000,0.000000,0,0,0,0,0,0,0,0,0,0,0,1,0,597,597.0,597,597,2961.0
1637175125,1,POST,/auth/login/,0.000000,0.000000,0,0,0,0,0,0,0,0,0,0,0,107,0,300,511.30841121495325,143,2104,10402.084112149532
1637175125,1,GET,/auth/logout/,0.000000,0.000000,0,0,0,0,0,0,0,0,0,0,0,106,0,100,138.81132075471697,8,914,1712.0
1637175125,1,POST,/auth/modify-friend/,0.500000,0.000000,450,500,500,760,760,760,760,760,760,760,760,441,0,220,268.9092970521542,73,1132,1713.0
1637175125,1,GET,/public/,0.600000,0.000000,420,420,460,460,650,650,650,650,650,650,650,442,0,260,335.71493212669685,108,1483,10198.549773755656
1637175125,1,,Aggregated,2.900000,0.000000,400,450,470,500,610,650,760,760,760,760,760,2754,0,230,313.2610748002905,8,2227,5901.720769789397
1637175126,1,GET,/,0.300000,0.000000,400,400,620,620,620,620,620,620,620,620,620,674,0,280,351.6632047477745,111,1677,10282.001483679525
1637175126,1,POST,/,0.100000,0.000000,610,610,610,610,610,610,610,610,610,610,610,101,0,720,807.3663366336634,285,2227,10198.049504950495
1637175126,1,GET,/auth/find-friends/,1.200000,0.000000,360,380,460,470,550,550,550,550,550,550,550,884,0,180,235.56447963800906,54,1382,1974.0
1637175126,1,GET,/auth/login/,0.000000,0.000000,0,0,0,0,0,0,0,0,0,0,0,1,0,597,597.0,597,597,2961.0
1637175126,1,POST,/auth/login/,0.000000,0.000000,0,0,0,0,0,0,0,0,0,0,0,107,0,300,511.30841121495325,143,2104,10402.084112149532
1637175126,1,GET,/auth/logout/,0.000000,0.000000,0,0,0,0,0,0,0,0,0,0,0,106,0,100,138.81132075471697,8,914,1712.0
1637175126,1,POST,/auth/modify-friend/,0.500000,0.000000,450,450,500,500,760,760,760,760,760,760,760,442,0,220,269.1425339366516,73,1132,1713.0
1637175126,1,GET,/public/,0.600000,0.000000,420,460,460,650,650,650,650,650,650,650,650,442,0,260,335.71493212669685,108,1483,10198.549773755656
1637175126,1,,Aggregated,2.700000,0.000000,410,460,500,550,620,650,760,760,760,760,760,2757,0,240,313.4464998186435,8,2227,5900.41675734494
1637175127,1,GET,/,0.200000,0.000000,400,400,620,620,620,620,620,620,620,620,620,674,0,280,351.6632047477745,111,1677,10282.001483679525
1637175127,1,POST,/,0.100000,0.000000,610,610,610,610,610,610,610,610,610,610,610,101,0,720,807.3663366336634,285,2227,10198.049504950495
1637175127,1,GET,/auth/find-friends/,1.100000,0.000000,360,380,460,460,550,550,550,550,550,550,550,885,0,180,235.8180790960452,54,1382,1974.0
1637175127,1,GET,/auth/login/,0.000000,0.000000,0,0,0,0,0,0,0,0,0,0,0,1,0,597,597.0,597,597,2961.0
1637175127,1,POST,/auth/login/,0.000000,0.000000,0,0,0,0,0,0,0,0,0,0,0,107,0,300,511.30841121495325,143,2104,10402.084112149532
1637175127,1,GET,/auth/logout/,0.000000,0.000000,0,0,0,0,0,0,0,0,0,0,0,106,0,100,138.81132075471697,8,914,1712.0
1637175127,1,POST,/auth/modify-friend/,0.600000,0.000000,450,500,500,760,760,760,760,760,760,760,760,442,0,220,269.1425339366516,73,1132,1713.0
1637175127,1,GET,/public/,0.600000,0.000000,420,420,460,460,650,650,650,650,650,650,650,443,0,260,335.82844243792323,108,1483,10198.302483069978
1637175127,1,,Aggregated,2.600000,0.000000,410,460,460,500,620,650,760,760,760,760,760,2759,0,240,313.52591518666185,8,2227,5900.511779630301
1637175128,1,GET,/,0.200000,0.000000,620,620,620,620,620,620,620,620,620,620,620,674,0,280,351.6632047477745,111,1677,10282.001483679525
1637175128,1,POST,/,0.100000,0.000000,610,610,610,610,610,610,610,610,610,610,610,101,0,720,807.3663366336634,285,2227,10198.049504950495
1637175128,1,GET,/auth/find-friends/,1.100000,0.000000,380,390,460,460,550,550,550,550,550,550,550,886,0,180,235.9943566591422,54,1382,1974.0
1637175128,1,GET,/auth/login/,0.000000,0.000000,0,0,0,0,0,0,0,0,0,0,0,1,0,597,597.0,597,597,2961.0
1637175128,1,POST,/auth/login/,0.000000,0.000000,0,0,0,0,0,0,0,0,0,0,0,107,0,300,511.30841121495325,143,2104,10402.084112149532
1637175128,1,GET,/auth/logout/,0.000000,0.000000,0,0,0,0,0,0,0,0,0,0,0,106,0,100,138.81132075471697,8,914,1712.0
1637175128,1,POST,/auth/modify-friend/,0.600000,0.000000,450,450,500,500,760,760,760,760,760,760,760,443,0,220,269.37697516930024,73,1132,1713.0
1637175128,1,GET,/public/,0.600000,0.000000,420,460,460,650,650,650,650,650,650,650,650,443,0,260,335.82844243792323,108,1483,10198.302483069978
1637175128,1,,Aggregated,2.600000,0.000000,400,450,460,460,550,620,650,650,650,650,650,2761,0,240,313.575878304962,8,2227,5897.572980804057
1637175129,1,GET,/,0.200000,0.000000,620,620,620,620,620,620,620,620,620,620,620,674,0,280,351.6632047477745,111,1677,10282.001483679525
1637175129,1,POST,/,0.100000,0.000000,610,610,610,610,610,610,610,610,610,610,610,101,0,720,807.3663366336634,285,2227,10198.049504950495
1637175129,1,GET,/auth/find-friends/,1.000000,0.000000,330,380,390,390,460,460,460,460,460,460,460,888,0,180,235.9966216216216,54,1382,1974.0
1637175129,1,GET,/auth/login/,0.000000,0.000000,0,0,0,0,0,0,0,0,0,0,0,1,0,597,597.0,597,597,2961.0
1637175129,1,POST,/auth/login/,0.000000,0.000000,0,0,0,0,0,0,0,0,0,0,0,107,0,300,511.30841121495325,143,2104,10402.084112149532
1637175129,1,GET,/auth/logout/,0.000000,0.000000,0,0,0,0,0,0,0,0,0,0,0,106,0,100,138.81132075471697,8,914,1712.0
1637175129,1,POST,/auth/modify-friend/,0.600000,0.000000,410,450,450,500,500,500,500,500,500,500,500,443,0,220,269.37697516930024,73,1132,1713.0
1637175129,1,GET,/public/,0.500000,0.000000,460,460,540,540,650,650,650,650,650,650,650,444,0,260,336.2972972972973,108,1483,10197.725225225226
1637175129,1,,Aggregated,2.400000,0.000000,390,420,460,460,500,540,620,620,620,620,620,2764,0,240,313.60383502170765,8,2227,5896.197178002894
1637175130,1,GET,/,0.200000,0.000000,400,400,620,620,620,620,620,620,620,620,620,675,0,280,351.43703703703704,111,1677,10282.194074074074
1637175130,1,POST,/,0.000000,0.000000,610,610,610,610,610,610,610,610,610,610,610,101,0,720,807.3663366336634,285,2227,10198.049504950495
1637175130,1,GET,/auth/find-friends/,1.100000,0.000000,330,360,390,390,460,460,460,460,460,460,460,890,0,180,235.89775280898877,54,1382,1974.0
1637175130,1,GET,/auth/login/,0.000000,0.000000,0,0,0,0,0,0,0,0,0,0,0,1,0,597,597.0,597,597,2961.0
1637175130,1,POST,/auth/login/,0.000000,0.000000,0,0,0,0,0,0,0,0,0,0,0,107,0,300,511.30841121495325,143,2104,10402.084112149532
1637175130,1,GET,/auth/logout/,0.000000,0.000000,0,0,0,0,0,0,0,0,0,0,0,106,0,100,138.81132075471697,8,914,1712.0
1637175130,1,POST,/auth/modify-friend/,0.600000,0.000000,410,410,450,450,500,500,500,500,500,500,500,444,0,220,269.59234234234236,73,1132,1713.0
1637175130,1,GET,/public/,0.500000,0.000000,420,420,460,460,540,540,540,540,540,540,540,445,0,260,336.02247191011236,108,1483,10197.438202247191
1637175130,1,,Aggregated,2.400000,0.000000,370,400,450,460,500,540,620,620,620,620,620,2769,0,240,313.4572047670639,8,2227,5894.991693752258
1637175131,1,GET,/,0.200000,0.000000,400,400,620,620,620,620,620,620,620,620,620,675,0,280,351.43703703703704,111,1677,10282.194074074074
1637175131,1,POST,/,0.000000,0.000000,610,610,610,610,610,610,610,610,610,610,610,101,0,720,807.3663366336634,285,2227,10198.049504950495
1637175131,1,GET,/auth/find-friends/,1.200000,0.000000,330,380,390,390,460,460,460,460,460,460,460,890,0,180,235.89775280898877,54,1382,1974.0
1637175131,1,GET,/auth/login/,0.000000,0.000000,0,0,0,0,0,0,0,0,0,0,0,1,0,597,597.0,597,597,2961.0
1637175131,1,POST,/auth/login/,0.000000,0.000000,0,0,0,0,0,0,0,0,0,0,0,107,0,300,511.30841121495325,143,2104,10402.084112149532
1637175131,1,GET,/auth/logout/,0.000000,0.000000,0,0,0,0,0,0,0,0,0,0,0,106,0,100,138.81132075471697,8,914,1712.0
1637175131,1,POST,/auth/modify-friend/,0.500000,0.000000,440,440,450,450,500,500,500,500,500,500,500,445,0,220,269.9685393258427,73,1132,1713.0
1637175131,1,GET,/public/,0.600000,0.000000,420,460,520,520,540,540,540,540,540,540,540,446,0,260,336.42825112107624,108,1483,10197.69730941704
1637175131,1,,Aggregated,2.500000,0.000000,370,440,460,460,520,540,620,620,620,620,620,2771,0,240,313.57524359437025,8,2227,5895.076867556839
1637175132,1,GET,/,0.300000,0.000000,400,400,620,620,620,620,620,620,620,620,620,675,0,280,351.43703703703704,111,1677,10282.194074074074
1637175132,1,POST,/,0.000000,0.000000,610,610,610,610,610,610,610,610,610,610,610,101,0,720,807.3663366336634,285,2227,10198.049504950495
1637175132,1,GET,/auth/find-friends/,1.200000,0.000000,330,360,440,440,460,460,460,460,460,460,460,892,0,180,236.16816143497758,54,1382,1974.0
1637175132,1,GET,/auth/login/,0.000000,0.000000,0,0,0,0,0,0,0,0,0,0,0,1,0,597,597.0,597,597,2961.0
1637175132,1,POST,/auth/login/,0.000000,0.000000,0,0,0,0,0,0,0,0,0,0,0,107,0,300,511.30841121495325,143,2104,10402.084112149532
1637175132,1,GET,/auth/logout/,0.000000,0.000000,0,0,0,0,0,0,0,0,0,0,0,106,0,100,138.81132075471697,8,914,1712.0
1637175132,1,POST,/auth/modify-friend/,0.600000,0.000000,370,440,450,450,500,500,500,500,500,500,500,446,0,220,270.00896860986546,73,1132,1713.0
1637175132,1,GET,/public/,0.600000,0.000000,460,460,520,520,540,540,540,540,540,540,540,446,0,260,336.42825112107624,108,1483,10197.69730941704
1637175132,1,,Aggregated,2.700000,0.000000,370,440,450,460,520,540,620,620,620,620,620,2774,0,240,313.5969718817592,8,2227,5890.742249459265
1637175133,1,GET,/,0.300000,0.000000,430,430,620,620,620,620,620,620,620,620,620,676,0,280,351.5576923076923,111,1677,10282.208579881657
1637175133,1,POST,/,0.000000,0.000000,610,610,610,610,610,610,610,610,610,610,610,101,0,720,807.3663366336634,285,2227,10198.049504950495
1637175133,1,GET,/auth/find-friends/,1.200000,0.000000,360,390,440,460,460,460,460,460,460,460,460,892,0,180,236.16816143497758,54,1382,1974.0
1637175133,1,GET,/auth/login/,0.000000,0.000000,0,0,0,0,0,0,0,0,0,0,0,1,0,597,597.0,597,597,2961.0
1637175133,1,POST,/auth/login/,0.000000,0.000000,0,0,0,0,0,0,0,0,0,0,0,107,0,300,511.30841121495325,143,2104,10402.084112149532
1637175133,1,GET,/auth/logout/,0.000000,0.000000,0,0,0,0,0,0,0,0,0,0,0,106,0,100,138.81132075471697,8,914,1712.0
1637175133,1,POST,/auth/modify-friend/,0.600000,0.000000,370,370,440,440,450,450,450,450,450,450,450,446,0,220,270.00896860986546,73,1132,1713.0
1637175133,1,GET,/public/,0.600000,0.000000,520,520,520,520,540,540,540,540,540,540,540,447,0,260,336.82774049217,108,1483,10197.44966442953
1637175133,1,,Aggregated,2.700000,0.000000,370,440,450,460,520,540,620,620,620,620,620,2776,0,240,313.7125360230548,8,2227,5893.839337175793
1637175134,1,GET,/,0.200000,0.000000,430,430,620,620,620,620,620,620,620,620,620,676,0,280,351.5576923076923,111,1677,10282.208579881657
1637175134,1,POST,/,0.000000,0.000000,610,610,610,610,610,610,610,610,610,610,610,101,0,720,807.3663366336634,285,2227,10198.049504950495
1637175134,1,GET,/auth/find-friends/,1.300000,0.000000,320,440,460,460,460,540,540,540,540,540,540,894,0,180,236.5682326621924,54,1382,1974.0
1637175134,1,GET,/auth/login/,0.000000,0.000000,0,0,0,0,0,0,0,0,0,0,0,1,0,597,597.0,597,597,2961.0
1637175134,1,POST,/auth/login/,0.000000,0.000000,0,0,0,0,0,0,0,0,0,0,0,107,0,300,511.30841121495325,143,2104,10402.084112149532
1637175134,1,GET,/auth/logout/,0.000000,0.000000,0,0,0,0,0,0,0,0,0,0,0,106,0,100,138.81132075471697,8,914,1712.0
1637175134,1,POST,/auth/modify-friend/,0.600000,0.000000,370,370,440,440,440,440,440,440,440,440,440,447,0,220,270.38926174496646,73,1132,1713.0
1637175134,1,GET,/public/,0.600000,0.000000,520,520,520,520,540,540,540,540,540,540,540,447,0,260,336.82774049217,108,1483,10197.44966442953
1637175134,1,,Aggregated,2.700000,0.000000,390,440,460,520,540,540,620,620,620,620,620,2779,0,240,313.8308744152573,8,2227,5889.513853904282
1637175135,1,GET,/,0.200000,0.000000,430,430,620,620,620,620,620,620,620,620,620,676,0,280,351.5576923076923,111,1677,10282.208579881657
1637175135,1,POST,/,0.000000,0.000000,0,0,0,0,0,0,0,0,0,0,0,101,0,720,807.3663366336634,285,2227,10198.049504950495
1637175135,1,GET,/auth/find-friends/,1.300000,0.000000,320,440,460,460,460,540,540,540,540,540,540,894,0,180,236.5682326621924,54,1382,1974.0
1637175135,1,GET,/auth/login/,0.000000,0.000000,0,0,0,0,0,0,0,0,0,0,0,1,0,597,597.0,597,597,2961.0
1637175135,1,POST,/auth/login/,0.000000,0.000000,0,0,0,0,0,0,0,0,0,0,0,107,0,300,511.30841121495325,143,2104,10402.084112149532
1637175135,1,GET,/auth/logout/,0.000000,0.000000,300,300,300,300,300,300,300,300,300,300,300,107,0,110,140.2803738317757,8,914,1712.0
1637175135,1,POST,/auth/modify-friend/,0.600000,0.000000,370,370,440,440,440,440,440,440,440,440,440,447,0,220,270.38926174496646,73,1132,1713.0
1637175135,1,GET,/public/,0.600000,0.000000,520,520,520,540,540,540,540,540,540,540,540,447,0,260,336.82774049217,108,1483,10197.44966442953
1637175135,1,,Aggregated,2.700000,0.000000,390,440,460,520,540,540,620,620,620,620,620,2780,0,240,313.8244604316547,8,2227,5888.011151079137
1637175136,1,GET,/,0.300000,0.000000,430,430,620,620,620,620,620,620,620,620,620,676,0,280,351.5576923076923,111,1677,10282.208579881657
1637175136,1,POST,/,0.000000,0.000000,0,0,0,0,0,0,0,0,0,0,0,101,0,720,807.3663366336634,285,2227,10198.049504950495
1637175136,1,GET,/auth/find-friends/,1.200000,0.000000,320,390,440,460,540,540,540,540,540,540,540,894,0,180,236.5682326621924,54,1382,1974.0
1637175136,1,GET,/auth/login/,0.000000,0.000000,0,0,0,0,0,0,0,0,0,0,0,1,0,597,597.0,597,597,2961.0
1637175136,1,POST,/auth/login/,0.000000,0.000000,0,0,0,0,0,0,0,0,0,0,0,108,0,300,512.0,143,2104,10405.888888888889
1637175136,1,GET,/auth/logout/,0.000000,0.000000,300,300,300,300,300,300,300,300,300,300,300,107,0,110,140.2803738317757,8,914,1712.0
1637175136,1,POST,/auth/modify-friend/,0.600000,0.000000,370,440,440,440,440,440,440,440,440,440,440,447,0,220,270.38926174496646,73,1132,1713.0
1637175136,1,GET,/public/,0.600000,0.000000,520,520,520,540,540,540,540,540,540,540,540,447,0,260,336.82774049217,108,1483,10197.44966442953
1637175136,1,,Aggregated,2.700000,0.000000,370,440,460,520,540,540,590,590,590,590,590,2781,0,240,313.92233009708735,8,2227,5889.782092772384
1637175137,1,GET,/,0.300000,0.000000,290,290,360,360,430,430,430,430,430,430,430,680,0,280,351.0470588235294,111,1677,10284.670588235294
1637175137,1,POST,/,0.000000,0.000000,0,0,0,0,0,0,0,0,0,0,0,101,0,720,807.3663366336634,285,2227,10198.049504950495
1637175137,1,GET,/auth/find-friends/,1.100000,0.000000,290,320,440,440,540,540,540,540,540,540,540,894,0,180,236.5682326621924,54,1382,1974.0
1637175137,1,GET,/auth/login/,0.000000,0.000000,0,0,0,0,0,0,0,0,0,0,0,1,0,597,597.0,597,597,2961.0
1637175137,1,POST,/auth/login/,0.000000,0.000000,590,590,590,590,590,590,590,590,590,590,590,108,0,300,512.0,143,2104,10405.888888888889
1637175137,1,GET,/auth/logout/,0.100000,0.000000,300,300,300,300,300,300,300,300,300,300,300,107,0,110,140.2803738317757,8,914,1712.0
1637175137,1,POST,/auth/modify-friend/,0.600000,0.000000,370,440,440,440,440,440,440,440,440,440,440,447,0,220,270.38926174496646,73,1132,1713.0
1637175137,1,GET,/public/,0.500000,0.000000,520,520,540,540,540,540,540,540,540,540,540,447,0,260,336.82774049217,108,1483,10197.44966442953
1637175137,1,,Aggregated,2.600000,0.000000,320,430,440,520,540,540,590,590,590,590,590,2785,0,240,313.85170556552964,8,2227,5896.691921005386
1637175138,1,GET,/,0.300000,0.000000,280,290,360,360,430,430,430,430,430,430,430,681,0,280,350.9324522760646,111,1677,10284.910425844346
1637175138,1,POST,/,0.000000,0.000000,0,0,0,0,0,0,0,0,0,0,0,101,0,720,807.3663366336634,285,2227,10198.049504950495
1637175138,1,GET,/auth/find-friends/,1.000000,0.000000,270,290,440,440,540,540,540,540,540,540,540,896,0,180,236.43080357142858,54,1382,1974.0
1637175138,1,GET,/auth/login/,0.000000,0.000000,0,0,0,0,0,0,0,0,0,0,0,1,0,597,597.0,597,597,2961.0
1637175138,1,POST,/auth/login/,0.000000,0.000000,590,590,590,590,590,590,590,590,590,590,590,108,0,300,512.0,143,2104,10405.888888888889
1637175138,1,GET,/auth/logout/,0.100000,0.000000,300,300,300,300,300,300,300,300,300,300,300,107,0,110,140.2803738317757,8,914,1712.0
1637175138,1,POST,/auth/modify-friend/,0.500000,0.000000,360,440,440,440,440,440,440,440,440,440,440,448,0,220,270.28125,73,1132,1713.0
1637175138,1,GET,/public/,0.500000,0.000000,520,520,520,520,520,520,520,520,520,520,520,448,0,260,336.4888392857143,108,1483,10197.502232142857
1637175138,1,,Aggregated,2.400000,0.000000,290,360,440,440,520,540,590,590,590,590,590,2790,0,240,313.6584229390681,8,2227,5895.56164874552
1637175139,1,GET,/,0.400000,0.000000,280,290,290,360,430,430,430,430,430,430,430,683,0,280,350.5710102489019,111,1677,10284.988286969254
1637175139,1,POST,/,0.000000,0.000000,0,0,0,0,0,0,0,0,0,0,0,101,0,720,807.3663366336634,285,2227,10198.049504950495
1637175139,1,GET,/auth/find-friends/,1.000000,0.000000,270,290,440,440,540,540,540,540,540,540,540,897,0,180,236.3823857302118,54,1382,1974.0
1637175139,1,GET,/auth/login/,0.000000,0.000000,0,0,0,0,0,0,0,0,0,0,0,1,0,597,597.0,597,597,2961.0
1637175139,1,POST,/auth/login/,0.100000,0.000000,590,590,590,590,590,590,590,590,590,590,590,108,0,300,512.0,143,2104,10405.888888888889
1637175139,1,GET,/auth/logout/,0.100000,0.000000,300,300,300,300,300,300,300,300,300,300,300,107,0,110,140.2803738317757,8,914,1712.0
1637175139,1,POST,/auth/modify-friend/,0.500000,0.000000,440,440,440,440,440,440,440,440,440,440,440,448,0,220,270.28125,73,1132,1713.0
1637175139,1,GET,/public/,0.400000,0.000000,250,520,520,520,520,520,520,520,520,520,520,449,0,260,336.2962138084633,108,1483,10197.195991091314
1637175139,1,,Aggregated,2.500000,0.000000,290,360,440,440,520,540,590,590,590,590,590,2794,0,240,313.5307802433787,8,2227,5898.80959198282
1637175140,1,GET,/,0.600000,0.000000,290,290,360,360,430,430,430,430,430,430,430,683,0,280,350.5710102489019,111,1677,10284.988286969254
1637175140,1,POST,/,0.000000,0.000000,0,0,0,0,0,0,0,0,0,0,0,101,0,720,807.3663366336634,285,2227,10198.049504950495
1637175140,1,GET,/auth/find-friends/,1.000000,0.000000,270,290,370,440,540,540,540,540,540,540,540,899,0,180,236.39043381535038,54,1382,1974.0
1637175140,1,GET,/auth/login/,0.000000,0.000000,0,0,0,0,0,0,0,0,0,0,0,1,0,597,597.0,597,597,2961.0
1637175140,1,POST,/auth/login/,0.100000,0.000000,590,590,590,590,590,590,590,590,590,590,590,108,0,300,512.0,143,2104,10405.888888888889
1637175140,1,GET,/auth/logout/,0.100000,0.000000,300,300,300,300,300,300,300,300,300,300,300,107,0,110,140.2803738317757,8,914,1712.0
1637175140,1,POST,/auth/modify-friend/,0.400000,0.000000,290,440,440,440,440,440,440,440,440,440,440,449,0,220,270.0623608017817,73,1132,1713.0
1637175140,1,GET,/public/,0.500000,0.000000,250,520,520,520,520,520,520,520,520,520,520,450,0,260,336.08222222222224,108,1483,10196.562222222223
1637175140,1,,Aggregated,2.700000,0.000000,290,300,430,440,520,540,590,590,590,590,590,2798,0,240,313.4013581129378,8,2227,5895.942458899213
1637175141,1,GET,/,0.900000,0.000000,280,290,290,360,430,430,430,430,430,430,430,684,0,280,350.4429824561403,111,1677,10285.06725146199
1637175141,1,POST,/,0.000000,0.000000,0,0,0,0,0,0,0,0,0,0,0,101,0,720,807.3663366336634,285,2227,10198.049504950495
1637175141,1,GET,/auth/find-friends/,0.800000,0.000000,270,300,370,370,440,540,540,540,540,540,540,901,0,180,236.39733629300778,54,1382,1974.0
1637175141,1,GET,/auth/login/,0.000000,0.000000,0,0,0,0,0,0,0,0,0,0,0,1,0,597,597.0,597,597,2961.0
1637175141,1,POST,/auth/login/,0.100000,0.000000,590,590,590,590,590,590,590,590,590,590,590,108,0,300,512.0,143,2104,10405.888888888889
1637175141,1,GET,/auth/logout/,0.100000,0.000000,300,300,300,300,300,300,300,300,300,300,300,107,0,110,140.2803738317757,8,914,1712.0
1637175141,1,POST,/auth/modify-friend/,0.500000,0.000000,220,290,290,440,440,440,440,440,440,440,440,450,0,220,269.7266666666667,73,1132,1713.0
1637175141,1,GET,/public/,0.400000,0.000000,260,260,520,520,520,520,520,520,520,520,520,451,0,260,335.91130820399115,108,1483,10196.339246119735
1637175141,1,,Aggregated,2.800000,0.000000,270,290,300,370,520,540,590,590,590,590,590,2803,0,240,313.24188369603996,8,2227,5894.735283624688
1637175142,1,GET,/,0.800000,0.000000,280,290,290,360,430,430,430,430,430,430,430,684,0,280,350.4429824561403,111,1677,10285.06725146199
1637175142,1,POST,/,0.000000,0.000000,0,0,0,0,0,0,0,0,0,0,0,101,0,720,807.3663366336634,285,2227,10198.049504950495
1637175142,1,GET,/auth/find-friends/,0.900000,0.000000,190,290,300,300,370,540,540,540,540,540,540,903,0,180,236.29900332225913,54,1382,1974.0
1637175142,1,GET,/auth/login/,0.000000,0.000000,0,0,0,0,0,0,0,0,0,0,0,1,0,597,597.0,597,597,2961.0
1637175142,1,POST,/auth/login/,0.100000,0.000000,590,590,590,590,590,590,590,590,590,590,590,108,0,300,512.0,143,2104,10405.888888888889
1637175142,1,GET,/auth/logout/,0.100000,0.000000,300,300,300,300,300,300,300,300,300,300,300,107,0,110,140.2803738317757,8,914,1712.0
1637175142,1,POST,/auth/modify-friend/,0.500000,0.000000,230,230,290,290,440,440,440,440,440,440,440,451,0,220,269.63858093126385,73,1132,1713.0
1637175142,1,GET,/public/,0.500000,0.000000,260,260,270,270,520,520,520,520,520,520,520,452,0,260,335.7588495575221,108,1483,10196.190265486726
1637175142,1,,Aggregated,2.900000,0.000000,260,290,300,300,440,540,590,590,590,590,590,2807,0,240,313.109369433559,8,2227,5891.96045600285
1637175143,1,GET,/,0.900000,0.000000,280,290,290,360,430,430,430,430,430,430,430,684,0,280,350.4429824561403,111,1677,10285.06725146199
1637175143,1,POST,/,0.000000,0.000000,0,0,0,0,0,0,0,0,0,0,0,101,0,720,807.3663366336634,285,2227,10198.049504950495
1637175143,1,GET,/auth/find-friends/,1.000000,0.000000,190,210,290,300,370,540,540,540,540,540,540,906,0,180,236.03200883002208,54,1382,1974.0
1637175143,1,GET,/auth/login/,0.000000,0.000000,0,0,0,0,0,0,0,0,0,0,0,1,0,597,597.0,597,597,2961.0
1637175143,1,POST,/auth/login/,0.100000,0.000000,590,590,590,590,590,590,590,590,590,590,590,108,0,300,512.0,143,2104,10405.888888888889
1637175143,1,GET,/auth/logout/,0.100000,0.000000,300,300,300,300,300,300,300,300,300,300,300,107,0,110,140.2803738317757,8,914,1712.0
1637175143,1,POST,/auth/modify-friend/,0.500000,0.000000,180,220,230,230,440,440,440,440,440,440,440,453,0,220,269.1876379690949,73,1132,1713.0
1637175143,1,GET,/public/,0.500000,0.000000,250,260,270,270,520,520,520,520,520,520,520,453,0,260,335.53421633554086,108,1483,10195.995584988963
1637175143,1,,Aggregated,3.100000,0.000000,220,260,280,290,360,440,590,590,590,590,590,2813,0,240,312.8098115890508,8,2227,5886.309633842872
1637175144,1,GET,/,0.900000,0.000000,270,280,290,290,360,360,360,360,360,360,360,686,0,280,350.1399416909621,111,1677,10285.204081632653
1637175144,1,POST,/,0.000000,0.000000,0,0,0,0,0,0,0,0,0,0,0,101,0,720,807.3663366336634,285,2227,10198.049504950495
1637175144,1,GET,/auth/find-friends/,1.000000,0.000000,190,210,290,300,370,540,540,540,540,540,540,906,0,180,236.03200883002208,54,1382,1974.0
1637175144,1,GET,/auth/login/,0.000000,0.000000,0,0,0,0,0,0,0,0,0,0,0,1,0,597,597.0,597,597,2961.0
1637175144,1,POST,/auth/login/,0.100000,0.000000,590,590,590,590,590,590,590,590,590,590,590,108,0,300,512.0,143,2104,10405.888888888889
1637175144,1,GET,/auth/logout/,0.100000,0.000000,300,300,300,300,300,300,300,300,300,300,300,107,0,110,140.2803738317757,8,914,1712.0
1637175144,1,POST,/auth/modify-friend/,0.500000,0.000000,180,220,230,230,440,440,440,440,440,440,440,453,0,220,269.1876379690949,73,1132,1713.0
1637175144,1,GET,/public/,0.500000,0.000000,250,260,270,270,520,520,520,520,520,520,520,453,0,260,335.53421633554086,108,1483,10195.995584988963
1637175144,1,,Aggregated,3.100000,0.000000,230,260,270,290,360,440,590,590,590,590,590,2815,0,240,312.7626998223801,8,2227,5889.468206039076
1637175145,1,GET,/,0.800000,0.000000,270,280,290,290,360,360,360,360,360,360,360,686,0,280,350.1399416909621,111,1677,10285.204081632653
1637175145,1,POST,/,0.000000,0.000000,730,730,730,730,730,730,730,730,730,730,730,102,0,720,806.5784313725491,285,2227,10201.29411764706
1637175145,1,GET,/auth/find-friends/,1.300000,0.000000,190,200,200,210,300,370,370,370,370,370,370,908,0,180,235.90308370044053,54,1382,1974.0
1637175145,1,GET,/auth/login/,0.000000,0.000000,0,0,0,0,0,0,0,0,0,0,0,1,0,597,597.0,597,597,2961.0
1637175145,1,POST,/auth/login/,0.100000,0.000000,590,590,590,590,590,590,590,590,590,590,590,108,0,300,512.0,143,2104,10405.888888888889
1637175145,1,GET,/auth/logout/,0.100000,0.000000,300,300,300,300,300,300,300,300,300,300,300,108,0,100,139.82407407407408,8,914,1712.0
1637175145,1,POST,/auth/modify-friend/,0.600000,0.000000,220,230,230,230,440,440,440,440,440,440,440,454,0,220,269.1079295154185,73,1132,1713.0
1637175145,1,GET,/public/,0.700000,0.000000,240,250,260,260,270,270,270,270,270,270,270,454,0,260,335.26651982378854,108,1483,10196.044052863435
1637175145,1,,Aggregated,3.600000,0.000000,210,250,270,270,300,370,730,730,730,730,730,2821,0,240,312.67174760723145,8,2227,5886.909961006735
1637175146,1,GET,/,0.800000,0.000000,270,270,280,280,290,290,290,290,290,290,290,686,0,280,350.1399416909621,111,1677,10285.204081632653
1637175146,1,POST,/,0.000000,0.000000,730,730,730,730,730,730,730,730,730,730,730,102,0,720,806.5784313725491,285,2227,10201.29411764706
1637175146,1,GET,/auth/find-friends/,1.300000,0.000000,190,200,200,210,300,370,370,370,370,370,370,908,0,180,235.90308370044053,54,1382,1974.0
1637175146,1,GET,/auth/login/,0.000000,0.000000,0,0,0,0,0,0,0,0,0,0,0,1,0,597,597.0,597,597,2961.0
1637175146,1,POST,/auth/login/,0.100000,0.000000,590,590,590,590,590,590,590,590,590,590,590,108,0,300,512.0,143,2104,10405.888888888889
1637175146,1,GET,/auth/logout/,0.100000,0.000000,300,300,300,300,300,300,300,300,300,300,300,108,0,100,139.82407407407408,8,914,1712.0
1637175146,1,POST,/auth/modify-friend/,0.600000,0.000000,180,220,230,230,230,230,230,230,230,230,230,454,0,220,269.1079295154185,73,1132,1713.0
1637175146,1,GET,/public/,0.700000,0.000000,240,250,260,260,270,270,270,270,270,270,270,454,0,260,335.26651982378854,108,1483,10196.044052863435
1637175146,1,,Aggregated,3.600000,0.000000,210,230,260,270,290,370,730,730,730,730,730,2821,0,240,312.67174760723145,8,2227,5886.909961006735
1637175147,1,GET,/,1.000000,0.000000,260,270,270,270,290,290,290,290,290,290,290,687,0,280,349.9141193595342,111,1677,10285.25327510917
1637175147,1,POST,/,0.100000,0.000000,730,730,730,730,730,730,730,730,730,730,730,102,0,720,806.5784313725491,285,2227,10201.29411764706
1637175147,1,GET,/auth/find-friends/,1.300000,0.000000,190,200,200,210,300,370,370,370,370,370,370,908,0,180,235.90308370044053,54,1382,1974.0
1637175147,1,GET,/auth/login/,0.000000,0.000000,0,0,0,0,0,0,0,0,0,0,0,1,0,597,597.0,597,597,2961.0
1637175147,1,POST,/auth/login/,0.100000,0.000000,760,760,760,760,760,760,760,760,760,760,760,109,0,300,514.3211009174312,143,2104,10405.211009174312
1637175147,1,GET,/auth/logout/,0.000000,0.000000,300,300,300,300,300,300,300,300,300,300,300,108,0,100,139.82407407407408,8,914,1712.0
1637175147,1,POST,/auth/modify-friend/,0.600000,0.000000,180,220,230,230,230,230,230,230,230,230,230,454,0,220,269.1079295154185,73,1132,1713.0
1637175147,1,GET,/public/,0.700000,0.000000,240,250,260,260,270,270,270,270,270,270,270,454,0,260,335.26651982378854,108,1483,10196.044052863435
1637175147,1,,Aggregated,3.800000,0.000000,210,240,260,270,300,730,760,760,760,760,760,2823,0,240,312.7902940134609,8,2227,5890.054551895147
1637175148,1,GET,/,1.000000,0.000000,260,270,270,270,290,290,290,290,290,290,290,687,0,280,349.9141193595342,111,1677,10285.25327510917
1637175148,1,POST,/,0.100000,0.000000,730,730,730,730,730,730,730,730,730,730,730,102,0,720,806.5784313725491,285,2227,10201.29411764706
1637175148,1,GET,/auth/find-friends/,1.400000,0.000000,190,200,210,210,300,370,370,370,370,370,370,910,0,180,235.82967032967034,54,1382,1974.0
1637175148,1,GET,/auth/login/,0.000000,0.000000,0,0,0,0,0,0,0,0,0,0,0,1,0,597,597.0,597,597,2961.0
1637175148,1,POST,/auth/login/,0.100000,0.000000,760,760,760,760,760,760,760,760,760,760,760,109,0,300,514.3211009174312,143,2104,10405.211009174312
1637175148,1,GET,/auth/logout/,0.100000,0.000000,91,91,300,300,300,300,300,300,300,300,300,109,0,100,138.8440366972477,8,914,1712.0
1637175148,1,POST,/auth/modify-friend/,0.700000,0.000000,170,180,230,230,230,230,230,230,230,230,230,455,0,220,268.8835164835165,73,1132,1713.0
1637175148,1,GET,/public/,0.700000,0.000000,240,250,260,260,270,270,270,270,270,270,270,455,0,260,335.0197802197802,108,1483,10195.54945054945
1637175148,1,,Aggregated,4.100000,0.000000,210,230,250,260,300,730,760,760,760,760,760,2828,0,230,312.53005657708627,8,2227,5885.77369165488
1637175149,1,GET,/,1.000000,0.000000,260,260,270,270,270,270,270,270,270,270,270,687,0,280,349.9141193595342,111,1677,10285.25327510917
1637175149,1,POST,/,0.100000,0.000000,730,730,730,730,730,730,730,730,730,730,730,102,0,720,806.5784313725491,285,2227,10201.29411764706
1637175149,1,GET,/auth/find-friends/,1.400000,0.000000,200,200,210,210,300,370,370,370,370,370,370,910,0,180,235.82967032967034,54,1382,1974.0
1637175149,1,GET,/auth/login/,0.000000,0.000000,0,0,0,0,0,0,0,0,0,0,0,1,0,597,597.0,597,597,2961.0
1637175149,1,POST,/auth/login/,0.100000,0.000000,760,760,760,760,760,760,760,760,760,760,760,109,0,300,514.3211009174312,143,2104,10405.211009174312
1637175149,1,GET,/auth/logout/,0.100000,0.000000,91,91,91,91,91,91,91,91,91,91,91,109,0,100,138.8440366972477,8,914,1712.0
1637175149,1,POST,/auth/modify-friend/,0.700000,0.000000,180,180,230,230,230,230,230,230,230,230,230,455,0,220,268.8835164835165,73,1132,1713.0
1637175149,1,GET,/public/,0.700000,0.000000,240,250,260,260,270,270,270,270,270,270,270,455,0,260,335.0197802197802,108,1483,10195.54945054945
1637175149,1,,Aggregated,4.100000,0.000000,210,230,260,260,300,730,760,760,760,760,760,2828,0,230,312.53005657708627,8,2227,5885.77369165488
1637175150,1,GET,/,0.700000,0.000000,260,260,270,270,270,270,270,270,270,270,270,687,0,280,349.9141193595342,111,1677,10285.25327510917
1637175150,1,POST,/,0.100000,0.000000,730,730,730,730,730,730,730,730,730,730,730,102,0,720,806.5784313725491,285,2227,10201.29411764706
1637175150,1,GET,/auth/find-friends/,1.300000,0.000000,190,200,200,210,210,210,210,210,210,210,210,910,0,180,235.82967032967034,54,1382,1974.0
1637175150,1,GET,/auth/login/,0.000000,0.000000,0,0,0,0,0,0,0,0,0,0,0,1,0,597,597.0,597,597,2961.0
1637175150,1,POST,/auth/login/,0.100000,0.000000,760,760,990,990,990,990,990,990,990,990,990,110,0,300,518.6636363636363,143,2104,10409.036363636364
1637175150,1,GET,/auth/logout/,0.100000,0.000000,91,91,91,91,91,91,91,91,91,91,91,109,0,100,138.8440366972477,8,914,1712.0
1637175150,1,POST,/auth/modify-friend/,0.700000,0.000000,180,230,230,230,230,230,230,230,230,230,230,455,0,220,268.8835164835165,73,1132,1713.0
1637175150,1,GET,/public/,0.700000,0.000000,230,260,260,270,270,270,270,270,270,270,270,455,0,260,335.0197802197802,108,1483,10195.54945054945
1637175150,1,,Aggregated,3.700000,0.000000,210,230,230,260,730,760,990,990,990,990,990,2829,0,230,312.7702368328031,8,2227,5887.519971721456
1637175151,1,GET,/,0.400000,0.000000,230,230,270,270,270,270,270,270,270,270,270,687,0,280,349.9141193595342,111,1677,10285.25327510917
1637175151,1,POST,/,0.100000,0.000000,730,730,730,730,730,730,730,730,730,730,730,102,0,720,806.5784313725491,285,2227,10201.29411764706
1637175151,1,GET,/auth/find-friends/,1.400000,0.000000,190,200,210,210,230,230,230,230,230,230,230,911,0,180,235.82217343578486,54,1382,1974.0
1637175151,1,GET,/auth/login/,0.000000,0.000000,0,0,0,0,0,0,0,0,0,0,0,1,0,597,597.0,597,597,2961.0
1637175151,1,POST,/auth/login/,0.100000,0.000000,990,990,990,990,990,990,990,990,990,990,990,110,0,300,518.6636363636363,143,2104,10409.036363636364
1637175151,1,GET,/auth/logout/,0.200000,0.000000,91,91,91,91,91,91,91,91,91,91,91,109,0,100,138.8440366972477,8,914,1712.0
1637175151,1,POST,/auth/modify-friend/,0.700000,0.000000,180,180,230,230,230,230,230,230,230,230,230,455,0,220,268.8835164835165,73,1132,1713.0
1637175151,1,GET,/public/,0.700000,0.000000,230,270,270,660,660,660,660,660,660,660,660,456,0,260,335.74122807017545,108,1483,10196.326754385966
1637175151,1,,Aggregated,3.600000,0.000000,210,230,230,270,730,760,990,990,990,990,990,2831,0,230,312.86471211586013,8,2227,5887.7845284351815
1637175152,1,GET,/,0.400000,0.000000,270,270,510,510,510,510,510,510,510,510,510,688,0,280,350.1438953488372,111,1677,10285.231104651162
1637175152,1,POST,/,0.100000,0.000000,730,730,730,730,730,730,730,730,730,730,730,102,0,720,806.5784313725491,285,2227,10201.29411764706
1637175152,1,GET,/auth/find-friends/,1.200000,0.000000,200,210,230,230,380,380,380,380,380,380,380,912,0,180,235.9813596491228,54,1382,1974.0
1637175152,1,GET,/auth/login/,0.000000,0.000000,0,0,0,0,0,0,0,0,0,0,0,1,0,597,597.0,597,597,2961.0
1637175152,1,POST,/auth/login/,0.100000,0.000000,990,990,990,990,990,990,990,990,990,990,990,110,0,300,518.6636363636363,143,2104,10409.036363636364
1637175152,1,GET,/auth/logout/,0.200000,0.000000,91,91,91,91,91,91,91,91,91,91,91,109,0,100,138.8440366972477,8,914,1712.0
1637175152,1,POST,/auth/modify-friend/,0.600000,0.000000,230,230,360,360,360,360,360,360,360,360,360,456,0,220,269.0811403508772,73,1132,1713.0
1637175152,1,GET,/public/,0.500000,0.000000,230,270,270,660,660,660,660,660,660,660,660,456,0,260,335.74122807017545,108,1483,10196.326754385966
1637175152,1,,Aggregated,3.100000,0.000000,220,270,380,510,730,760,990,990,990,990,990,2834,0,240,312.97388849682426,8,2227,5886.476711362033
1637175153,1,GET,/,0.400000,0.000000,270,510,510,590,590,590,590,590,590,590,590,689,0,280,350.49056603773585,111,1677,10285.22641509434
1637175153,1,POST,/,0.100000,0.000000,730,730,730,730,730,730,730,730,730,730,730,102,0,720,806.5784313725491,285,2227,10201.29411764706
1637175153,1,GET,/auth/find-friends/,1.200000,0.000000,210,210,230,230,380,380,380,380,380,380,380,912,0,180,235.9813596491228,54,1382,1974.0
1637175153,1,GET,/auth/login/,0.000000,0.000000,0,0,0,0,0,0,0,0,0,0,0,1,0,597,597.0,597,597,2961.0
1637175153,1,POST,/auth/login/,0.100000,0.000000,990,990,990,990,990,990,990,990,990,990,990,110,0,300,518.6636363636363,143,2104,10409.036363636364
1637175153,1,GET,/auth/logout/,0.200000,0.000000,91,91,91,91,91,91,91,91,91,91,91,109,0,100,138.8440366972477,8,914,1712.0
1637175153,1,POST,/auth/modify-friend/,0.600000,0.000000,230,230,360,360,360,360,360,360,360,360,360,456,0,220,269.0811403508772,73,1132,1713.0
1637175153,1,GET,/public/,0.500000,0.000000,220,220,660,660,660,660,660,660,660,660,660,456,0,260,335.74122807017545,108,1483,10196.326754385966
1637175153,1,,Aggregated,3.100000,0.000000,230,380,590,660,760,990,990,990,990,990,990,2835,0,240,313.07125220458556,8,2227,5888.027160493827
1637175154,1,GET,/,0.300000,0.000000,360,510,590,590,700,700,700,700,700,700,700,692,0,280,350.85838150289015,111,1677,10286.804913294798
1637175154,1,POST,/,0.100000,0.000000,730,730,730,730,730,730,730,730,730,730,730,102,0,720,806.5784313725491,285,2227,10201.29411764706
1637175154,1,GET,/auth/find-friends/,1.000000,0.000000,210,230,230,380,380,380,380,380,380,380,380,912,0,180,235.9813596491228,54,1382,1974.0
1637175154,1,GET,/auth/login/,0.000000,0.000000,0,0,0,0,0,0,0,0,0,0,0,1,0,597,597.0,597,597,2961.0
1637175154,1,POST,/auth/login/,0.200000,0.000000,990,990,990,990,990,990,990,990,990,990,990,110,0,300,518.6636363636363,143,2104,10409.036363636364
1637175154,1,GET,/auth/logout/,0.200000,0.000000,91,91,91,91,91,91,91,91,91,91,91,109,0,100,138.8440366972477,8,914,1712.0
1637175154,1,POST,/auth/modify-friend/,0.500000,0.000000,230,230,360,360,360,360,360,360,360,360,360,456,0,220,269.0811403508772,73,1132,1713.0
1637175154,1,GET,/public/,0.500000,0.000000,220,220,660,660,660,660,660,660,660,660,660,456,0,260,335.74122807017545,108,1483,10196.326754385966
1637175154,1,,Aggregated,2.800000,0.000000,250,380,590,660,760,990,990,990,990,990,990,2838,0,240,313.20049330514445,8,2227,5893.0602536997885
1637175155,1,GET,/,0.500000,0.000000,360,510,590,590,700,700,700,700,700,700,700,693,0,280,350.7330447330447,111,1677,10287.487734487735
1637175155,1,POST,/,0.100000,0.000000,730,730,730,730,730,730,730,730,730,730,730,102,0,720,806.5784313725491,285,2227,10201.29411764706
1637175155,1,GET,/auth/find-friends/,0.700000,0.000000,200,210,230,230,380,380,380,380,380,380,380,914,0,180,235.8457330415755,54,1382,1974.0
1637175155,1,GET,/auth/login/,0.000000,0.000000,0,0,0,0,0,0,0,0,0,0,0,1,0,597,597.0,597,597,2961.0
1637175155,1,POST,/auth/login/,0.200000,0.000000,990,990,990,990,990,990,990,990,990,990,990,110,0,300,518.6636363636363,143,2104,10409.036363636364
1637175155,1,GET,/auth/logout/,0.200000,0.000000,91,91,91,91,91,91,91,91,91,91,91,109,0,100,138.8440366972477,8,914,1712.0
1637175155,1,POST,/auth/modify-friend/,0.400000,0.000000,230,230,360,360,360,360,360,360,360,360,360,457,0,220,268.9715536105033,73,1132,1713.0
1637175155,1,GET,/public/,0.300000,0.000000,340,340,660,660,660,660,660,660,660,660,660,457,0,260,335.7527352297593,108,1483,10196.724288840263
1637175155,1,,Aggregated,2.400000,0.000000,230,360,380,590,700,760,990,990,990,990,990,2843,0,240,313.06190643686244,8,2227,5892.122405909251
1637175156,1,GET,/,0.500000,0.000000,360,510,590,590,700,700,700,700,700,700,700,694,0,280,350.52305475504323,111,1677,10288.177233429395
1637175156,1,POST,/,0.100000,0.000000,730,730,730,730,730,730,730,730,730,730,730,102,0,720,806.5784313725491,285,2227,10201.29411764706
1637175156,1,GET,/auth/find-friends/,0.700000,0.000000,210,210,230,230,380,380,380,380,380,380,380,914,0,180,235.8457330415755,54,1382,1974.0
1637175156,1,GET,/auth/login/,0.000000,0.000000,0,0,0,0,0,0,0,0,0,0,0,1,0,597,597.0,597,597,2961.0
1637175156,1,POST,/auth/login/,0.200000,0.000000,990,990,990,990,990,990,990,990,990,990,990,110,0,300,518.6636363636363,143,2104,10409.036363636364
1637175156,1,GET,/auth/logout/,0.200000,0.000000,33,33,33,33,33,33,33,33,33,33,33,109,0,100,138.8440366972477,8,914,1712.0
1637175156,1,POST,/auth/modify-friend/,0.400000,0.000000,220,220,360,360,360,360,360,360,360,360,360,457,0,220,268.9715536105033,73,1132,1713.0
1637175156,1,GET,/public/,0.300000,0.000000,340,340,660,660,660,660,660,660,660,660,660,457,0,260,335.7527352297593,108,1483,10196.724288840263
1637175156,1,,Aggregated,2.400000,0.000000,250,360,510,590,700,760,990,990,990,990,990,2844,0,240,313.0239099859353,8,2227,5893.836146272855
1637175157,1,GET,/,0.600000,0.000000,360,510,590,610,700,700,700,700,700,700,700,695,0,280,350.8978417266187,111,1677,10288.568345323742
1637175157,1,POST,/,0.000000,0.000000,1100,1100,1100,1100,1100,1100,1100,1100,1100,1100,1100,103,0,720,808.9611650485436,285,2227,10205.233009708738
1637175157,1,GET,/auth/find-friends/,0.600000,0.000000,210,230,230,380,380,380,380,380,380,380,380,914,0,180,235.8457330415755,54,1382,1974.0
1637175157,1,GET,/auth/login/,0.000000,0.000000,0,0,0,0,0,0,0,0,0,0,0,1,0,597,597.0,597,597,2961.0
1637175157,1,POST,/auth/login/,0.200000,0.000000,990,990,990,990,990,990,990,990,990,990,990,110,0,300,518.6636363636363,143,2104,10409.036363636364
1637175157,1,GET,/auth/logout/,0.200000,0.000000,33,33,33,33,33,33,33,33,33,33,33,109,0,100,138.8440366972477,8,914,1712.0
1637175157,1,POST,/auth/modify-friend/,0.300000,0.000000,220,220,360,360,360,360,360,360,360,360,360,457,0,220,268.9715536105033,73,1132,1713.0
1637175157,1,GET,/public/,0.300000,0.000000,340,340,660,660,660,660,660,660,660,660,660,457,0,260,335.7527352297593,108,1483,10196.724288840263
1637175157,1,,Aggregated,2.200000,0.000000,340,380,590,610,700,990,1100,1100,1100,1100,1100,2846,0,240,313.3882642304989,8,2227,5897.131763879129
1637175158,1,GET,/,0.800000,0.000000,360,510,590,610,700,700,700,700,700,700,700,695,0,280,350.8978417266187,111,1677,10288.568345323742
1637175158,1,POST,/,0.000000,0.000000,1100,1100,1100,1100,1100,1100,1100,1100,1100,1100,1100,103,0,720,808.9611650485436,285,2227,10205.233009708738
1637175158,1,GET,/auth/find-friends/,0.600000,0.000000,230,230,300,300,380,380,380,380,380,380,380,915,0,180,235.92131147540982,54,1382,1974.0
1637175158,1,GET,/auth/login/,0.000000,0.000000,0,0,0,0,0,0,0,0,0,0,0,1,0,597,597.0,597,597,2961.0
1637175158,1,POST,/auth/login/,0.200000,0.000000,990,990,990,990,990,990,990,990,990,990,990,110,0,300,518.6636363636363,143,2104,10409.036363636364
1637175158,1,GET,/auth/logout/,0.100000,0.000000,33,33,33,33,33,33,33,33,33,33,33,109,0,100,138.8440366972477,8,914,1712.0
1637175158,1,POST,/auth/modify-friend/,0.300000,0.000000,220,220,360,360,360,360,360,360,360,360,360,457,0,220,268.9715536105033,73,1132,1713.0
1637175158,1,GET,/public/,0.300000,0.000000,520,520,660,660,660,660,660,660,660,660,660,458,0,260,336.15502183406113,108,1483,10196.941048034934
1637175158,1,,Aggregated,2.300000,0.000000,340,510,590,610,700,990,1100,1100,1100,1100,1100,2848,0,240,313.45786516853934,8,2227,5897.298806179775
1637175159,1,GET,/,0.800000,0.000000,510,590,610,610,700,700,700,700,700,700,700,695,0,280,350.8978417266187,111,1677,10288.568345323742
1637175159,1,POST,/,0.000000,0.000000,1100,1100,1100,1100,1100,1100,1100,1100,1100,1100,1100,103,0,720,808.9611650485436,285,2227,10205.233009708738
1637175159,1,GET,/auth/find-friends/,0.600000,0.000000,300,300,380,380,750,750,750,750,750,750,750,916,0,180,236.47816593886463,54,1382,1974.0
1637175159,1,GET,/auth/login/,0.000000,0.000000,0,0,0,0,0,0,0,0,0,0,0,1,0,597,597.0,597,597,2961.0
1637175159,1,POST,/auth/login/,0.200000,0.000000,990,990,990,990,990,990,990,990,990,990,990,110,0,300,518.6636363636363,143,2104,10409.036363636364
1637175159,1,GET,/auth/logout/,0.100000,0.000000,33,33,33,33,33,33,33,33,33,33,33,109,0,100,138.8440366972477,8,914,1712.0
1637175159,1,POST,/auth/modify-friend/,0.300000,0.000000,360,360,360,360,360,360,360,360,360,360,360,457,0,220,268.9715536105033,73,1132,1713.0
1637175159,1,GET,/public/,0.300000,0.000000,520,520,660,660,660,660,660,660,660,660,660,458,0,260,336.15502183406113,108,1483,10196.941048034934
1637175159,1,,Aggregated,2.300000,0.000000,360,520,610,660,750,990,1100,1100,1100,1100,1100,2849,0,240,313.6096876096876,8,2227,5895.921726921727
1637175160,1,GET,/,0.800000,0.000000,510,590,610,610,700,700,700,700,700,700,700,695,0,280,350.8978417266187,111,1677,10288.568345323742
1637175160,1,POST,/,0.100000,0.000000,1100,1100,1100,1100,1100,1100,1100,1100,1100,1100,1100,103,0,720,808.9611650485436,285,2227,10205.233009708738
1637175160,1,GET,/auth/find-friends/,0.500000,0.000000,230,300,380,380,750,750,750,750,750,750,750,918,0,180,236.30936819172112,54,1382,1974.0
1637175160,1,GET,/auth/login/,0.000000,0.000000,0,0,0,0,0,0,0,0,0,0,0,1,0,597,597.0,597,597,2961.0
1637175160,1,POST,/auth/login/,0.100000,0.000000,990,990,990,990,990,990,990,990,990,990,990,110,0,300,518.6636363636363,143,2104,10409.036363636364
1637175160,1,GET,/auth/logout/,0.100000,0.000000,33,33,33,33,33,33,33,33,33,33,33,109,0,100,138.8440366972477,8,914,1712.0
1637175160,1,POST,/auth/modify-friend/,0.300000,0.000000,360,360,600,600,600,600,600,600,600,600,600,459,0,220,269.6296296296296,73,1132,1713.0
1637175160,1,GET,/public/,0.300000,0.000000,520,520,660,660,660,660,660,660,660,660,660,459,0,260,336.1764705882353,108,1483,10196.90413943355
1637175160,1,,Aggregated,2.200000,0.000000,350,380,590,600,700,750,1100,1100,1100,1100,1100,2854,0,240,313.5872459705676,8,2227,5891.743167484233
1637175161,1,GET,/,0.800000,0.000000,510,590,610,610,700,700,700,700,700,700,700,695,0,280,350.8978417266187,111,1677,10288.568345323742
1637175161,1,POST,/,0.100000,0.000000,1100,1100,1100,1100,1100,1100,1100,1100,1100,1100,1100,103,0,720,808.9611650485436,285,2227,10205.233009708738
1637175161,1,GET,/auth/find-friends/,0.500000,0.000000,230,300,380,380,750,750,750,750,750,750,750,918,0,180,236.30936819172112,54,1382,1974.0
1637175161,1,GET,/auth/login/,0.000000,0.000000,0,0,0,0,0,0,0,0,0,0,0,1,0,597,597.0,597,597,2961.0
1637175161,1,POST,/auth/login/,0.100000,0.000000,990,990,990,990,990,990,990,990,990,990,990,110,0,300,518.6636363636363,143,2104,10409.036363636364
1637175161,1,GET,/auth/logout/,0.100000,0.000000,320,320,320,320,320,320,320,320,320,320,320,110,0,100,140.5,8,914,1712.0
1637175161,1,POST,/auth/modify-friend/,0.300000,0.000000,360,360,600,600,600,600,600,600,600,600,600,459,0,220,269.6296296296296,73,1132,1713.0
1637175161,1,GET,/public/,0.300000,0.000000,520,520,660,660,660,660,660,660,660,660,660,459,0,260,336.1764705882353,108,1483,10196.90413943355
1637175161,1,,Aggregated,2.200000,0.000000,340,510,590,600,700,750,1100,1100,1100,1100,1100,2855,0,240,313.58984238178635,8,2227,5890.279159369527
1637175162,1,GET,/,0.800000,0.000000,360,360,610,610,700,700,700,700,700,700,700,695,0,280,350.8978417266187,111,1677,10288.568345323742
1637175162,1,POST,/,0.100000,0.000000,1100,1100,1100,1100,1100,1100,1100,1100,1100,1100,1100,103,0,720,808.9611650485436,285,2227,10205.233009708738
1637175162,1,GET,/auth/find-friends/,0.600000,0.000000,200,200,300,300,750,750,750,750,750,750,750,918,0,180,236.30936819172112,54,1382,1974.0
1637175162,1,GET,/auth/login/,0.000000,0.000000,0,0,0,0,0,0,0,0,0,0,0,1,0,597,597.0,597,597,2961.0
1637175162,1,POST,/auth/login/,0.100000,0.000000,990,990,990,990,990,990,990,990,990,990,990,111,0,330,520.8828828828829,143,2104,10411.387387387387
1637175162,1,GET,/auth/logout/,0.000000,0.000000,320,320,320,320,320,320,320,320,320,320,320,110,0,100,140.5,8,914,1712.0
1637175162,1,POST,/auth/modify-friend/,0.300000,0.000000,360,360,600,600,600,600,600,600,600,600,600,459,0,220,269.6296296296296,73,1132,1713.0
1637175162,1,GET,/public/,0.400000,0.000000,350,350,520,520,520,520,520,520,520,520,520,459,0,260,336.1764705882353,108,1483,10196.90413943355
1637175162,1,,Aggregated,2.300000,0.000000,320,360,600,610,750,760,1100,1100,1100,1100,1100,2856,0,240,313.74789915966386,8,2227,5891.952731092437
1637175163,1,GET,/,0.800000,0.000000,260,360,360,610,610,610,610,610,610,610,610,695,0,280,350.8978417266187,111,1677,10288.568345323742
1637175163,1,POST,/,0.100000,0.000000,1100,1100,1100,1100,1100,1100,1100,1100,1100,1100,1100,103,0,720,808.9611650485436,285,2227,10205.233009708738
1637175163,1,GET,/auth/find-friends/,0.800000,0.000000,200,200,300,300,750,750,750,750,750,750,750,918,0,180,236.30936819172112,54,1382,1974.0
1637175163,1,GET,/auth/login/,0.000000,0.000000,0,0,0,0,0,0,0,0,0,0,0,1,0,597,597.0,597,597,2961.0
1637175163,1,POST,/auth/login/,0.000000,0.000000,990,990,990,990,990,990,990,990,990,990,990,111,0,330,520.8828828828829,143,2104,10411.387387387387
1637175163,1,GET,/auth/logout/,0.100000,0.000000,320,320,320,320,320,320,320,320,320,320,320,110,0,100,140.5,8,914,1712.0
1637175163,1,POST,/auth/modify-friend/,0.400000,0.000000,240,240,600,600,600,600,600,600,600,600,600,459,0,220,269.6296296296296,73,1132,1713.0
1637175163,1,GET,/public/,0.300000,0.000000,520,520,670,670,670,670,670,670,670,670,670,460,0,260,336.89565217391305,108,1483,10197.44347826087
1637175163,1,,Aggregated,2.500000,0.000000,320,360,600,610,750,760,1100,1100,1100,1100,1100,2857,0,240,313.87154357717884,8,2227,5893.546377318866
1637175164,1,GET,/,0.800000,0.000000,260,260,610,610,610,610,610,610,610,610,610,695,0,280,350.8978417266187,111,1677,10288.568345323742
1637175164,1,POST,/,0.100000,0.000000,1100,1100,1100,1100,1100,1100,1100,1100,1100,1100,1100,103,0,720,808.9611650485436,285,2227,10205.233009708738
1637175164,1,GET,/auth/find-friends/,0.600000,0.000000,300,310,540,540,750,750,750,750,750,750,750,920,0,180,236.72282608695653,54,1382,1974.0
1637175164,1,GET,/auth/login/,0.000000,0.000000,0,0,0,0,0,0,0,0,0,0,0,1,0,597,597.0,597,597,2961.0
1637175164,1,POST,/auth/login/,0.000000,0.000000,990,990,990,990,990,990,990,990,990,990,990,111,0,330,520.8828828828829,143,2104,10411.387387387387
1637175164,1,GET,/auth/logout/,0.100000,0.000000,320,320,320,320,320,320,320,320,320,320,320,110,0,100,140.5,8,914,1712.0
1637175164,1,POST,/auth/modify-friend/,0.300000,0.000000,240,240,600,600,600,600,600,600,600,600,600,459,0,220,269.6296296296296,73,1132,1713.0
1637175164,1,GET,/public/,0.300000,0.000000,520,520,670,670,670,670,670,670,670,670,670,460,0,260,336.89565217391305,108,1483,10197.44347826087
1637175164,1,,Aggregated,2.200000,0.000000,320,540,610,670,760,1100,1100,1100,1100,1100,1100,2859,0,240,313.9503322840154,8,2227,5890.804477089891
1637175165,1,GET,/,0.600000,0.000000,440,440,610,610,610,610,610,610,610,610,610,696,0,280,351.02298850574715,111,1677,10288.806034482759
1637175165,1,POST,/,0.100000,0.000000,1100,1100,1100,1100,1100,1100,1100,1100,1100,1100,1100,103,0,720,808.9611650485436,285,2227,10205.233009708738
1637175165,1,GET,/auth/find-friends/,0.600000,0.000000,300,310,540,540,750,750,750,750,750,750,750,920,0,180,236.72282608695653,54,1382,1974.0
1637175165,1,GET,/auth/login/,0.000000,0.000000,0,0,0,0,0,0,0,0,0,0,0,1,0,597,597.0,597,597,2961.0
1637175165,1,POST,/auth/login/,0.100000,0.000000,990,990,990,990,990,990,990,990,990,990,990,111,0,330,520.8828828828829,143,2104,10411.387387387387
1637175165,1,GET,/auth/logout/,0.100000,0.000000,320,320,320,320,320,320,320,320,320,320,320,110,0,100,140.5,8,914,1712.0
1637175165,1,POST,/auth/modify-friend/,0.300000,0.000000,480,480,600,600,600,600,600,600,600,600,600,460,0,220,270.0782608695652,73,1132,1713.0
1637175165,1,GET,/public/,0.300000,0.000000,520,520,670,670,670,670,670,670,670,670,670,460,0,260,336.89565217391305,108,1483,10197.44347826087
1637175165,1,,Aggregated,2.100000,0.000000,480,600,610,670,760,1100,1100,1100,1100,1100,1100,2861,0,240,314.05033205173015,8,2227,5890.939182104159
1637175166,1,GET,/,0.500000,0.000000,610,610,610,610,610,610,610,610,610,610,610,698,0,280,351.5759312320917,111,1677,10289.123209169054
1637175166,1,POST,/,0.100000,0.000000,1100,1100,1100,1100,1100,1100,1100,1100,1100,1100,1100,103,0,720,808.9611650485436,285,2227,10205.233009708738
1637175166,1,GET,/auth/find-friends/,0.700000,0.000000,310,310,540,540,750,750,750,750,750,750,750,920,0,180,236.72282608695653,54,1382,1974.0
1637175166,1,GET,/auth/login/,0.000000,0.000000,0,0,0,0,0,0,0,0,0,0,0,1,0,597,597.0,597,597,2961.0
1637175166,1,POST,/auth/login/,0.100000,0.000000,760,760,760,760,760,760,760,760,760,760,760,111,0,330,520.8828828828829,143,2104,10411.387387387387
1637175166,1,GET,/auth/logout/,0.100000,0.000000,320,320,320,320,320,320,320,320,320,320,320,110,0,100,140.5,8,914,1712.0
1637175166,1,POST,/auth/modify-friend/,0.300000,0.000000,480,480,600,600,600,600,600,600,600,600,600,460,0,220,270.0782608695652,73,1132,1713.0
1637175166,1,GET,/public/,0.400000,0.000000,520,520,670,670,670,670,670,670,670,670,670,460,0,260,336.89565217391305,108,1483,10197.44347826087
1637175166,1,,Aggregated,2.200000,0.000000,480,540,610,610,750,760,760,760,760,760,760,2863,0,240,314.210967516591,8,2227,5894.088718127838
1637175167,1,GET,/,0.300000,0.000000,610,610,610,670,670,670,670,670,670,670,670,699,0,280,352.0343347639485,111,1677,10289.347639484979
1637175167,1,POST,/,0.100000,0.000000,1100,1100,1100,1100,1100,1100,1100,1100,1100,1100,1100,104,0,720,808.5961538461538,285,2227,10206.788461538461
1637175167,1,GET,/auth/find-friends/,0.700000,0.000000,310,310,540,540,750,750,750,750,750,750,750,920,0,180,236.72282608695653,54,1382,1974.0
1637175167,1,GET,/auth/login/,0.000000,0.000000,0,0,0,0,0,0,0,0,0,0,0,1,0,597,597.0,597,597,2961.0
1637175167,1,POST,/auth/login/,0.100000,0.000000,760,760,760,760,760,760,760,760,760,760,760,111,0,330,520.8828828828829,143,2104,10411.387387387387
1637175167,1,GET,/auth/logout/,0.100000,0.000000,320,320,320,320,320,320,320,320,320,320,320,110,0,100,140.5,8,914,1712.0
1637175167,1,POST,/auth/modify-friend/,0.400000,0.000000,480,480,600,600,600,600,600,600,600,600,600,460,0,220,270.0782608695652,73,1132,1713.0
1637175167,1,GET,/public/,0.300000,0.000000,520,520,670,670,670,670,670,670,670,670,670,460,0,260,336.89565217391305,108,1483,10197.44347826087
1637175167,1,,Aggregated,2.000000,0.000000,480,600,670,670,760,770,770,770,770,770,770,2865,0,240,314.49528795811517,8,2227,5897.238743455498
1637175168,1,GET,/,0.300000,0.000000,610,610,670,670,710,710,710,710,710,710,710,700,0,280,352.54,111,1677,10289.437142857143
1637175168,1,POST,/,0.100000,0.000000,1100,1100,1100,1100,1100,1100,1100,1100,1100,1100,1100,104,0,720,808.5961538461538,285,2227,10206.788461538461
1637175168,1,GET,/auth/find-friends/,0.600000,0.000000,310,310,540,540,750,750,750,750,750,750,750,920,0,180,236.72282608695653,54,1382,1974.0
1637175168,1,GET,/auth/login/,0.000000,0.000000,0,0,0,0,0,0,0,0,0,0,0,1,0,597,597.0,597,597,2961.0
1637175168,1,POST,/auth/login/,0.100000,0.000000,760,760,760,760,760,760,760,760,760,760,760,111,0,330,520.8828828828829,143,2104,10411.387387387387
1637175168,1,GET,/auth/logout/,0.100000,0.000000,320,320,320,320,320,320,320,320,320,320,320,110,0,100,140.5,8,914,1712.0
1637175168,1,POST,/auth/modify-friend/,0.300000,0.000000,480,480,600,600,600,600,600,600,600,600,600,460,0,220,270.0782608695652,73,1132,1713.0
1637175168,1,GET,/public/,0.300000,0.000000,670,670,670,670,670,670,670,670,670,670,670,460,0,260,336.89565217391305,108,1483,10197.44347826087
1637175168,1,,Aggregated,1.800000,0.000000,480,610,670,670,760,770,770,770,770,770,770,2866,0,240,314.6318911374738,8,2227,5898.793091416608
1637175169,1,GET,/,0.500000,0.000000,610,670,710,710,830,830,830,830,830,830,830,701,0,280,353.22111269614834,111,1677,10289.296718972895
1637175169,1,POST,/,0.000000,0.000000,1100,1100,1100,1100,1100,1100,1100,1100,1100,1100,1100,104,0,720,808.5961538461538,285,2227,10206.788461538461
1637175169,1,GET,/auth/find-friends/,0.600000,0.000000,310,310,540,540,540,540,540,540,540,540,540,920,0,180,236.72282608695653,54,1382,1974.0
1637175169,1,GET,/auth/login/,0.000000,0.000000,0,0,0,0,0,0,0,0,0,0,0,1,0,597,597.0,597,597,2961.0
1637175169,1,POST,/auth/login/,0.100000,0.000000,760,760,760,760,760,760,760,760,760,760,760,111,0,330,520.8828828828829,143,2104,10411.387387387387
1637175169,1,GET,/auth/logout/,0.100000,0.000000,320,320,320,320,320,320,320,320,320,320,320,110,0,100,140.5,8,914,1712.0
1637175169,1,POST,/auth/modify-friend/,0.300000,0.000000,480,480,480,480,480,480,480,480,480,480,480,460,0,220,270.0782608695652,73,1132,1713.0
1637175169,1,GET,/public/,0.300000,0.000000,670,670,670,670,670,670,670,670,670,670,670,460,0,260,336.89565217391305,108,1483,10197.44347826087
1637175169,1,,Aggregated,1.900000,0.000000,540,670,710,710,770,830,830,830,830,830,830,2867,0,240,314.81164980816186,8,2227,5900.290198814091
1637175170,1,GET,/,0.500000,0.000000,640,670,710,710,830,830,830,830,830,830,830,702,0,280,353.6267806267806,111,1677,10289.066951566952
1637175170,1,POST,/,0.000000,0.000000,1100,1100,1100,1100,1100,1100,1100,1100,1100,1100,1100,104,0,720,808.5961538461538,285,2227,10206.788461538461
1637175170,1,GET,/auth/find-friends/,0.600000,0.000000,310,310,540,540,540,540,540,540,540,540,540,920,0,180,236.72282608695653,54,1382,1974.0
1637175170,1,GET,/auth/login/,0.000000,0.000000,0,0,0,0,0,0,0,0,0,0,0,1,0,597,597.0,597,597,2961.0
1637175170,1,POST,/auth/login/,0.100000,0.000000,760,760,760,760,760,760,760,760,760,760,760,111,0,330,520.8828828828829,143,2104,10411.387387387387
1637175170,1,GET,/auth/logout/,0.100000,0.000000,320,320,320,320,320,320,320,320,320,320,320,110,0,100,140.5,8,914,1712.0
1637175170,1,POST,/auth/modify-friend/,0.300000,0.000000,480,480,480,480,480,480,480,480,480,480,480,460,0,220,270.0782608695652,73,1132,1713.0
1637175170,1,GET,/public/,0.300000,0.000000,670,670,670,670,670,670,670,670,670,670,670,460,0,260,336.89565217391305,108,1483,10197.44347826087
1637175170,1,,Aggregated,1.900000,0.000000,540,670,670,710,770,830,830,830,830,830,830,2868,0,240,314.92433751743374,8,2227,5901.764295676429
1637175171,1,GET,/,0.500000,0.000000,640,670,710,710,830,830,830,830,830,830,830,702,0,280,353.6267806267806,111,1677,10289.066951566952
1637175171,1,POST,/,0.100000,0.000000,770,770,770,770,770,770,770,770,770,770,770,104,0,720,808.5961538461538,285,2227,10206.788461538461
1637175171,1,GET,/auth/find-friends/,0.400000,0.000000,540,540,570,570,570,570,570,570,570,570,570,921,0,180,237.08469055374593,54,1382,1974.0
1637175171,1,GET,/auth/login/,0.000000,0.000000,0,0,0,0,0,0,0,0,0,0,0,1,0,597,597.0,597,597,2961.0
1637175171,1,POST,/auth/login/,0.100000,0.000000,760,760,760,760,760,760,760,760,760,760,760,111,0,330,520.8828828828829,143,2104,10411.387387387387
1637175171,1,GET,/auth/logout/,0.100000,0.000000,320,320,320,320,320,320,320,320,320,320,320,110,0,100,140.5,8,914,1712.0
1637175171,1,POST,/auth/modify-friend/,0.300000,0.000000,480,480,480,480,480,480,480,480,480,480,480,460,0,220,270.0782608695652,73,1132,1713.0
1637175171,1,GET,/public/,0.200000,0.000000,1200,1200,1200,1200,1200,1200,1200,1200,1200,1200,1200,461,0,260,338.6832971800434,108,1483,10197.190889370933
1637175171,1,,Aggregated,1.700000,0.000000,640,670,760,770,830,1200,1200,1200,1200,1200,1200,2870,0,240,315.3080139372822,8,2227,5901.851916376307
1637175172,1,GET,/,0.700000,0.000000,640,670,710,710,830,830,830,830,830,830,830,702,0,280,353.6267806267806,111,1677,10289.066951566952
1637175172,1,POST,/,0.100000,0.000000,770,770,770,770,770,770,770,770,770,770,770,104,0,720,808.5961538461538,285,2227,10206.788461538461
1637175172,1,GET,/auth/find-friends/,0.400000,0.000000,570,570,940,940,940,940,940,940,940,940,940,922,0,180,237.84924078091106,54,1382,1974.0
1637175172,1,GET,/auth/login/,0.000000,0.000000,0,0,0,0,0,0,0,0,0,0,0,1,0,597,597.0,597,597,2961.0
1637175172,1,POST,/auth/login/,0.100000,0.000000,760,760,760,760,760,760,760,760,760,760,760,111,0,330,520.8828828828829,143,2104,10411.387387387387
1637175172,1,GET,/auth/logout/,0.100000,0.000000,320,320,320,320,320,320,320,320,320,320,320,110,0,100,140.5,8,914,1712.0
1637175172,1,POST,/auth/modify-friend/,0.200000,0.000000,480,480,480,480,480,480,480,480,480,480,480,460,0,220,270.0782608695652,73,1132,1713.0
1637175172,1,GET,/public/,0.100000,0.000000,1200,1200,1200,1200,1200,1200,1200,1200,1200,1200,1200,461,0,260,338.6832971800434,108,1483,10197.190889370933
1637175172,1,,Aggregated,1.700000,0.000000,640,670,770,830,940,1200,1200,1200,1200,1200,1200,2871,0,240,315.52629745733196,8,2227,5900.483803552769
1637175173,1,GET,/,0.700000,0.000000,640,670,710,710,830,830,830,830,830,830,830,702,0,280,353.6267806267806,111,1677,10289.066951566952
1637175173,1,POST,/,0.100000,0.000000,770,770,770,770,770,770,770,770,770,770,770,104,0,720,808.5961538461538,285,2227,10206.788461538461
1637175173,1,GET,/auth/find-friends/,0.200000,0.000000,570,570,940,940,940,940,940,940,940,940,940,922,0,180,237.84924078091106,54,1382,1974.0
1637175173,1,GET,/auth/login/,0.000000,0.000000,0,0,0,0,0,0,0,0,0,0,0,1,0,597,597.0,597,597,2961.0
1637175173,1,POST,/auth/login/,0.100000,0.000000,760,760,760,760,760,760,760,760,760,760,760,111,0,330,520.8828828828829,143,2104,10411.387387387387
1637175173,1,GET,/auth/logout/,0.000000,0.000000,320,320,320,320,320,320,320,320,320,320,320,110,0,100,140.5,8,914,1712.0
1637175173,1,POST,/auth/modify-friend/,0.100000,0.000000,660,660,660,660,660,660,660,660,660,660,660,461,0,220,270.92841648590024,73,1132,1713.0
1637175173,1,GET,/public/,0.200000,0.000000,1200,1200,1200,1200,1200,1200,1200,1200,1200,1200,1200,461,0,260,338.6832971800434,108,1483,10197.190889370933
1637175173,1,,Aggregated,1.400000,0.000000,660,710,770,830,940,1200,1200,1200,1200,1200,1200,2872,0,240,315.64693593314763,8,2227,5899.0257660167135
1637175174,1,GET,/,0.700000,0.000000,670,710,830,830,980,980,980,980,980,980,980,703,0,280,354.5163584637269,111,1677,10289.246088193457
1637175174,1,POST,/,0.100000,0.000000,770,770,770,770,770,770,770,770,770,770,770,104,0,720,808.5961538461538,285,2227,10206.788461538461
1637175174,1,GET,/auth/find-friends/,0.300000,0.000000,570,570,940,940,940,940,940,940,940,940,940,922,0,180,237.84924078091106,54,1382,1974.0
1637175174,1,GET,/auth/login/,0.000000,0.000000,0,0,0,0,0,0,0,0,0,0,0,1,0,597,597.0,597,597,2961.0
1637175174,1,POST,/auth/login/,0.100000,0.000000,760,760,760,760,760,760,760,760,760,760,760,111,0,330,520.8828828828829,143,2104,10411.387387387387
1637175174,1,GET,/auth/logout/,0.000000,0.000000,320,320,320,320,320,320,320,320,320,320,320,110,0,100,140.5,8,914,1712.0
1637175174,1,POST,/auth/modify-friend/,0.100000,0.000000,660,660,660,660,660,660,660,660,660,660,660,461,0,220,270.92841648590024,73,1132,1713.0
1637175174,1,GET,/public/,0.200000,0.000000,1200,1200,1200,1200,1200,1200,1200,1200,1200,1200,1200,461,0,260,338.6832971800434,108,1483,10197.190889370933
1637175174,1,,Aggregated,1.500000,0.000000,670,770,830,940,980,1200,1200,1200,1200,1200,1200,2873,0,240,315.8778280542986,8,2227,5900.597633136094
1637175175,1,GET,/,0.700000,0.000000,710,830,980,980,980,980,980,980,980,980,980,704,0,280,355.39772727272725,111,1677,10289.4375
1637175175,1,POST,/,0.100000,0.000000,770,770,770,770,770,770,770,770,770,770,770,104,0,720,808.5961538461538,285,2227,10206.788461538461
1637175175,1,GET,/auth/find-friends/,0.400000,0.000000,570,570,940,940,940,940,940,940,940,940,940,922,0,180,237.84924078091106,54,1382,1974.0
1637175175,1,GET,/auth/login/,0.000000,0.000000,0,0,0,0,0,0,0,0,0,0,0,1,0,597,597.0,597,597,2961.0
1637175175,1,POST,/auth/login/,0.000000,0.000000,760,760,760,760,760,760,760,760,760,760,760,111,0,330,520.8828828828829,143,2104,10411.387387387387
1637175175,1,GET,/auth/logout/,0.000000,0.000000,320,320,320,320,320,320,320,320,320,320,320,110,0,100,140.5,8,914,1712.0
1637175175,1,POST,/auth/modify-friend/,0.100000,0.000000,660,660,660,660,660,660,660,660,660,660,660,461,0,220,270.92841648590024,73,1132,1713.0
1637175175,1,GET,/public/,0.200000,0.000000,1200,1200,1200,1200,1200,1200,1200,1200,1200,1200,1200,461,0,260,338.6832971800434,108,1483,10197.190889370933
1637175175,1,,Aggregated,1.500000,0.000000,770,830,980,980,980,1200,1200,1200,1200,1200,1200,2874,0,240,316.107167710508,8,2227,5902.171537926235
1637175176,1,GET,/,0.700000,0.000000,710,830,980,980,980,980,980,980,980,980,980,704,0,280,355.39772727272725,111,1677,10289.4375
1637175176,1,POST,/,0.100000,0.000000,770,770,770,770,770,770,770,770,770,770,770,104,0,720,808.5961538461538,285,2227,10206.788461538461
1637175176,1,GET,/auth/find-friends/,0.300000,0.000000,560,570,570,940,940,940,940,940,940,940,940,924,0,180,238.23701298701297,54,1382,1974.0
1637175176,1,GET,/auth/login/,0.000000,0.000000,0,0,0,0,0,0,0,0,0,0,0,1,0,597,597.0,597,597,2961.0
1637175176,1,POST,/auth/login/,0.000000,0.000000,760,760,760,760,760,760,760,760,760,760,760,111,0,330,520.8828828828829,143,2104,10411.387387387387
1637175176,1,GET,/auth/logout/,0.000000,0.000000,320,320,320,320,320,320,320,320,320,320,320,110,0,100,140.5,8,914,1712.0
1637175176,1,POST,/auth/modify-friend/,0.200000,0.000000,660,660,660,660,660,660,660,660,660,660,660,461,0,220,270.92841648590024,73,1132,1713.0
1637175176,1,GET,/public/,0.100000,0.000000,1200,1200,1200,1200,1200,1200,1200,1200,1200,1200,1200,462,0,260,339.45238095238096,108,1483,10197.251082251083
1637175176,1,,Aggregated,1.400000,0.000000,710,830,940,980,980,1200,1200,1200,1200,1200,1200,2877,0,240,316.3086548488008,8,2227,5900.943343760862
1637175177,1,GET,/,0.800000,0.000000,830,980,980,980,980,980,980,980,980,980,980,704,0,280,355.39772727272725,111,1677,10289.4375
1637175177,1,POST,/,0.100000,0.000000,770,770,770,770,770,770,770,770,770,770,770,104,0,720,808.5961538461538,285,2227,10206.788461538461
1637175177,1,GET,/auth/find-friends/,0.200000,0.000000,570,570,940,940,940,940,940,940,940,940,940,924,0,180,238.23701298701297,54,1382,1974.0
1637175177,1,GET,/auth/login/,0.000000,0.000000,0,0,0,0,0,0,0,0,0,0,0,1,0,597,597.0,597,597,2961.0
1637175177,1,POST,/auth/login/,0.000000,0.000000,760,760,760,760,760,760,760,760,760,760,760,111,0,330,520.8828828828829,143,2104,10411.387387387387
1637175177,1,GET,/auth/logout/,0.000000,0.000000,320,320,320,320,320,320,320,320,320,320,320,110,0,100,140.5,8,914,1712.0
1637175177,1,POST,/auth/modify-friend/,0.100000,0.000000,660,660,680,680,680,680,680,680,680,680,680,462,0,220,271.81168831168833,73,1132,1713.0
1637175177,1,GET,/public/,0.100000,0.000000,1200,1200,1200,1200,1200,1200,1200,1200,1200,1200,1200,462,0,260,339.45238095238096,108,1483,10197.251082251083
1637175177,1,,Aggregated,1.300000,0.000000,690,830,940,980,980,1200,1200,1200,1200,1200,1200,2878,0,240,316.43467685892983,8,2227,5899.4881862404445
1637175178,1,GET,/,0.700000,0.000000,980,980,980,1000,1000,1000,1000,1000,1000,1000,1000,705,0,280,356.3304964539007,111,1677,10289.624113475178
1637175178,1,POST,/,0.100000,0.000000,770,770,770,770,770,770,770,770,770,770,770,104,0,720,808.5961538461538,285,2227,10206.788461538461
1637175178,1,GET,/auth/find-friends/,0.200000,0.000000,570,570,940,940,940,940,940,940,940,940,940,924,0,180,238.23701298701297,54,1382,1974.0
1637175178,1,GET,/auth/login/,0.000000,0.000000,0,0,0,0,0,0,0,0,0,0,0,1,0,597,597.0,597,597,2961.0
1637175178,1,POST,/auth/login/,0.000000,0.000000,760,760,760,760,760,760,760,760,760,760,760,111,0,330,520.8828828828829,143,2104,10411.387387387387
1637175178,1,GET,/auth/logout/,0.000000,0.000000,0,0,0,0,0,0,0,0,0,0,0,110,0,100,140.5,8,914,1712.0
1637175178,1,POST,/auth/modify-friend/,0.100000,0.000000,680,680,680,680,680,680,680,680,680,680,680,462,0,220,271.81168831168833,73,1132,1713.0
1637175178,1,GET,/public/,0.200000,0.000000,1200,1200,1200,1200,1200,1200,1200,1200,1200,1200,1200,462,0,260,339.45238095238096,108,1483,10197.251082251083
1637175178,1,,Aggregated,1.300000,0.000000,690,940,980,980,1000,1200,1200,1200,1200,1200,1200,2879,0,240,316.67662382771795,8,2227,5901.058700937826
1637175179,1,GET,/,0.700000,0.000000,980,980,980,1000,1000,1000,1000,1000,1000,1000,1000,705,0,280,356.3304964539007,111,1677,10289.624113475178
1637175179,1,POST,/,0.100000,0.000000,770,770,770,770,770,770,770,770,770,770,770,104,0,720,808.5961538461538,285,2227,10206.788461538461
1637175179,1,GET,/auth/find-friends/,0.200000,0.000000,570,570,940,940,940,940,940,940,940,940,940,924,0,180,238.23701298701297,54,1382,1974.0
1637175179,1,GET,/auth/login/,0.000000,0.000000,0,0,0,0,0,0,0,0,0,0,0,1,0,597,597.0,597,597,2961.0
1637175179,1,POST,/auth/login/,0.000000,0.000000,760,760,760,760,760,760,760,760,760,760,760,111,0,330,520.8828828828829,143,2104,10411.387387387387
1637175179,1,GET,/auth/logout/,0.000000,0.000000,0,0,0,0,0,0,0,0,0,0,0,110,0,100,140.5,8,914,1712.0
1637175179,1,POST,/auth/modify-friend/,0.100000,0.000000,680,680,680,680,680,680,680,680,680,680,680,462,0,220,271.81168831168833,73,1132,1713.0
1637175179,1,GET,/public/,0.200000,0.000000,1200,1200,1200,1200,1200,1200,1200,1200,1200,1200,1200,462,0,260,339.45238095238096,108,1483,10197.251082251083
1637175179,1,,Aggregated,1.300000,0.000000,690,980,980,980,1000,1200,1200,1200,1200,1200,1200,2879,0,240,316.67662382771795,8,2227,5901.058700937826
1637175180,1,GET,/,0.700000,0.000000,980,980,980,1000,1000,1000,1000,1000,1000,1000,1000,705,0,280,356.3304964539007,111,1677,10289.624113475178
1637175180,1,POST,/,0.100000,0.000000,770,770,770,770,770,770,770,770,770,770,770,104,0,720,808.5961538461538,285,2227,10206.788461538461
1637175180,1,GET,/auth/find-friends/,0.200000,0.000000,570,570,940,940,940,940,940,940,940,940,940,924,0,180,238.23701298701297,54,1382,1974.0
1637175180,1,GET,/auth/login/,0.000000,0.000000,0,0,0,0,0,0,0,0,0,0,0,1,0,597,597.0,597,597,2961.0
1637175180,1,POST,/auth/login/,0.000000,0.000000,0,0,0,0,0,0,0,0,0,0,0,111,0,330,520.8828828828829,143,2104,10411.387387387387
1637175180,1,GET,/auth/logout/,0.000000,0.000000,0,0,0,0,0,0,0,0,0,0,0,110,0,100,140.5,8,914,1712.0
1637175180,1,POST,/auth/modify-friend/,0.100000,0.000000,680,680,680,680,680,680,680,680,680,680,680,462,0,220,271.81168831168833,73,1132,1713.0
1637175180,1,GET,/public/,0.200000,0.000000,1200,1200,1200,1200,1200,1200,1200,1200,1200,1200,1200,462,0,260,339.45238095238096,108,1483,10197.251082251083
1637175180,1,,Aggregated,1.300000,0.000000,690,940,980,980,1000,1000,1000,1000,1000,1000,1000,2879,0,240,316.67662382771795,8,2227,5901.058700937826
1637175181,1,GET,/,0.500000,0.000000,980,980,1000,1000,1000,1000,1000,1000,1000,1000,1000,705,0,280,356.3304964539007,111,1677,10289.624113475178
1637175181,1,POST,/,0.000000,0.000000,2500,2500,2500,2500,2500,2500,2500,2500,2500,2500,2500,105,0,720,824.2857142857143,285,2456,10208.933333333332
1637175181,1,GET,/auth/find-friends/,0.400000,0.000000,560,560,940,940,940,940,940,940,940,940,940,924,0,180,238.23701298701297,54,1382,1974.0
1637175181,1,GET,/auth/login/,0.000000,0.000000,0,0,0,0,0,0,0,0,0,0,0,1,0,597,597.0,597,597,2961.0
1637175181,1,POST,/auth/login/,0.000000,0.000000,0,0,0,0,0,0,0,0,0,0,0,111,0,330,520.8828828828829,143,2104,10411.387387387387
1637175181,1,GET,/auth/logout/,0.000000,0.000000,0,0,0,0,0,0,0,0,0,0,0,110,0,100,140.5,8,914,1712.0
1637175181,1,POST,/auth/modify-friend/,0.200000,0.000000,680,680,680,680,680,680,680,680,680,680,680,462,0,220,271.81168831168833,73,1132,1713.0
1637175181,1,GET,/public/,0.200000,0.000000,1200,1200,1200,1200,1200,1200,1200,1200,1200,1200,1200,462,0,260,339.45238095238096,108,1483,10197.251082251083
1637175181,1,,Aggregated,1.300000,0.000000,940,980,980,1000,2500,2500,2500,2500,2500,2500,2500,2880,0,240,317.4194444444444,8,2456,5902.631944444444
1637175182,1,GET,/,0.300000,0.000000,980,980,1000,1000,1000,1000,1000,1000,1000,1000,1000,705,0,280,356.3304964539007,111,1677,10289.624113475178
1637175182,1,POST,/,0.000000,0.000000,2500,2500,2500,2500,2500,2500,2500,2500,2500,2500,2500,105,0,720,824.2857142857143,285,2456,10208.933333333332
1637175182,1,GET,/auth/find-friends/,0.400000,0.000000,770,770,940,940,940,940,940,940,940,940,940,925,0,180,238.81405405405405,54,1382,1974.0
1637175182,1,GET,/auth/login/,0.000000,0.000000,0,0,0,0,0,0,0,0,0,0,0,1,0,597,597.0,597,597,2961.0
1637175182,1,POST,/auth/login/,0.000000,0.000000,0,0,0,0,0,0,0,0,0,0,0,111,0,330,520.8828828828829,143,2104,10411.387387387387
1637175182,1,GET,/auth/logout/,0.000000,0.000000,0,0,0,0,0,0,0,0,0,0,0,110,0,100,140.5,8,914,1712.0
1637175182,1,POST,/auth/modify-friend/,0.200000,0.000000,680,680,680,680,680,680,680,680,680,680,680,462,0,220,271.81168831168833,73,1132,1713.0
1637175182,1,GET,/public/,0.200000,0.000000,950,950,950,950,950,950,950,950,950,950,950,463,0,260,340.77105831533476,108,1483,10197.650107991361
1637175182,1,,Aggregated,1.100000,0.000000,770,980,980,980,1000,2500,2500,2500,2500,2500,2500,2882,0,240,317.7966689798751,8,2456,5902.823039555864
1637175183,1,GET,/,0.300000,0.000000,980,980,1000,1000,1000,1000,1000,1000,1000,1000,1000,705,0,280,356.3304964539007,111,1677,10289.624113475178
1637175183,1,POST,/,0.100000,0.000000,2500,2500,2500,2500,2500,2500,2500,2500,2500,2500,2500,105,0,720,824.2857142857143,285,2456,10208.933333333332
1637175183,1,GET,/auth/find-friends/,0.400000,0.000000,730,770,770,940,940,940,940,940,940,940,940,926,0,180,239.34341252699784,54,1382,1974.0
1637175183,1,GET,/auth/login/,0.000000,0.000000,0,0,0,0,0,0,0,0,0,0,0,1,0,597,597.0,597,597,2961.0
1637175183,1,POST,/auth/login/,0.000000,0.000000,0,0,0,0,0,0,0,0,0,0,0,111,0,330,520.8828828828829,143,2104,10411.387387387387
1637175183,1,GET,/auth/logout/,0.000000,0.000000,0,0,0,0,0,0,0,0,0,0,0,110,0,100,140.5,8,914,1712.0
1637175183,1,POST,/auth/modify-friend/,0.200000,0.000000,680,680,680,680,680,680,680,680,680,680,680,462,0,220,271.81168831168833,73,1132,1713.0
1637175183,1,GET,/public/,0.100000,0.000000,950,950,950,950,950,950,950,950,950,950,950,463,0,260,340.77105831533476,108,1483,10197.650107991361
1637175183,1,,Aggregated,1.100000,0.000000,770,980,980,980,1000,2500,2500,2500,2500,2500,2500,2883,0,240,317.9392993409643,8,2456,5901.460284425945
1637175184,1,GET,/,0.300000,0.000000,1000,1000,1000,1000,1000,1000,1000,1000,1000,1000,1000,705,0,280,356.3304964539007,111,1677,10289.624113475178
1637175184,1,POST,/,0.100000,0.000000,2500,2500,2500,2500,2500,2500,2500,2500,2500,2500,2500,105,0,720,824.2857142857143,285,2456,10208.933333333332
1637175184,1,GET,/auth/find-friends/,0.300000,0.000000,730,730,770,770,770,770,770,770,770,770,770,926,0,180,239.34341252699784,54,1382,1974.0
1637175184,1,GET,/auth/login/,0.000000,0.000000,0,0,0,0,0,0,0,0,0,0,0,1,0,597,597.0,597,597,2961.0
1637175184,1,POST,/auth/login/,0.000000,0.000000,0,0,0,0,0,0,0,0,0,0,0,111,0,330,520.8828828828829,143,2104,10411.387387387387
1637175184,1,GET,/auth/logout/,0.000000,0.000000,0,0,0,0,0,0,0,0,0,0,0,110,0,100,140.5,8,914,1712.0
1637175184,1,POST,/auth/modify-friend/,0.200000,0.000000,680,680,810,810,810,810,810,810,810,810,810,463,0,220,272.9697624190065,73,1132,1713.0
1637175184,1,GET,/public/,0.200000,0.000000,950,950,950,950,950,950,950,950,950,950,950,463,0,260,340.77105831533476,108,1483,10197.650107991361
1637175184,1,,Aggregated,1.100000,0.000000,770,950,980,980,1000,2500,2500,2500,2500,2500,2500,2884,0,240,318.1092233009709,8,2456,5900.007975034674
1637175185,1,GET,/,0.300000,0.000000,1000,1000,1300,1300,1300,1300,1300,1300,1300,1300,1300,706,0,280,357.6912181303116,111,1677,10289.84419263456
1637175185,1,POST,/,0.100000,0.000000,2500,2500,2500,2500,2500,2500,2500,2500,2500,2500,2500,105,0,720,824.2857142857143,285,2456,10208.933333333332
1637175185,1,GET,/auth/find-friends/,0.300000,0.000000,730,730,770,770,770,770,770,770,770,770,770,926,0,180,239.34341252699784,54,1382,1974.0
1637175185,1,GET,/auth/login/,0.000000,0.000000,0,0,0,0,0,0,0,0,0,0,0,1,0,597,597.0,597,597,2961.0
1637175185,1,POST,/auth/login/,0.000000,0.000000,0,0,0,0,0,0,0,0,0,0,0,111,0,330,520.8828828828829,143,2104,10411.387387387387
1637175185,1,GET,/auth/logout/,0.000000,0.000000,0,0,0,0,0,0,0,0,0,0,0,110,0,100,140.5,8,914,1712.0
1637175185,1,POST,/auth/modify-friend/,0.200000,0.000000,810,810,810,810,810,810,810,810,810,810,810,463,0,220,272.9697624190065,73,1132,1713.0
1637175185,1,GET,/public/,0.200000,0.000000,950,950,950,950,950,950,950,950,950,950,950,463,0,260,340.77105831533476,108,1483,10197.650107991361
1637175185,1,,Aggregated,1.100000,0.000000,810,950,1000,1300,2500,2500,2500,2500,2500,2500,2500,2885,0,240,318.4554592720971,8,2456,5901.583362218371
1637175186,1,GET,/,0.300000,0.000000,1100,1100,1300,1300,1300,1300,1300,1300,1300,1300,1300,707,0,280,358.8033946251768,111,1677,10290.270155586988
1637175186,1,POST,/,0.100000,0.000000,2500,2500,2500,2500,2500,2500,2500,2500,2500,2500,2500,105,0,720,824.2857142857143,285,2456,10208.933333333332
1637175186,1,GET,/auth/find-friends/,0.400000,0.000000,730,730,770,770,770,770,770,770,770,770,770,926,0,180,239.34341252699784,54,1382,1974.0
1637175186,1,GET,/auth/login/,0.000000,0.000000,0,0,0,0,0,0,0,0,0,0,0,1,0,597,597.0,597,597,2961.0
1637175186,1,POST,/auth/login/,0.000000,0.000000,0,0,0,0,0,0,0,0,0,0,0,111,0,330,520.8828828828829,143,2104,10411.387387387387
1637175186,1,GET,/auth/logout/,0.000000,0.000000,0,0,0,0,0,0,0,0,0,0,0,110,0,100,140.5,8,914,1712.0
1637175186,1,POST,/auth/modify-friend/,0.100000,0.000000,810,810,810,810,810,810,810,810,810,810,810,463,0,220,272.9697624190065,73,1132,1713.0
1637175186,1,GET,/public/,0.200000,0.000000,950,950,950,950,950,950,950,950,950,950,950,463,0,260,340.77105831533476,108,1483,10197.650107991361
1637175186,1,,Aggregated,1.100000,0.000000,950,1000,1100,1300,2500,2500,2500,2500,2500,2500,2500,2886,0,240,318.74151074151075,8,2456,5903.208246708246
1637175187,1,GET,/,0.200000,0.000000,1100,1100,1300,1300,1300,1300,1300,1300,1300,1300,1300,707,0,280,358.8033946251768,111,1677,10290.270155586988
1637175187,1,POST,/,0.100000,0.000000,2500,2500,2500,2500,2500,2500,2500,2500,2500,2500,2500,105,0,720,824.2857142857143,285,2456,10208.933333333332
1637175187,1,GET,/auth/find-friends/,0.400000,0.000000,730,730,770,770,770,770,770,770,770,770,770,926,0,180,239.34341252699784,54,1382,1974.0
1637175187,1,GET,/auth/login/,0.000000,0.000000,0,0,0,0,0,0,0,0,0,0,0,1,0,597,597.0,597,597,2961.0
1637175187,1,POST,/auth/login/,0.000000,0.000000,0,0,0,0,0,0,0,0,0,0,0,111,0,330,520.8828828828829,143,2104,10411.387387387387
1637175187,1,GET,/auth/logout/,0.000000,0.000000,0,0,0,0,0,0,0,0,0,0,0,110,0,100,140.5,8,914,1712.0
1637175187,1,POST,/auth/modify-friend/,0.200000,0.000000,810,810,810,810,810,810,810,810,810,810,810,463,0,220,272.9697624190065,73,1132,1713.0
1637175187,1,GET,/public/,0.200000,0.000000,950,950,1000,1000,1000,1000,1000,1000,1000,1000,1000,464,0,260,342.2198275862069,108,1483,10197.806034482759
1637175187,1,,Aggregated,1.100000,0.000000,1000,1000,1100,1300,2500,2500,2500,2500,2500,2500,2500,2887,0,240,318.9819882230689,8,2456,5904.720817457568
1637175188,1,GET,/,0.200000,0.000000,1100,1100,1300,1300,1300,1300,1300,1300,1300,1300,1300,707,0,280,358.8033946251768,111,1677,10290.270155586988
1637175188,1,POST,/,0.100000,0.000000,2500,2500,2500,2500,2500,2500,2500,2500,2500,2500,2500,105,0,720,824.2857142857143,285,2456,10208.933333333332
1637175188,1,GET,/auth/find-friends/,0.400000,0.000000,730,770,770,840,840,840,840,840,840,840,840,927,0,180,239.99137001078748,54,1382,1974.0
1637175188,1,GET,/auth/login/,0.000000,0.000000,0,0,0,0,0,0,0,0,0,0,0,1,0,597,597.0,597,597,2961.0
1637175188,1,POST,/auth/login/,0.000000,0.000000,0,0,0,0,0,0,0,0,0,0,0,111,0,330,520.8828828828829,143,2104,10411.387387387387
1637175188,1,GET,/auth/logout/,0.000000,0.000000,0,0,0,0,0,0,0,0,0,0,0,110,0,100,140.5,8,914,1712.0
1637175188,1,POST,/auth/modify-friend/,0.200000,0.000000,810,810,810,810,810,810,810,810,810,810,810,463,0,220,272.9697624190065,73,1132,1713.0
1637175188,1,GET,/public/,0.100000,0.000000,1000,1000,1000,1000,1000,1000,1000,1000,1000,1000,1000,464,0,260,342.2198275862069,108,1483,10197.806034482759
1637175188,1,,Aggregated,1.000000,0.000000,1000,1000,1100,1300,2500,2500,2500,2500,2500,2500,2500,2888,0,240,319.16239612188366,8,2456,5903.359764542936
1637175189,1,GET,/,0.300000,0.000000,1100,1100,1300,1300,1300,1300,1300,1300,1300,1300,1300,707,0,280,358.8033946251768,111,1677,10290.270155586988
1637175189,1,POST,/,0.100000,0.000000,2500,2500,2500,2500,2500,2500,2500,2500,2500,2500,2500,105,0,720,824.2857142857143,285,2456,10208.933333333332
1637175189,1,GET,/auth/find-friends/,0.200000,0.000000,840,840,960,960,960,960,960,960,960,960,960,928,0,180,240.76831896551724,54,1382,1974.0
1637175189,1,GET,/auth/login/,0.000000,0.000000,0,0,0,0,0,0,0,0,0,0,0,1,0,597,597.0,597,597,2961.0
1637175189,1,POST,/auth/login/,0.000000,0.000000,0,0,0,0,0,0,0,0,0,0,0,111,0,330,520.8828828828829,143,2104,10411.387387387387
1637175189,1,GET,/auth/logout/,0.000000,0.000000,0,0,0,0,0,0,0,0,0,0,0,110,0,100,140.5,8,914,1712.0
1637175189,1,POST,/auth/modify-friend/,0.200000,0.000000,810,810,810,810,810,810,810,810,810,810,810,463,0,220,272.9697624190065,73,1132,1713.0
1637175189,1,GET,/public/,0.100000,0.000000,1000,1000,1000,1000,1000,1000,1000,1000,1000,1000,1000,464,0,260,342.2198275862069,108,1483,10197.806034482759
1637175189,1,,Aggregated,0.900000,0.000000,960,1000,1100,1300,2500,2500,2500,2500,2500,2500,2500,2889,0,240,319.3845621322257,8,2456,5901.999653859467
1637175190,1,GET,/,0.300000,0.000000,1100,1100,1300,1300,1300,1300,1300,1300,1300,1300,1300,707,0,280,358.8033946251768,111,1677,10290.270155586988
1637175190,1,POST,/,0.100000,0.000000,2500,2500,2500,2500,2500,2500,2500,2500,2500,2500,2500,105,0,720,824.2857142857143,285,2456,10208.933333333332
1637175190,1,GET,/auth/find-friends/,0.200000,0.000000,840,840,960,960,960,960,960,960,960,960,960,928,0,180,240.76831896551724,54,1382,1974.0
1637175190,1,GET,/auth/login/,0.000000,0.000000,0,0,0,0,0,0,0,0,0,0,0,1,0,597,597.0,597,597,2961.0
1637175190,1,POST,/auth/login/,0.000000,0.000000,0,0,0,0,0,0,0,0,0,0,0,111,0,330,520.8828828828829,143,2104,10411.387387387387
1637175190,1,GET,/auth/logout/,0.000000,0.000000,0,0,0,0,0,0,0,0,0,0,0,110,0,100,140.5,8,914,1712.0
1637175190,1,POST,/auth/modify-friend/,0.100000,0.000000,1000,1000,1000,1000,1000,1000,1000,1000,1000,1000,1000,464,0,220,274.5991379310345,73,1132,1713.0
1637175190,1,GET,/public/,0.200000,0.000000,1000,1000,1000,1000,1000,1000,1000,1000,1000,1000,1000,464,0,260,342.2198275862069,108,1483,10197.806034482759
1637175190,1,,Aggregated,0.900000,0.000000,960,1000,1000,1100,1300,1300,1300,1300,1300,1300,1300,2890,0,240,319.63010380622836,8,2456,5900.550173010381
1637175191,1,GET,/,0.200000,0.000000,1100,1100,1300,1300,1300,1300,1300,1300,1300,1300,1300,708,0,280,359.6949152542373,111,1677,10290.943502824859
1637175191,1,POST,/,0.100000,0.000000,2500,2500,2500,2500,2500,2500,2500,2500,2500,2500,2500,105,0,720,824.2857142857143,285,2456,10208.933333333332
1637175191,1,GET,/auth/find-friends/,0.300000,0.000000,840,840,960,960,960,960,960,960,960,960,960,928,0,180,240.76831896551724,54,1382,1974.0
1637175191,1,GET,/auth/login/,0.000000,0.000000,0,0,0,0,0,0,0,0,0,0,0,1,0,597,597.0,597,597,2961.0
1637175191,1,POST,/auth/login/,0.000000,0.000000,0,0,0,0,0,0,0,0,0,0,0,111,0,330,520.8828828828829,143,2104,10411.387387387387
1637175191,1,GET,/auth/logout/,0.000000,0.000000,0,0,0,0,0,0,0,0,0,0,0,110,0,100,140.5,8,914,1712.0
1637175191,1,POST,/auth/modify-friend/,0.100000,0.000000,1000,1000,1000,1000,1000,1000,1000,1000,1000,1000,1000,464,0,220,274.5991379310345,73,1132,1713.0
1637175191,1,GET,/public/,0.200000,0.000000,1000,1000,1000,1000,1000,1000,1000,1000,1000,1000,1000,464,0,260,342.2198275862069,108,1483,10197.806034482759
1637175191,1,,Aggregated,0.900000,0.000000,990,1000,1000,1100,1300,1300,1300,1300,1300,1300,1300,2891,0,240,319.86198547215497,8,2456,5902.233483223798
1637175192,1,GET,/,0.200000,0.000000,1100,1100,1300,1300,1300,1300,1300,1300,1300,1300,1300,708,0,280,359.6949152542373,111,1677,10290.943502824859
1637175192,1,POST,/,0.100000,0.000000,2500,2500,2500,2500,2500,2500,2500,2500,2500,2500,2500,105,0,720,824.2857142857143,285,2456,10208.933333333332
1637175192,1,GET,/auth/find-friends/,0.300000,0.000000,840,840,960,960,960,960,960,960,960,960,960,928,0,180,240.76831896551724,54,1382,1974.0
1637175192,1,GET,/auth/login/,0.000000,0.000000,0,0,0,0,0,0,0,0,0,0,0,1,0,597,597.0,597,597,2961.0
1637175192,1,POST,/auth/login/,0.000000,0.000000,0,0,0,0,0,0,0,0,0,0,0,111,0,330,520.8828828828829,143,2104,10411.387387387387
1637175192,1,GET,/auth/logout/,0.000000,0.000000,0,0,0,0,0,0,0,0,0,0,0,110,0,100,140.5,8,914,1712.0
1637175192,1,POST,/auth/modify-friend/,0.100000,0.000000,1000,1000,1000,1000,1000,1000,1000,1000,1000,1000,1000,464,0,220,274.5991379310345,73,1132,1713.0
1637175192,1,GET,/public/,0.200000,0.000000,1000,1000,1000,1000,1000,1000,1000,1000,1000,1000,1000,464,0,260,342.2198275862069,108,1483,10197.806034482759
1637175192,1,,Aggregated,0.900000,0.000000,990,1000,1000,1100,1300,1300,1300,1300,1300,1300,1300,2891,0,240,319.86198547215497,8,2456,5902.233483223798
1637175193,1,GET,/,0.200000,0.000000,1100,1100,1300,1300,1300,1300,1300,1300,1300,1300,1300,708,0,280,359.6949152542373,111,1677,10290.943502824859
1637175193,1,POST,/,0.000000,0.000000,2500,2500,2500,2500,2500,2500,2500,2500,2500,2500,2500,106,0,720,834.7169811320755,285,2456,10213.962264150943
1637175193,1,GET,/auth/find-friends/,0.400000,0.000000,840,840,960,960,960,960,960,960,960,960,960,928,0,180,240.76831896551724,54,1382,1974.0
1637175193,1,GET,/auth/login/,0.000000,0.000000,0,0,0,0,0,0,0,0,0,0,0,1,0,597,597.0,597,597,2961.0
1637175193,1,POST,/auth/login/,0.000000,0.000000,0,0,0,0,0,0,0,0,0,0,0,111,0,330,520.8828828828829,143,2104,10411.387387387387
1637175193,1,GET,/auth/logout/,0.000000,0.000000,0,0,0,0,0,0,0,0,0,0,0,110,0,100,140.5,8,914,1712.0
1637175193,1,POST,/auth/modify-friend/,0.200000,0.000000,1000,1000,1000,1000,1000,1000,1000,1000,1000,1000,1000,464,0,220,274.5991379310345,73,1132,1713.0
1637175193,1,GET,/public/,0.200000,0.000000,1000,1000,1000,1000,1000,1000,1000,1000,1000,1000,1000,464,0,260,342.2198275862069,108,1483,10197.806034482759
1637175193,1,,Aggregated,1.000000,0.000000,1000,1000,1100,1300,1900,1900,1900,1900,1900,1900,1900,2892,0,240,320.41874135546334,8,2456,5903.906984785615
1637175194,1,GET,/,0.300000,0.000000,1100,1100,1300,1300,1300,1300,1300,1300,1300,1300,1300,709,0,280,360.23413258110014,111,1677,10291.169252468266
1637175194,1,POST,/,0.000000,0.000000,2500,2500,2500,2500,2500,2500,2500,2500,2500,2500,2500,106,0,720,834.7169811320755,285,2456,10213.962264150943
1637175194,1,GET,/auth/find-friends/,0.400000,0.000000,840,840,960,960,960,960,960,960,960,960,960,928,0,180,240.76831896551724,54,1382,1974.0
1637175194,1,GET,/auth/login/,0.000000,0.000000,0,0,0,0,0,0,0,0,0,0,0,1,0,597,597.0,597,597,2961.0
1637175194,1,POST,/auth/login/,0.000000,0.000000,0,0,0,0,0,0,0,0,0,0,0,111,0,330,520.8828828828829,143,2104,10411.387387387387
1637175194,1,GET,/auth/logout/,0.000000,0.000000,0,0,0,0,0,0,0,0,0,0,0,110,0,100,140.5,8,914,1712.0
1637175194,1,POST,/auth/modify-friend/,0.200000,0.000000,1000,1000,1000,1000,1000,1000,1000,1000,1000,1000,1000,464,0,220,274.5991379310345,73,1132,1713.0
1637175194,1,GET,/public/,0.100000,0.000000,1000,1000,1000,1000,1000,1000,1000,1000,1000,1000,1000,464,0,260,342.2198275862069,108,1483,10197.806034482759
1637175194,1,,Aggregated,1.000000,0.000000,1000,1000,1100,1300,1900,1900,1900,1900,1900,1900,1900,2893,0,240,320.56446595229863,8,2456,5905.478741790529
1637175195,1,GET,/,0.300000,0.000000,1100,1100,1300,1300,1300,1300,1300,1300,1300,1300,1300,710,0,280,361.53802816901407,111,1677,10291.729577464788
1637175195,1,POST,/,0.000000,0.000000,2500,2500,2500,2500,2500,2500,2500,2500,2500,2500,2500,106,0,720,834.7169811320755,285,2456,10213.962264150943
1637175195,1,GET,/auth/find-friends/,0.300000,0.000000,960,960,960,960,960,960,960,960,960,960,960,928,0,180,240.76831896551724,54,1382,1974.0
1637175195,1,GET,/auth/login/,0.000000,0.000000,0,0,0,0,0,0,0,0,0,0,0,1,0,597,597.0,597,597,2961.0
1637175195,1,POST,/auth/login/,0.000000,0.000000,0,0,0,0,0,0,0,0,0,0,0,111,0,330,520.8828828828829,143,2104,10411.387387387387
1637175195,1,GET,/auth/logout/,0.000000,0.000000,0,0,0,0,0,0,0,0,0,0,0,110,0,100,140.5,8,914,1712.0
1637175195,1,POST,/auth/modify-friend/,0.200000,0.000000,1000,1000,1000,1000,1000,1000,1000,1000,1000,1000,1000,464,0,220,274.5991379310345,73,1132,1713.0
1637175195,1,GET,/public/,0.100000,0.000000,1000,1000,1000,1000,1000,1000,1000,1000,1000,1000,1000,464,0,260,342.2198275862069,108,1483,10197.806034482759
1637175195,1,,Aggregated,0.900000,0.000000,1000,1000,1100,1300,1900,1900,1900,1900,1900,1900,1900,2894,0,240,320.8980649619903,8,2456,5907.131651693158
1637175196,1,GET,/,0.300000,0.000000,1100,1100,1300,1300,1300,1300,1300,1300,1300,1300,1300,710,0,280,361.53802816901407,111,1677,10291.729577464788
1637175196,1,POST,/,0.100000,0.000000,1900,1900,1900,1900,1900,1900,1900,1900,1900,1900,1900,106,0,720,834.7169811320755,285,2456,10213.962264150943
1637175196,1,GET,/auth/find-friends/,0.200000,0.000000,960,960,960,960,960,960,960,960,960,960,960,928,0,180,240.76831896551724,54,1382,1974.0
1637175196,1,GET,/auth/login/,0.000000,0.000000,0,0,0,0,0,0,0,0,0,0,0,1,0,597,597.0,597,597,2961.0
1637175196,1,POST,/auth/login/,0.000000,0.000000,0,0,0,0,0,0,0,0,0,0,0,111,0,330,520.8828828828829,143,2104,10411.387387387387
1637175196,1,GET,/auth/logout/,0.000000,0.000000,0,0,0,0,0,0,0,0,0,0,0,110,0,100,140.5,8,914,1712.0
1637175196,1,POST,/auth/modify-friend/,0.200000,0.000000,1000,1000,1000,1000,1000,1000,1000,1000,1000,1000,1000,464,0,220,274.5991379310345,73,1132,1713.0
1637175196,1,GET,/public/,0.100000,0.000000,1000,1000,1000,1000,1000,1000,1000,1000,1000,1000,1000,465,0,270,343.51612903225805,108,1483,10197.836559139785
1637175196,1,,Aggregated,0.900000,0.000000,990,1000,1000,1300,1900,1900,1900,1900,1900,1900,1900,2895,0,240,321.1136442141623,8,2456,5908.618652849741
1637175197,1,GET,/,0.400000,0.000000,1100,1100,1300,1300,1300,1300,1300,1300,1300,1300,1300,710,0,280,361.53802816901407,111,1677,10291.729577464788
1637175197,1,POST,/,0.100000,0.000000,1900,1900,1900,1900,1900,1900,1900,1900,1900,1900,1900,106,0,720,834.7169811320755,285,2456,10213.962264150943
1637175197,1,GET,/auth/find-friends/,0.200000,0.000000,840,840,960,960,960,960,960,960,960,960,960,929,0,180,241.33584499461787,54,1382,1974.0
1637175197,1,GET,/auth/login/,0.000000,0.000000,0,0,0,0,0,0,0,0,0,0,0,1,0,597,597.0,597,597,2961.0
1637175197,1,POST,/auth/login/,0.000000,0.000000,0,0,0,0,0,0,0,0,0,0,0,111,0,330,520.8828828828829,143,2104,10411.387387387387
1637175197,1,GET,/auth/logout/,0.000000,0.000000,0,0,0,0,0,0,0,0,0,0,0,110,0,100,140.5,8,914,1712.0
1637175197,1,POST,/auth/modify-friend/,0.100000,0.000000,1000,1000,1000,1000,1000,1000,1000,1000,1000,1000,1000,464,0,220,274.5991379310345,73,1132,1713.0
1637175197,1,GET,/public/,0.100000,0.000000,1000,1000,1000,1000,1000,1000,1000,1000,1000,1000,1000,465,0,270,343.51612903225805,108,1483,10197.836559139785
1637175197,1,,Aggregated,0.900000,0.000000,960,990,1000,1300,1900,1900,1900,1900,1900,1900,1900,2896,0,240,321.26795580110496,8,2456,5907.260013812154
1637175198,1,GET,/,0.400000,0.000000,990,990,1300,1300,1300,1300,1300,1300,1300,1300,1300,710,0,280,361.53802816901407,111,1677,10291.729577464788
1637175198,1,POST,/,0.100000,0.000000,1900,1900,1900,1900,1900,1900,1900,1900,1900,1900,1900,106,0,720,834.7169811320755,285,2456,10213.962264150943
1637175198,1,GET,/auth/find-friends/,0.200000,0.000000,800,800,960,960,960,960,960,960,960,960,960,930,0,180,241.94086021505376,54,1382,1974.0
1637175198,1,GET,/auth/login/,0.000000,0.000000,0,0,0,0,0,0,0,0,0,0,0,1,0,597,597.0,597,597,2961.0
1637175198,1,POST,/auth/login/,0.000000,0.000000,0,0,0,0,0,0,0,0,0,0,0,111,0,330,520.8828828828829,143,2104,10411.387387387387
1637175198,1,GET,/auth/logout/,0.000000,0.000000,0,0,0,0,0,0,0,0,0,0,0,110,0,100,140.5,8,914,1712.0
1637175198,1,POST,/auth/modify-friend/,0.100000,0.000000,1000,1000,1000,1000,1000,1000,1000,1000,1000,1000,1000,465,0,220,275.09247311827954,73,1132,1713.0
1637175198,1,GET,/public/,0.100000,0.000000,1000,1000,1000,1000,1000,1000,1000,1000,1000,1000,1000,465,0,270,343.51612903225805,108,1483,10197.836559139785
1637175198,1,,Aggregated,0.900000,0.000000,960,990,1000,1300,1900,1900,1900,1900,1900,1900,1900,2898,0,240,321.4975845410628,8,2456,5904.455486542443
1637175199,1,GET,/,0.300000,0.000000,990,990,1300,1300,1300,1300,1300,1300,1300,1300,1300,710,0,280,361.53802816901407,111,1677,10291.729577464788
1637175199,1,POST,/,0.100000,0.000000,1900,1900,1900,1900,1900,1900,1900,1900,1900,1900,1900,106,0,720,834.7169811320755,285,2456,10213.962264150943
1637175199,1,GET,/auth/find-friends/,0.200000,0.000000,800,800,960,960,960,960,960,960,960,960,960,931,0,180,242.0204081632653,54,1382,1974.0
1637175199,1,GET,/auth/login/,0.000000,0.000000,0,0,0,0,0,0,0,0,0,0,0,1,0,597,597.0,597,597,2961.0
1637175199,1,POST,/auth/login/,0.000000,0.000000,0,0,0,0,0,0,0,0,0,0,0,111,0,330,520.8828828828829,143,2104,10411.387387387387
1637175199,1,GET,/auth/logout/,0.000000,0.000000,0,0,0,0,0,0,0,0,0,0,0,110,0,100,140.5,8,914,1712.0
1637175199,1,POST,/auth/modify-friend/,0.100000,0.000000,1000,1000,1000,1000,1000,1000,1000,1000,1000,1000,1000,465,0,220,275.09247311827954,73,1132,1713.0
1637175199,1,GET,/public/,0.200000,0.000000,940,940,1000,1000,1000,1000,1000,1000,1000,1000,1000,466,0,270,343.85407725321886,108,1483,10197.8669527897
1637175199,1,,Aggregated,0.900000,0.000000,800,990,1000,1000,1300,1900,1900,1900,1900,1900,1900,2900,0,240,321.55758620689653,8,2456,5904.585517241379
1637175200,1,GET,/,0.300000,0.000000,990,990,1300,1300,1300,1300,1300,1300,1300,1300,1300,710,0,280,361.53802816901407,111,1677,10291.729577464788
1637175200,1,POST,/,0.100000,0.000000,1900,1900,1900,1900,1900,1900,1900,1900,1900,1900,1900,106,0,720,834.7169811320755,285,2456,10213.962264150943
1637175200,1,GET,/auth/find-friends/,0.400000,0.000000,770,800,800,960,960,960,960,960,960,960,960,932,0,180,242.4538626609442,54,1382,1974.0
1637175200,1,GET,/auth/login/,0.000000,0.000000,0,0,0,0,0,0,0,0,0,0,0,1,0,597,597.0,597,597,2961.0
1637175200,1,POST,/auth/login/,0.000000,0.000000,0,0,0,0,0,0,0,0,0,0,0,111,0,330,520.8828828828829,143,2104,10411.387387387387
1637175200,1,GET,/auth/logout/,0.000000,0.000000,0,0,0,0,0,0,0,0,0,0,0,110,0,100,140.5,8,914,1712.0
1637175200,1,POST,/auth/modify-friend/,0.100000,0.000000,730,730,1000,1000,1000,1000,1000,1000,1000,1000,1000,466,0,220,276.07081545064375,73,1132,1713.0
1637175200,1,GET,/public/,0.100000,0.000000,940,940,1000,1000,1000,1000,1000,1000,1000,1000,1000,466,0,270,343.85407725321886,108,1483,10197.8669527897
1637175200,1,,Aggregated,1.000000,0.000000,770,800,990,990,1300,1900,1900,1900,1900,1900,1900,2902,0,240,321.8104755341144,8,2456,5901.786698828394
1637175201,1,GET,/,0.300000,0.000000,740,990,990,1300,1300,1300,1300,1300,1300,1300,1300,712,0,280,361.6193820224719,111,1677,10292.261235955057
1637175201,1,POST,/,0.100000,0.000000,1900,1900,1900,1900,1900,1900,1900,1900,1900,1900,1900,106,0,720,834.7169811320755,285,2456,10213.962264150943
1637175201,1,GET,/auth/find-friends/,0.300000,0.000000,770,800,800,960,960,960,960,960,960,960,960,932,0,180,242.4538626609442,54,1382,1974.0
1637175201,1,GET,/auth/login/,0.000000,0.000000,0,0,0,0,0,0,0,0,0,0,0,1,0,597,597.0,597,597,2961.0
1637175201,1,POST,/auth/login/,0.000000,0.000000,0,0,0,0,0,0,0,0,0,0,0,111,0,330,520.8828828828829,143,2104,10411.387387387387
1637175201,1,GET,/auth/logout/,0.000000,0.000000,0,0,0,0,0,0,0,0,0,0,0,110,0,100,140.5,8,914,1712.0
1637175201,1,POST,/auth/modify-friend/,0.200000,0.000000,730,730,1000,1000,1000,1000,1000,1000,1000,1000,1000,466,0,220,276.07081545064375,73,1132,1713.0
1637175201,1,GET,/public/,0.200000,0.000000,940,940,940,940,940,940,940,940,940,940,940,466,0,270,343.85407725321886,108,1483,10197.8669527897
1637175201,1,,Aggregated,1.100000,0.000000,740,800,940,990,1300,1900,1900,1900,1900,1900,1900,2904,0,240,321.857782369146,8,2456,5904.940426997246
1637175202,1,GET,/,0.300000,0.000000,740,740,1300,1300,1300,1300,1300,1300,1300,1300,1300,712,0,280,361.6193820224719,111,1677,10292.261235955057
1637175202,1,POST,/,0.100000,0.000000,1900,1900,1900,1900,1900,1900,1900,1900,1900,1900,1900,106,0,720,834.7169811320755,285,2456,10213.962264150943
1637175202,1,GET,/auth/find-friends/,0.400000,0.000000,770,770,800,800,960,960,960,960,960,960,960,933,0,180,242.7642015005359,54,1382,1974.0
1637175202,1,GET,/auth/login/,0.000000,0.000000,0,0,0,0,0,0,0,0,0,0,0,1,0,597,597.0,597,597,2961.0
1637175202,1,POST,/auth/login/,0.000000,0.000000,0,0,0,0,0,0,0,0,0,0,0,111,0,330,520.8828828828829,143,2104,10411.387387387387
1637175202,1,GET,/auth/logout/,0.000000,0.000000,0,0,0,0,0,0,0,0,0,0,0,110,0,100,140.5,8,914,1712.0
1637175202,1,POST,/auth/modify-friend/,0.200000,0.000000,730,730,1000,1000,1000,1000,1000,1000,1000,1000,1000,466,0,220,276.07081545064375,73,1132,1713.0
1637175202,1,GET,/public/,0.200000,0.000000,510,510,940,940,940,940,940,940,940,940,940,467,0,270,344.2162740899358,108,1483,10197.6852248394
1637175202,1,,Aggregated,1.200000,0.000000,650,740,800,940,1300,1900,1900,1900,1900,1900,1900,2906,0,240,321.99587061252583,8,2456,5905.035788024777
1637175203,1,GET,/,0.300000,0.000000,740,740,1300,1300,1300,1300,1300,1300,1300,1300,1300,712,0,280,361.6193820224719,111,1677,10292.261235955057
1637175203,1,POST,/,0.100000,0.000000,1900,1900,1900,1900,1900,1900,1900,1900,1900,1900,1900,106,0,720,834.7169811320755,285,2456,10213.962264150943
1637175203,1,GET,/auth/find-friends/,0.400000,0.000000,650,650,770,770,800,800,800,800,800,800,800,934,0,180,243.11134903640257,54,1382,1974.0
1637175203,1,GET,/auth/login/,0.000000,0.000000,0,0,0,0,0,0,0,0,0,0,0,1,0,597,597.0,597,597,2961.0
1637175203,1,POST,/auth/login/,0.000000,0.000000,0,0,0,0,0,0,0,0,0,0,0,111,0,330,520.8828828828829,143,2104,10411.387387387387
1637175203,1,GET,/auth/logout/,0.000000,0.000000,0,0,0,0,0,0,0,0,0,0,0,110,0,100,140.5,8,914,1712.0
1637175203,1,POST,/auth/modify-friend/,0.200000,0.000000,730,730,1000,1000,1000,1000,1000,1000,1000,1000,1000,467,0,220,276.4004282655246,73,1132,1713.0
1637175203,1,GET,/public/,0.200000,0.000000,510,510,940,940,940,940,940,940,940,940,940,467,0,270,344.2162740899358,108,1483,10197.6852248394
1637175203,1,,Aggregated,1.200000,0.000000,570,730,770,770,940,1300,1300,1300,1300,1300,1300,2908,0,240,322.1172627235213,8,2456,5902.242434662999
1637175204,1,GET,/,0.300000,0.000000,460,460,1300,1300,1300,1300,1300,1300,1300,1300,1300,713,0,280,361.76437587657784,111,1677,10292.249649368863
1637175204,1,POST,/,0.100000,0.000000,1900,1900,1900,1900,1900,1900,1900,1900,1900,1900,1900,106,0,720,834.7169811320755,285,2456,10213.962264150943
1637175204,1,GET,/auth/find-friends/,0.400000,0.000000,650,650,770,770,800,800,800,800,800,800,800,934,0,180,243.11134903640257,54,1382,1974.0
1637175204,1,GET,/auth/login/,0.000000,0.000000,0,0,0,0,0,0,0,0,0,0,0,1,0,597,597.0,597,597,2961.0
1637175204,1,POST,/auth/login/,0.000000,0.000000,0,0,0,0,0,0,0,0,0,0,0,111,0,330,520.8828828828829,143,2104,10411.387387387387
1637175204,1,GET,/auth/logout/,0.000000,0.000000,0,0,0,0,0,0,0,0,0,0,0,110,0,100,140.5,8,914,1712.0
1637175204,1,POST,/auth/modify-friend/,0.200000,0.000000,500,500,730,730,730,730,730,730,730,730,730,467,0,220,276.4004282655246,73,1132,1713.0
1637175204,1,GET,/public/,0.200000,0.000000,510,510,940,940,940,940,940,940,940,940,940,467,0,270,344.2162740899358,108,1483,10197.6852248394
1637175204,1,,Aggregated,1.200000,0.000000,530,650,770,770,940,1300,1300,1300,1300,1300,1300,2909,0,240,322.16638019938125,8,2456,5903.7487108972155
1637175205,1,GET,/,0.400000,0.000000,460,460,1300,1300,1300,1300,1300,1300,1300,1300,1300,713,0,280,361.76437587657784,111,1677,10292.249649368863
1637175205,1,POST,/,0.100000,0.000000,1900,1900,1900,1900,1900,1900,1900,1900,1900,1900,1900,107,0,730,836.0654205607476,285,2456,10215.757009345794
1637175205,1,GET,/auth/find-friends/,0.500000,0.000000,650,650,770,770,800,800,800,800,800,800,800,934,0,180,243.11134903640257,54,1382,1974.0
1637175205,1,GET,/auth/login/,0.000000,0.000000,0,0,0,0,0,0,0,0,0,0,0,1,0,597,597.0,597,597,2961.0
1637175205,1,POST,/auth/login/,0.000000,0.000000,0,0,0,0,0,0,0,0,0,0,0,111,0,330,520.8828828828829,143,2104,10411.387387387387
1637175205,1,GET,/auth/logout/,0.000000,0.000000,0,0,0,0,0,0,0,0,0,0,0,110,0,100,140.5,8,914,1712.0
1637175205,1,POST,/auth/modify-friend/,0.200000,0.000000,500,500,730,730,730,730,730,730,730,730,730,467,0,220,276.4004282655246,73,1132,1713.0
1637175205,1,GET,/public/,0.300000,0.000000,510,510,940,940,940,940,940,940,940,940,940,468,0,270,344.39102564102564,108,1483,10197.71794871795
1637175205,1,,Aggregated,1.500000,0.000000,510,650,730,770,940,980,980,980,980,980,980,2911,0,240,322.4276880796977,8,2456,5906.77567846101
1637175206,1,GET,/,0.500000,0.000000,460,460,1300,1300,1300,1300,1300,1300,1300,1300,1300,713,0,280,361.76437587657784,111,1677,10292.249649368863
1637175206,1,POST,/,0.000000,0.000000,1900,1900,1900,1900,1900,1900,1900,1900,1900,1900,1900,107,0,730,836.0654205607476,285,2456,10215.757009345794
1637175206,1,GET,/auth/find-friends/,0.600000,0.000000,660,700,770,770,800,800,800,800,800,800,800,936,0,180,244.0438034188034,54,1382,1974.0
1637175206,1,GET,/auth/login/,0.000000,0.000000,0,0,0,0,0,0,0,0,0,0,0,1,0,597,597.0,597,597,2961.0
1637175206,1,POST,/auth/login/,0.000000,0.000000,0,0,0,0,0,0,0,0,0,0,0,111,0,330,520.8828828828829,143,2104,10411.387387387387
1637175206,1,GET,/auth/logout/,0.000000,0.000000,0,0,0,0,0,0,0,0,0,0,0,110,0,100,140.5,8,914,1712.0
1637175206,1,POST,/auth/modify-friend/,0.300000,0.000000,500,500,730,730,730,730,730,730,730,730,730,467,0,220,276.4004282655246,73,1132,1713.0
1637175206,1,GET,/public/,0.300000,0.000000,510,510,940,940,940,940,940,940,940,940,940,468,0,270,344.39102564102564,108,1483,10197.71794871795
1637175206,1,,Aggregated,1.700000,0.000000,530,650,700,730,800,980,980,980,980,980,980,2913,0,240,322.6728458633711,8,2456,5904.0755235152765
1637175207,1,GET,/,0.400000,0.000000,460,460,1300,1300,1300,1300,1300,1300,1300,1300,1300,713,0,280,361.76437587657784,111,1677,10292.249649368863
1637175207,1,POST,/,0.100000,0.000000,1900,1900,1900,1900,1900,1900,1900,1900,1900,1900,1900,107,0,730,836.0654205607476,285,2456,10215.757009345794
1637175207,1,GET,/auth/find-friends/,0.600000,0.000000,660,700,770,770,800,800,800,800,800,800,800,936,0,180,244.0438034188034,54,1382,1974.0
1637175207,1,GET,/auth/login/,0.000000,0.000000,0,0,0,0,0,0,0,0,0,0,0,1,0,597,597.0,597,597,2961.0
1637175207,1,POST,/auth/login/,0.000000,0.000000,0,0,0,0,0,0,0,0,0,0,0,111,0,330,520.8828828828829,143,2104,10411.387387387387
1637175207,1,GET,/auth/logout/,0.000000,0.000000,0,0,0,0,0,0,0,0,0,0,0,110,0,100,140.5,8,914,1712.0
1637175207,1,POST,/auth/modify-friend/,0.300000,0.000000,680,680,730,730,730,730,730,730,730,730,730,468,0,220,277.2564102564103,73,1132,1713.0
1637175207,1,GET,/public/,0.300000,0.000000,500,500,510,510,510,510,510,510,510,510,510,468,0,270,344.39102564102564,108,1483,10197.71794871795
1637175207,1,,Aggregated,1.700000,0.000000,510,650,660,680,730,980,980,980,980,980,980,2914,0,240,322.79444063143444,8,2456,5902.637268359643
1637175208,1,GET,/,0.300000,0.000000,460,500,500,890,890,890,890,890,890,890,890,715,0,280,362.6979020979021,111,1677,10292.461538461539
1637175208,1,POST,/,0.100000,0.000000,980,980,980,980,980,980,980,980,980,980,980,107,0,730,836.0654205607476,285,2456,10215.757009345794
1637175208,1,GET,/auth/find-friends/,0.600000,0.000000,650,650,660,660,700,700,700,700,700,700,700,936,0,180,244.0438034188034,54,1382,1974.0
1637175208,1,GET,/auth/login/,0.000000,0.000000,0,0,0,0,0,0,0,0,0,0,0,1,0,597,597.0,597,597,2961.0
1637175208,1,POST,/auth/login/,0.000000,0.000000,0,0,0,0,0,0,0,0,0,0,0,111,0,330,520.8828828828829,143,2104,10411.387387387387
1637175208,1,GET,/auth/logout/,0.000000,0.000000,0,0,0,0,0,0,0,0,0,0,0,110,0,100,140.5,8,914,1712.0
1637175208,1,POST,/auth/modify-friend/,0.300000,0.000000,680,680,730,730,730,730,730,730,730,730,730,468,0,220,277.2564102564103,73,1132,1713.0
1637175208,1,GET,/public/,0.400000,0.000000,500,500,510,510,510,510,510,510,510,510,510,468,0,270,344.39102564102564,108,1483,10197.71794871795
1637175208,1,,Aggregated,1.700000,0.000000,530,660,680,700,890,980,980,980,980,980,980,2916,0,240,323.0500685871056,8,2456,5905.699931412894
1637175209,1,GET,/,0.300000,0.000000,460,500,500,890,890,890,890,890,890,890,890,715,0,280,362.6979020979021,111,1677,10292.461538461539
1637175209,1,POST,/,0.100000,0.000000,980,980,980,980,980,980,980,980,980,980,980,107,0,730,836.0654205607476,285,2456,10215.757009345794
1637175209,1,GET,/auth/find-friends/,0.800000,0.000000,650,650,660,660,700,700,700,700,700,700,700,936,0,180,244.0438034188034,54,1382,1974.0
1637175209,1,GET,/auth/login/,0.000000,0.000000,0,0,0,0,0,0,0,0,0,0,0,1,0,597,597.0,597,597,2961.0
1637175209,1,POST,/auth/login/,0.000000,0.000000,0,0,0,0,0,0,0,0,0,0,0,111,0,330,520.8828828828829,143,2104,10411.387387387387
1637175209,1,GET,/auth/logout/,0.000000,0.000000,0,0,0,0,0,0,0,0,0,0,0,111,0,110,141.44144144144144,8,914,1712.0
1637175209,1,POST,/auth/modify-friend/,0.300000,0.000000,680,680,730,730,730,730,730,730,730,730,730,468,0,220,277.2564102564103,73,1132,1713.0
1637175209,1,GET,/public/,0.300000,0.000000,510,510,510,510,510,510,510,510,510,510,510,468,0,270,344.39102564102564,108,1483,10197.71794871795
1637175209,1,,Aggregated,1.800000,0.000000,530,660,700,700,890,980,980,980,980,980,980,2917,0,240,323.023311621529,8,2456,5904.262255742201
1637175210,1,GET,/,0.300000,0.000000,460,500,500,890,890,890,890,890,890,890,890,715,0,280,362.6979020979021,111,1677,10292.461538461539
1637175210,1,POST,/,0.100000,0.000000,980,980,980,980,980,980,980,980,980,980,980,107,0,730,836.0654205607476,285,2456,10215.757009345794
1637175210,1,GET,/auth/find-friends/,0.800000,0.000000,660,660,700,700,700,700,700,700,700,700,700,936,0,180,244.0438034188034,54,1382,1974.0
1637175210,1,GET,/auth/login/,0.000000,0.000000,0,0,0,0,0,0,0,0,0,0,0,1,0,597,597.0,597,597,2961.0
1637175210,1,POST,/auth/login/,0.000000,0.000000,0,0,0,0,0,0,0,0,0,0,0,111,0,330,520.8828828828829,143,2104,10411.387387387387
1637175210,1,GET,/auth/logout/,0.000000,0.000000,240,240,240,240,240,240,240,240,240,240,240,111,0,110,141.44144144144144,8,914,1712.0
1637175210,1,POST,/auth/modify-friend/,0.300000,0.000000,680,680,730,730,730,730,730,730,730,730,730,468,0,220,277.2564102564103,73,1132,1713.0
1637175210,1,GET,/public/,0.300000,0.000000,510,510,510,510,510,510,510,510,510,510,510,468,0,270,344.39102564102564,108,1483,10197.71794871795
1637175210,1,,Aggregated,1.800000,0.000000,510,570,680,700,890,980,980,980,980,980,980,2917,0,240,323.023311621529,8,2456,5904.262255742201
1637175211,1,GET,/,0.500000,0.000000,460,500,500,890,890,890,890,890,890,890,890,715,0,280,362.6979020979021,111,1677,10292.461538461539
1637175211,1,POST,/,0.100000,0.000000,980,980,980,980,980,980,980,980,980,980,980,107,0,730,836.0654205607476,285,2456,10215.757009345794
1637175211,1,GET,/auth/find-friends/,0.600000,0.000000,660,660,700,700,700,700,700,700,700,700,700,936,0,180,244.0438034188034,54,1382,1974.0
1637175211,1,GET,/auth/login/,0.000000,0.000000,0,0,0,0,0,0,0,0,0,0,0,1,0,597,597.0,597,597,2961.0
1637175211,1,POST,/auth/login/,0.000000,0.000000,0,0,0,0,0,0,0,0,0,0,0,112,0,330,529.3035714285714,143,2104,10411.11607142857
1637175211,1,GET,/auth/logout/,0.000000,0.000000,240,240,240,240,240,240,240,240,240,240,240,111,0,110,141.44144144144144,8,914,1712.0
1637175211,1,POST,/auth/modify-friend/,0.300000,0.000000,680,680,680,680,680,680,680,680,680,680,680,468,0,220,277.2564102564103,73,1132,1713.0
1637175211,1,GET,/public/,0.200000,0.000000,510,510,510,510,510,510,510,510,510,510,510,468,0,270,344.39102564102564,108,1483,10197.71794871795
1637175211,1,,Aggregated,1.700000,0.000000,570,680,700,890,980,1500,1500,1500,1500,1500,1500,2918,0,240,323.41432488005483,8,2456,5905.79643591501
1637175212,1,GET,/,0.500000,0.000000,890,890,1200,1200,1200,1200,1200,1200,1200,1200,1200,716,0,280,363.87150837988827,111,1677,10291.97625698324
1637175212,1,POST,/,0.100000,0.000000,980,980,980,980,980,980,980,980,980,980,980,107,0,730,836.0654205607476,285,2456,10215.757009345794
1637175212,1,GET,/auth/find-friends/,0.400000,0.000000,660,660,700,700,700,700,700,700,700,700,700,936,0,180,244.0438034188034,54,1382,1974.0
1637175212,1,GET,/auth/login/,0.000000,0.000000,0,0,0,0,0,0,0,0,0,0,0,1,0,597,597.0,597,597,2961.0
1637175212,1,POST,/auth/login/,0.000000,0.000000,1500,1500,1500,1500,1500,1500,1500,1500,1500,1500,1500,112,0,330,529.3035714285714,143,2104,10411.11607142857
1637175212,1,GET,/auth/logout/,0.100000,0.000000,240,240,240,240,240,240,240,240,240,240,240,111,0,110,141.44144144144144,8,914,1712.0
1637175212,1,POST,/auth/modify-friend/,0.300000,0.000000,680,680,680,680,680,680,680,680,680,680,680,468,0,220,277.2564102564103,73,1132,1713.0
1637175212,1,GET,/public/,0.200000,0.000000,510,510,510,510,510,510,510,510,510,510,510,468,0,270,344.39102564102564,108,1483,10197.71794871795
1637175212,1,,Aggregated,1.600000,0.000000,660,700,890,980,1200,1500,1500,1500,1500,1500,1500,2919,0,240,323.7156560465913,8,2456,5907.1801986981845
1637175213,1,GET,/,0.500000,0.000000,610,610,890,890,1200,1200,1200,1200,1200,1200,1200,718,0,280,364.28551532033424,111,1677,10291.532033426183
1637175213,1,POST,/,0.100000,0.000000,980,980,980,980,980,980,980,980,980,980,980,107,0,730,836.0654205607476,285,2456,10215.757009345794
1637175213,1,GET,/auth/find-friends/,0.400000,0.000000,660,660,700,700,700,700,700,700,700,700,700,936,0,180,244.0438034188034,54,1382,1974.0
1637175213,1,GET,/auth/login/,0.000000,0.000000,0,0,0,0,0,0,0,0,0,0,0,1,0,597,597.0,597,597,2961.0
1637175213,1,POST,/auth/login/,0.000000,0.000000,1500,1500,1500,1500,1500,1500,1500,1500,1500,1500,1500,112,0,330,529.3035714285714,143,2104,10411.11607142857
1637175213,1,GET,/auth/logout/,0.100000,0.000000,240,240,240,240,240,240,240,240,240,240,240,111,0,110,141.44144144144144,8,914,1712.0
1637175213,1,POST,/auth/modify-friend/,0.200000,0.000000,680,680,680,680,680,680,680,680,680,680,680,468,0,220,277.2564102564103,73,1132,1713.0
1637175213,1,GET,/public/,0.200000,0.000000,430,430,430,430,430,430,430,430,430,430,430,468,0,270,344.39102564102564,108,1483,10197.71794871795
1637175213,1,,Aggregated,1.500000,0.000000,680,700,980,980,1200,1500,1500,1500,1500,1500,1500,2921,0,240,323.8449161246149,8,2456,5910.073262581308
1637175214,1,GET,/,0.300000,0.000000,610,610,890,890,1200,1200,1200,1200,1200,1200,1200,718,0,280,364.28551532033424,111,1677,10291.532033426183
1637175214,1,POST,/,0.100000,0.000000,980,980,980,980,980,980,980,980,980,980,980,107,0,730,836.0654205607476,285,2456,10215.757009345794
1637175214,1,GET,/auth/find-friends/,0.400000,0.000000,700,700,700,700,700,700,700,700,700,700,700,936,0,180,244.0438034188034,54,1382,1974.0
1637175214,1,GET,/auth/login/,0.000000,0.000000,0,0,0,0,0,0,0,0,0,0,0,1,0,597,597.0,597,597,2961.0
1637175214,1,POST,/auth/login/,0.100000,0.000000,1500,1500,1500,1500,1500,1500,1500,1500,1500,1500,1500,112,0,330,529.3035714285714,143,2104,10411.11607142857
1637175214,1,GET,/auth/logout/,0.100000,0.000000,240,240,240,240,240,240,240,240,240,240,240,111,0,110,141.44144144144144,8,914,1712.0
1637175214,1,POST,/auth/modify-friend/,0.200000,0.000000,680,680,680,680,680,680,680,680,680,680,680,468,0,220,277.2564102564103,73,1132,1713.0
1637175214,1,GET,/public/,0.100000,0.000000,660,660,660,660,660,660,660,660,660,660,660,469,0,270,345.05970149253733,108,1483,10197.336886993604
1637175214,1,,Aggregated,1.300000,0.000000,660,680,890,890,1200,1500,1500,1500,1500,1500,1500,2922,0,240,323.9592744695414,8,2456,5911.479466119096
1637175215,1,GET,/,0.400000,0.000000,610,890,890,1200,1200,1200,1200,1200,1200,1200,1200,718,0,280,364.28551532033424,111,1677,10291.532033426183
1637175215,1,POST,/,0.100000,0.000000,980,980,980,980,980,980,980,980,980,980,980,107,0,730,836.0654205607476,285,2456,10215.757009345794
1637175215,1,GET,/auth/find-friends/,0.300000,0.000000,700,700,780,780,780,780,780,780,780,780,780,938,0,180,244.88272921108742,54,1382,1974.0
1637175215,1,GET,/auth/login/,0.000000,0.000000,0,0,0,0,0,0,0,0,0,0,0,1,0,597,597.0,597,597,2961.0
1637175215,1,POST,/auth/login/,0.100000,0.000000,1500,1500,1500,1500,1500,1500,1500,1500,1500,1500,1500,112,0,330,529.3035714285714,143,2104,10411.11607142857
1637175215,1,GET,/auth/logout/,0.100000,0.000000,240,240,240,240,240,240,240,240,240,240,240,111,0,110,141.44144144144144,8,914,1712.0
1637175215,1,POST,/auth/modify-friend/,0.200000,0.000000,680,680,680,680,680,680,680,680,680,680,680,468,0,220,277.2564102564103,73,1132,1713.0
1637175215,1,GET,/public/,0.100000,0.000000,660,660,660,660,660,660,660,660,660,660,660,469,0,270,345.05970149253733,108,1483,10197.336886993604
1637175215,1,,Aggregated,1.300000,0.000000,660,700,780,890,1200,1500,1500,1500,1500,1500,1500,2924,0,240,324.1737346101231,8,2456,5908.786251709987
1637175216,1,GET,/,0.500000,0.000000,610,610,890,890,1200,1200,1200,1200,1200,1200,1200,719,0,280,364.5104311543811,111,1677,10292.126564673157
1637175216,1,POST,/,0.100000,0.000000,980,980,980,980,980,980,980,980,980,980,980,107,0,730,836.0654205607476,285,2456,10215.757009345794
1637175216,1,GET,/auth/find-friends/,0.200000,0.000000,700,700,780,780,780,780,780,780,780,780,780,938,0,180,244.88272921108742,54,1382,1974.0
1637175216,1,GET,/auth/login/,0.000000,0.000000,0,0,0,0,0,0,0,0,0,0,0,1,0,597,597.0,597,597,2961.0
1637175216,1,POST,/auth/login/,0.100000,0.000000,1500,1500,1500,1500,1500,1500,1500,1500,1500,1500,1500,112,0,330,529.3035714285714,143,2104,10411.11607142857
1637175216,1,GET,/auth/logout/,0.100000,0.000000,240,240,240,240,240,240,240,240,240,240,240,111,0,110,141.44144144144144,8,914,1712.0
1637175216,1,POST,/auth/modify-friend/,0.100000,0.000000,680,680,680,680,680,680,680,680,680,680,680,469,0,220,277.78464818763325,73,1132,1713.0
1637175216,1,GET,/public/,0.100000,0.000000,660,660,660,660,660,660,660,660,660,660,660,469,0,270,345.05970149253733,108,1483,10197.336886993604
1637175216,1,,Aggregated,1.200000,0.000000,610,680,780,890,1200,1500,1500,1500,1500,1500,1500,2926,0,240,324.3113465481887,8,2456,5908.996240601504
1637175217,1,GET,/,0.500000,0.000000,610,610,890,890,1200,1200,1200,1200,1200,1200,1200,719,0,280,364.5104311543811,111,1677,10292.126564673157
1637175217,1,POST,/,0.000000,0.000000,980,980,980,980,980,980,980,980,980,980,980,107,0,730,836.0654205607476,285,2456,10215.757009345794
1637175217,1,GET,/auth/find-friends/,0.200000,0.000000,700,700,780,780,780,780,780,780,780,780,780,938,0,180,244.88272921108742,54,1382,1974.0
1637175217,1,GET,/auth/login/,0.000000,0.000000,0,0,0,0,0,0,0,0,0,0,0,1,0,597,597.0,597,597,2961.0
1637175217,1,POST,/auth/login/,0.100000,0.000000,1500,1500,1500,1500,1500,1500,1500,1500,1500,1500,1500,112,0,330,529.3035714285714,143,2104,10411.11607142857
1637175217,1,GET,/auth/logout/,0.100000,0.000000,360,360,360,360,360,360,360,360,360,360,360,112,0,110,143.38392857142858,8,914,1712.0
1637175217,1,POST,/auth/modify-friend/,0.100000,0.000000,680,680,680,680,680,680,680,680,680,680,680,469,0,220,277.78464818763325,73,1132,1713.0
1637175217,1,GET,/public/,0.200000,0.000000,660,660,660,660,660,660,660,660,660,660,660,469,0,270,345.05970149253733,108,1483,10197.336886993604
1637175217,1,,Aggregated,1.200000,0.000000,530,660,780,890,1200,1500,1500,1500,1500,1500,1500,2927,0,240,324.32319781346087,8,2456,5907.5623505295525
1637175218,1,GET,/,0.500000,0.000000,530,610,890,890,1200,1200,1200,1200,1200,1200,1200,720,0,280,364.41527777777776,111,1677,10292.85
1637175218,1,POST,/,0.000000,0.000000,980,980,980,980,980,980,980,980,980,980,980,107,0,730,836.0654205607476,285,2456,10215.757009345794
1637175218,1,GET,/auth/find-friends/,0.400000,0.000000,700,700,780,780,780,780,780,780,780,780,780,938,0,180,244.88272921108742,54,1382,1974.0
1637175218,1,GET,/auth/login/,0.000000,0.000000,0,0,0,0,0,0,0,0,0,0,0,1,0,597,597.0,597,597,2961.0
1637175218,1,POST,/auth/login/,0.100000,0.000000,1500,1500,1500,1500,1500,1500,1500,1500,1500,1500,1500,113,0,330,527.5132743362832,143,2104,10415.026548672566
1637175218,1,GET,/auth/logout/,0.100000,0.000000,360,360,360,360,360,360,360,360,360,360,360,112,0,110,143.38392857142858,8,914,1712.0
1637175218,1,POST,/auth/modify-friend/,0.100000,0.000000,680,680,680,680,680,680,680,680,680,680,680,469,0,220,277.78464818763325,73,1132,1713.0
1637175218,1,GET,/public/,0.100000,0.000000,660,660,660,660,660,660,660,660,660,660,660,469,0,270,345.05970149253733,108,1483,10197.336886993604
1637175218,1,,Aggregated,1.300000,0.000000,520,610,660,780,1200,1500,1500,1500,1500,1500,1500,2929,0,240,324.3144417890065,8,2456,5910.925571867531
1637175219,1,GET,/,0.600000,0.000000,500,530,610,890,1200,1200,1200,1200,1200,1200,1200,722,0,280,364.04293628808864,111,1677,10294.020775623268
1637175219,1,POST,/,0.000000,0.000000,980,980,980,980,980,980,980,980,980,980,980,107,0,730,836.0654205607476,285,2456,10215.757009345794
1637175219,1,GET,/auth/find-friends/,0.200000,0.000000,660,700,700,780,780,780,780,780,780,780,780,939,0,180,244.79446219382322,54,1382,1974.0
1637175219,1,GET,/auth/login/,0.000000,0.000000,0,0,0,0,0,0,0,0,0,0,0,1,0,597,597.0,597,597,2961.0
1637175219,1,POST,/auth/login/,0.100000,0.000000,1500,1500,1500,1500,1500,1500,1500,1500,1500,1500,1500,113,0,330,527.5132743362832,143,2104,10415.026548672566
1637175219,1,GET,/auth/logout/,0.100000,0.000000,360,360,360,360,360,360,360,360,360,360,360,112,0,110,143.38392857142858,8,914,1712.0
1637175219,1,POST,/auth/modify-friend/,0.200000,0.000000,680,680,680,680,680,680,680,680,680,680,680,469,0,220,277.78464818763325,73,1132,1713.0
1637175219,1,GET,/public/,0.100000,0.000000,660,660,660,660,660,660,660,660,660,660,660,470,0,270,345.0617021276596,108,1483,10197.906382978723
1637175219,1,,Aggregated,1.300000,0.000000,420,530,610,660,1200,1500,1500,1500,1500,1500,1500,2933,0,240,324.2021820661439,8,2456,5914.412205932493
1637175220,1,GET,/,0.600000,0.000000,300,420,530,610,1200,1200,1200,1200,1200,1200,1200,724,0,280,363.5524861878453,111,1677,10294.646408839779
1637175220,1,POST,/,0.000000,0.000000,980,980,980,980,980,980,980,980,980,980,980,107,0,730,836.0654205607476,285,2456,10215.757009345794
1637175220,1,GET,/auth/find-friends/,0.200000,0.000000,490,490,780,780,780,780,780,780,780,780,780,940,0,180,244.69787234042553,54,1382,1974.0
1637175220,1,GET,/auth/login/,0.000000,0.000000,0,0,0,0,0,0,0,0,0,0,0,1,0,597,597.0,597,597,2961.0
1637175220,1,POST,/auth/login/,0.100000,0.000000,1500,1500,1500,1500,1500,1500,1500,1500,1500,1500,1500,113,0,330,527.5132743362832,143,2104,10415.026548672566
1637175220,1,GET,/auth/logout/,0.200000,0.000000,240,240,360,360,360,360,360,360,360,360,360,113,0,110,143.31858407079645,8,914,1712.0
1637175220,1,POST,/auth/modify-friend/,0.100000,0.000000,520,520,680,680,680,680,680,680,680,680,680,470,0,220,277.4617021276596,73,1132,1713.0
1637175220,1,GET,/public/,0.100000,0.000000,660,660,660,660,660,660,660,660,660,660,660,470,0,270,345.0617021276596,108,1483,10197.906382978723
1637175220,1,,Aggregated,1.300000,0.000000,350,490,530,610,780,1200,1500,1500,1500,1500,1500,2938,0,240,323.91899251191285,8,2456,5913.346153846154
1637175221,1,GET,/,0.600000,0.000000,300,420,530,610,1200,1200,1200,1200,1200,1200,1200,724,0,280,363.5524861878453,111,1677,10294.646408839779
1637175221,1,POST,/,0.000000,0.000000,980,980,980,980,980,980,980,980,980,980,980,107,0,730,836.0654205607476,285,2456,10215.757009345794
1637175221,1,GET,/auth/find-friends/,0.200000,0.000000,490,490,780,780,780,780,780,780,780,780,780,940,0,180,244.69787234042553,54,1382,1974.0
1637175221,1,GET,/auth/login/,0.000000,0.000000,0,0,0,0,0,0,0,0,0,0,0,1,0,597,597.0,597,597,2961.0
1637175221,1,POST,/auth/login/,0.100000,0.000000,1500,1500,1500,1500,1500,1500,1500,1500,1500,1500,1500,113,0,330,527.5132743362832,143,2104,10415.026548672566
1637175221,1,GET,/auth/logout/,0.200000,0.000000,240,240,360,360,360,360,360,360,360,360,360,113,0,110,143.31858407079645,8,914,1712.0
1637175221,1,POST,/auth/modify-friend/,0.100000,0.000000,520,520,520,520,520,520,520,520,520,520,520,470,0,220,277.4617021276596,73,1132,1713.0
1637175221,1,GET,/public/,0.100000,0.000000,660,660,660,660,660,660,660,660,660,660,660,470,0,270,345.0617021276596,108,1483,10197.906382978723
1637175221,1,,Aggregated,1.300000,0.000000,350,490,530,610,780,1200,1200,1200,1200,1200,1200,2938,0,240,323.91899251191285,8,2456,5913.346153846154
1637175222,1,GET,/,0.700000,0.000000,240,300,420,530,610,610,610,610,610,610,610,726,0,280,362.8746556473829,111,1677,10294.49173553719
1637175222,1,POST,/,0.000000,0.000000,0,0,0,0,0,0,0,0,0,0,0,108,0,720,831.1666666666666,285,2456,10215.157407407407
1637175222,1,GET,/auth/find-friends/,0.300000,0.000000,160,160,490,490,780,780,780,780,780,780,780,942,0,180,244.30785562632695,54,1382,1974.0
1637175222,1,GET,/auth/login/,0.000000,0.000000,0,0,0,0,0,0,0,0,0,0,0,1,0,597,597.0,597,597,2961.0
1637175222,1,POST,/auth/login/,0.200000,0.000000,330,330,1500,1500,1500,1500,1500,1500,1500,1500,1500,114,0,330,525.078947368421,143,2104,10414.11403508772
1637175222,1,GET,/auth/logout/,0.100000,0.000000,240,240,360,360,360,360,360,360,360,360,360,113,0,110,143.31858407079645,8,914,1712.0
1637175222,1,POST,/auth/modify-friend/,0.100000,0.000000,130,130,520,520,520,520,520,520,520,520,520,471,0,220,277.03609341825904,73,1132,1713.0
1637175222,1,GET,/public/,0.200000,0.000000,350,350,660,660,660,660,660,660,660,660,660,471,0,270,344.5796178343949,108,1483,10197.346072186836
1637175222,1,,Aggregated,1.600000,0.000000,240,330,420,490,610,660,780,780,780,780,780,2946,0,240,323.4158180583843,8,2456,5916.47827562797
1637175223,1,GET,/,0.900000,0.000000,240,420,450,450,530,610,610,610,610,610,610,727,0,280,362.990371389271,111,1677,10294.449793672627
1637175223,1,POST,/,0.000000,0.000000,310,310,310,310,310,310,310,310,310,310,310,108,0,720,831.1666666666666,285,2456,10215.157407407407
1637175223,1,GET,/auth/find-friends/,0.400000,0.000000,160,160,490,490,780,780,780,780,780,780,780,944,0,180,244.03389830508473,54,1382,1974.0
1637175223,1,GET,/auth/login/,0.000000,0.000000,0,0,0,0,0,0,0,0,0,0,0,1,0,597,597.0,597,597,2961.0
1637175223,1,POST,/auth/login/,0.200000,0.000000,330,330,1500,1500,1500,1500,1500,1500,1500,1500,1500,114,0,330,525.078947368421,143,2104,10414.11403508772
1637175223,1,GET,/auth/logout/,0.200000,0.000000,360,360,360,360,360,360,360,360,360,360,360,113,0,110,143.31858407079645,8,914,1712.0
1637175223,1,POST,/auth/modify-friend/,0.200000,0.000000,190,190,520,520,520,520,520,520,520,520,520,472,0,220,276.8474576271187,73,1132,1713.0
1637175223,1,GET,/public/,0.200000,0.000000,350,350,660,660,660,660,660,660,660,660,660,472,0,270,344.125,108,1483,10196.72033898305
1637175223,1,,Aggregated,2.100000,0.000000,190,300,350,450,530,660,780,780,780,780,780,2951,0,240,323.20501524906814,8,2456,5915.205692985429
1637175224,1,GET,/,0.900000,0.000000,220,260,300,300,450,530,530,530,530,530,530,729,0,280,362.5679012345679,111,1677,10294.480109739368
1637175224,1,POST,/,0.000000,0.000000,310,310,310,310,310,310,310,310,310,310,310,108,0,720,831.1666666666666,285,2456,10215.157407407407
1637175224,1,GET,/auth/find-friends/,0.400000,0.000000,160,160,160,490,780,780,780,780,780,780,780,946,0,180,243.86363636363637,54,1382,1974.0
1637175224,1,GET,/auth/login/,0.000000,0.000000,0,0,0,0,0,0,0,0,0,0,0,1,0,597,597.0,597,597,2961.0
1637175224,1,POST,/auth/login/,0.200000,0.000000,330,330,330,330,330,330,330,330,330,330,330,114,0,330,525.078947368421,143,2104,10414.11403508772
1637175224,1,GET,/auth/logout/,0.200000,0.000000,360,360,360,360,360,360,360,360,360,360,360,113,0,110,143.31858407079645,8,914,1712.0
1637175224,1,POST,/auth/modify-friend/,0.200000,0.000000,190,190,520,520,520,520,520,520,520,520,520,472,0,220,276.8474576271187,73,1132,1713.0
1637175224,1,GET,/public/,0.200000,0.000000,220,350,350,660,660,660,660,660,660,660,660,473,0,270,343.85623678646937,108,1483,10196.545454545454
1637175224,1,,Aggregated,2.100000,0.000000,190,250,310,350,490,530,780,780,780,780,780,2956,0,240,322.98376184032475,8,2456,5916.9299729364
1637175225,1,GET,/,1.000000,0.000000,220,240,300,300,450,530,530,530,530,530,530,730,0,280,362.3753424657534,111,1677,10294.739726027397
1637175225,1,POST,/,0.100000,0.000000,310,310,310,310,310,310,310,310,310,310,310,108,0,720,831.1666666666666,285,2456,10215.157407407407
1637175225,1,GET,/auth/find-friends/,0.600000,0.000000,160,160,160,160,490,780,780,780,780,780,780,948,0,180,243.5548523206751,54,1382,1974.0
1637175225,1,GET,/auth/login/,0.000000,0.000000,0,0,0,0,0,0,0,0,0,0,0,1,0,597,597.0,597,597,2961.0
1637175225,1,POST,/auth/login/,0.200000,0.000000,330,330,330,330,330,330,330,330,330,330,330,114,0,330,525.078947368421,143,2104,10414.11403508772
1637175225,1,GET,/auth/logout/,0.200000,0.000000,360,360,360,360,360,360,360,360,360,360,360,113,0,110,143.31858407079645,8,914,1712.0
1637175225,1,POST,/auth/modify-friend/,0.300000,0.000000,180,180,190,190,520,520,520,520,520,520,520,474,0,220,276.36708860759495,73,1132,1713.0
1637175225,1,GET,/public/,0.400000,0.000000,230,230,350,350,660,660,660,660,660,660,660,474,0,270,343.6097046413502,108,1483,10196.74894514768
1637175225,1,,Aggregated,2.800000,0.000000,180,220,250,300,360,520,530,530,530,530,530,2962,0,240,322.6569885212694,8,2456,5914.448345712357
1637175226,1,GET,/,1.000000,0.000000,220,240,260,300,450,530,530,530,530,530,530,732,0,280,361.8743169398907,111,1677,10295.525956284153
1637175226,1,POST,/,0.100000,0.000000,310,310,310,310,310,310,310,310,310,310,310,108,0,720,831.1666666666666,285,2456,10215.157407407407
1637175226,1,GET,/auth/find-friends/,0.800000,0.000000,150,160,160,160,490,780,780,780,780,780,780,950,0,180,243.27157894736843,54,1382,1974.0
1637175226,1,GET,/auth/login/,0.000000,0.000000,0,0,0,0,0,0,0,0,0,0,0,1,0,597,597.0,597,597,2961.0
1637175226,1,POST,/auth/login/,0.200000,0.000000,330,330,330,330,330,330,330,330,330,330,330,114,0,330,525.078947368421,143,2104,10414.11403508772
1637175226,1,GET,/auth/logout/,0.200000,0.000000,360,360,360,360,360,360,360,360,360,360,360,113,0,110,143.31858407079645,8,914,1712.0
1637175226,1,POST,/auth/modify-friend/,0.400000,0.000000,180,180,190,190,520,520,520,520,520,520,520,475,0,220,276.1747368421053,73,1132,1713.0
1637175226,1,GET,/public/,0.400000,0.000000,220,220,230,230,350,350,350,350,350,350,350,475,0,270,343.25684210526316,108,1483,10196.833684210525
1637175226,1,,Aggregated,3.100000,0.000000,160,190,230,240,310,350,450,450,450,450,450,2968,0,240,322.3204177897574,8,2456,5914.979447439353
1637175227,1,GET,/,1.100000,0.000000,220,240,260,300,360,450,450,450,450,450,450,733,0,280,361.86630286493863,111,1677,10295.798090040927
1637175227,1,POST,/,0.100000,0.000000,310,310,310,310,310,310,310,310,310,310,310,108,0,720,831.1666666666666,285,2456,10215.157407407407
1637175227,1,GET,/auth/find-friends/,1.000000,0.000000,130,160,160,160,160,160,160,160,160,160,160,952,0,180,243.03571428571428,54,1382,1974.0
1637175227,1,GET,/auth/login/,0.000000,0.000000,0,0,0,0,0,0,0,0,0,0,0,1,0,597,597.0,597,597,2961.0
1637175227,1,POST,/auth/login/,0.200000,0.000000,330,330,330,330,330,330,330,330,330,330,330,114,0,330,525.078947368421,143,2104,10414.11403508772
1637175227,1,GET,/auth/logout/,0.200000,0.000000,360,360,360,360,360,360,360,360,360,360,360,113,0,110,143.31858407079645,8,914,1712.0
1637175227,1,POST,/auth/modify-friend/,0.400000,0.000000,180,180,190,190,520,520,520,520,520,520,520,476,0,220,275.9726890756302,73,1132,1713.0
1637175227,1,GET,/public/,0.400000,0.000000,180,220,230,230,350,350,350,350,350,350,350,476,0,260,342.8382352941176,108,1483,10196.97899159664
1637175227,1,,Aggregated,3.400000,0.000000,160,190,220,230,310,350,450,450,450,450,450,2973,0,240,322.09519004372686,8,2456,5913.918937100571
1637175229,1,GET,/,1.200000,0.000000,190,230,260,260,360,450,450,450,450,450,450,733,0,280,361.86630286493863,111,1677,10295.798090040927
1637175229,1,POST,/,0.100000,0.000000,310,310,310,310,310,310,310,310,310,310,310,108,0,720,831.1666666666666,285,2456,10215.157407407407
1637175229,1,GET,/auth/find-friends/,1.000000,0.000000,120,150,160,160,160,160,160,160,160,160,160,954,0,180,242.81446540880503,54,1382,1974.0
1637175229,1,GET,/auth/login/,0.000000,0.000000,0,0,0,0,0,0,0,0,0,0,0,1,0,597,597.0,597,597,2961.0
1637175229,1,POST,/auth/login/,0.200000,0.000000,250,250,250,250,250,250,250,250,250,250,250,114,0,330,525.078947368421,143,2104,10414.11403508772
1637175229,1,GET,/auth/logout/,0.200000,0.000000,140,140,140,140,140,140,140,140,140,140,140,113,0,110,143.31858407079645,8,914,1712.0
1637175229,1,POST,/auth/modify-friend/,0.600000,0.000000,180,180,190,190,210,210,210,210,210,210,210,477,0,220,275.8280922431866,73,1132,1713.0
1637175229,1,GET,/public/,0.600000,0.000000,220,230,280,290,350,350,350,350,350,350,350,478,0,270,342.592050209205,108,1483,10197.47489539749
1637175229,1,,Aggregated,3.900000,0.000000,160,180,210,230,280,310,450,450,450,450,450,2978,0,240,321.9069845533915,8,2456,5912.818334452652
1637175230,1,GET,/,1.300000,0.000000,190,230,260,260,360,450,450,450,450,450,450,733,0,280,361.86630286493863,111,1677,10295.798090040927
1637175230,1,POST,/,0.100000,0.000000,310,310,310,310,310,310,310,310,310,310,310,108,0,720,831.1666666666666,285,2456,10215.157407407407
1637175230,1,GET,/auth/find-friends/,1.200000,0.000000,120,160,160,160,160,190,190,190,190,190,190,958,0,180,242.40187891440502,54,1382,1974.0
1637175230,1,GET,/auth/login/,0.000000,0.000000,0,0,0,0,0,0,0,0,0,0,0,1,0,597,597.0,597,597,2961.0
1637175230,1,POST,/auth/login/,0.200000,0.000000,250,250,250,250,250,250,250,250,250,250,250,114,0,330,525.078947368421,143,2104,10414.11403508772
1637175230,1,GET,/auth/logout/,0.200000,0.000000,140,140,140,140,140,140,140,140,140,140,140,113,0,110,143.31858407079645,8,914,1712.0
1637175230,1,POST,/auth/modify-friend/,0.600000,0.000000,180,180,180,190,210,210,210,210,210,210,210,479,0,220,275.31941544885177,73,1132,1713.0
1637175230,1,GET,/public/,0.600000,0.000000,180,220,230,280,290,290,290,290,290,290,290,479,0,270,342.2630480167015,108,1483,10197.603340292275
1637175230,1,,Aggregated,4.200000,0.000000,160,180,210,220,280,310,450,450,450,450,450,2985,0,240,321.5102177554439,8,2456,5906.182244556114
1637175231,1,GET,/,1.400000,0.000000,160,220,260,260,360,450,450,450,450,450,450,736,0,280,360.85733695652175,111,1677,10297.244565217392
1637175231,1,POST,/,0.100000,0.000000,310,310,310,310,310,310,310,310,310,310,310,109,0,720,826.2018348623853,285,2456,10219.284403669724
1637175231,1,GET,/auth/find-friends/,1.400000,0.000000,120,160,160,160,160,190,190,190,190,190,190,960,0,180,242.02291666666667,54,1382,1974.0
1637175231,1,GET,/auth/login/,0.000000,0.000000,0,0,0,0,0,0,0,0,0,0,0,1,0,597,597.0,597,597,2961.0
1637175231,1,POST,/auth/login/,0.200000,0.000000,250,250,250,250,250,250,250,250,250,250,250,114,0,330,525.078947368421,143,2104,10414.11403508772
1637175231,1,GET,/auth/logout/,0.100000,0.000000,140,140,140,140,140,140,140,140,140,140,140,113,0,110,143.31858407079645,8,914,1712.0
1637175231,1,POST,/auth/modify-friend/,0.700000,0.000000,180,180,180,190,210,210,210,210,210,210,210,480,0,220,274.90833333333336,73,1132,1713.0
1637175231,1,GET,/public/,0.700000,0.000000,180,220,230,280,290,290,290,290,290,290,290,480,0,260,341.79583333333335,108,1483,10197.922916666666
1637175231,1,,Aggregated,4.600000,0.000000,160,180,190,220,280,310,360,450,450,450,450,2993,0,240,320.9682592716338,8,2456,5909.984296692282
1637175232,1,GET,/,1.200000,0.000000,160,230,260,260,360,450,450,450,450,450,450,737,0,280,360.5223880597015,111,1677,10297.670284938942
1637175232,1,POST,/,0.100000,0.000000,310,310,310,310,310,310,310,310,310,310,310,109,0,720,826.2018348623853,285,2456,10219.284403669724
1637175232,1,GET,/auth/find-friends/,1.600000,0.000000,120,150,160,160,160,160,190,190,190,190,190,964,0,180,241.3558091286307,54,1382,1974.0
1637175232,1,GET,/auth/login/,0.000000,0.000000,0,0,0,0,0,0,0,0,0,0,0,1,0,597,597.0,597,597,2961.0
1637175232,1,POST,/auth/login/,0.100000,0.000000,250,250,250,250,250,250,250,250,250,250,250,114,0,330,525.078947368421,143,2104,10414.11403508772
1637175232,1,GET,/auth/logout/,0.100000,0.000000,140,140,140,140,140,140,140,140,140,140,140,113,0,110,143.31858407079645,8,914,1712.0
1637175232,1,POST,/auth/modify-friend/,0.800000,0.000000,180,180,180,180,190,210,210,210,210,210,210,482,0,220,274.1307053941909,73,1132,1713.0
1637175232,1,GET,/public/,0.900000,0.000000,180,180,230,230,280,290,290,290,290,290,290,482,0,260,340.9045643153527,108,1483,10198.396265560166
1637175232,1,,Aggregated,4.800000,0.000000,140,180,180,210,260,290,360,450,450,450,450,3002,0,240,320.29513657561625,8,2456,5906.442371752165
1637175233,1,GET,/,1.100000,0.000000,220,230,260,270,360,360,360,360,360,360,360,738,0,280,360.39566395663957,111,1677,10298.21544715447
1637175233,1,POST,/,0.100000,0.000000,310,310,310,310,310,310,310,310,310,310,310,109,0,720,826.2018348623853,285,2456,10219.284403669724
1637175233,1,GET,/auth/find-friends/,1.900000,0.000000,120,150,160,160,160,190,190,190,190,190,190,964,0,180,241.3558091286307,54,1382,1974.0
1637175233,1,GET,/auth/login/,0.000000,0.000000,0,0,0,0,0,0,0,0,0,0,0,1,0,597,597.0,597,597,2961.0
1637175233,1,POST,/auth/login/,0.100000,0.000000,250,250,250,250,250,250,250,250,250,250,250,114,0,330,525.078947368421,143,2104,10414.11403508772
1637175233,1,GET,/auth/logout/,0.100000,0.000000,140,140,140,140,140,140,140,140,140,140,140,114,0,110,142.21052631578948,8,914,1712.0
1637175233,1,POST,/auth/modify-friend/,1.000000,0.000000,180,180,180,180,190,210,210,210,210,210,210,482,0,220,274.1307053941909,73,1132,1713.0
1637175233,1,GET,/public/,0.900000,0.000000,180,220,230,280,290,290,290,290,290,290,290,482,0,260,340.9045643153527,108,1483,10198.396265560166
1637175233,1,,Aggregated,5.200000,0.000000,140,180,180,210,260,290,290,360,360,360,360,3004,0,240,320.176431424767,8,2456,5906.641810918775
1637175234,1,GET,/,1.200000,0.000000,130,220,230,270,360,360,360,360,360,360,360,738,0,280,360.39566395663957,111,1677,10298.21544715447
1637175234,1,POST,/,0.200000,0.000000,310,310,310,310,310,310,310,310,310,310,310,109,0,720,826.2018348623853,285,2456,10219.284403669724
1637175234,1,GET,/auth/find-friends/,2.000000,0.000000,110,130,160,160,160,190,190,190,190,190,190,966,0,180,241.12525879917183,54,1382,1974.0
1637175234,1,GET,/auth/login/,0.000000,0.000000,0,0,0,0,0,0,0,0,0,0,0,1,0,597,597.0,597,597,2961.0
1637175234,1,POST,/auth/login/,0.100000,0.000000,250,250,250,250,250,250,250,250,250,250,250,115,0,330,522.408695652174,143,2104,10414.878260869566
1637175234,1,GET,/auth/logout/,0.000000,0.000000,140,140,140,140,140,140,140,140,140,140,140,114,0,110,142.21052631578948,8,914,1712.0
1637175234,1,POST,/auth/modify-friend/,1.000000,0.000000,140,180,180,180,180,210,210,210,210,210,210,483,0,220,273.81573498964804,73,1132,1713.0
1637175234,1,GET,/public/,1.000000,0.000000,180,180,230,280,290,290,290,290,290,290,290,483,0,260,340.57556935817803,108,1483,10198.821946169772
1637175234,1,,Aggregated,5.500000,0.000000,130,160,180,190,230,290,290,360,360,360,360,3009,0,240,319.90428713858427,8,2456,5905.656031904287
1637175235,1,GET,/,1.200000,0.000000,180,190,220,230,270,360,360,360,360,360,360,743,0,280,359.20457604306864,111,1677,10299.448183041723
1637175235,1,POST,/,0.100000,0.000000,310,310,310,310,310,310,310,310,310,310,310,109,0,720,826.2018348623853,285,2456,10219.284403669724
1637175235,1,GET,/auth/find-friends/,2.200000,0.000000,110,130,160,160,160,190,190,190,190,190,190,967,0,180,240.93795243019648,54,1382,1974.0
1637175235,1,GET,/auth/login/,0.000000,0.000000,0,0,0,0,0,0,0,0,0,0,0,1,0,597,597.0,597,597,2961.0
1637175235,1,POST,/auth/login/,0.000000,0.000000,250,250,250,250,250,250,250,250,250,250,250,115,0,330,522.408695652174,143,2104,10414.878260869566
1637175235,1,GET,/auth/logout/,0.100000,0.000000,140,140,140,140,140,140,140,140,140,140,140,114,0,110,142.21052631578948,8,914,1712.0
1637175235,1,POST,/auth/modify-friend/,1.100000,0.000000,120,180,180,180,210,210,210,210,210,210,210,483,0,220,273.81573498964804,73,1132,1713.0
1637175235,1,GET,/public/,1.000000,0.000000,180,180,230,230,280,290,290,290,290,290,290,484,0,260,340.1115702479339,108,1483,10199.035123966942
1637175235,1,,Aggregated,5.700000,0.000000,130,160,180,190,230,290,290,360,360,360,360,3016,0,240,319.5242042440318,8,2456,5913.395888594165
1637175236,1,GET,/,1.000000,0.000000,160,190,190,220,270,360,360,360,360,360,360,746,0,280,358.29490616621985,111,1677,10300.860589812333
1637175236,1,POST,/,0.100000,0.000000,310,310,310,310,310,310,310,310,310,310,310,110,0,720,821.4909090909091,285,2456,10223.081818181818
1637175236,1,GET,/auth/find-friends/,2.200000,0.000000,110,120,160,160,160,190,190,190,190,190,190,968,0,180,240.75619834710744,54,1382,1974.0
1637175236,1,GET,/auth/login/,0.000000,0.000000,0,0,0,0,0,0,0,0,0,0,0,1,0,597,597.0,597,597,2961.0
1637175236,1,POST,/auth/login/,0.100000,0.000000,250,250,250,250,250,250,250,250,250,250,250,115,0,330,522.408695652174,143,2104,10414.878260869566
1637175236,1,GET,/auth/logout/,0.100000,0.000000,17,17,17,17,17,17,17,17,17,17,17,114,0,110,142.21052631578948,8,914,1712.0
1637175236,1,POST,/auth/modify-friend/,1.100000,0.000000,120,120,180,180,210,210,210,210,210,210,210,484,0,220,273.40909090909093,73,1132,1713.0
1637175236,1,GET,/public/,1.100000,0.000000,140,180,180,280,290,290,290,290,290,290,290,485,0,260,339.7092783505155,108,1483,10199.298969072164
1637175236,1,,Aggregated,5.700000,0.000000,120,160,180,190,270,290,310,360,360,360,360,3023,0,240,319.1131326496857,8,2456,5918.427059212702
1637175237,1,GET,/,1.000000,0.000000,160,190,220,250,270,360,360,360,360,360,360,747,0,280,358.1539491298527,111,1677,10301.10174029451
1637175237,1,POST,/,0.100000,0.000000,310,310,310,310,310,310,310,310,310,310,310,110,0,720,821.4909090909091,285,2456,10223.081818181818
1637175237,1,GET,/auth/find-friends/,2.200000,0.000000,120,150,160,160,170,190,190,190,190,190,190,970,0,180,240.59587628865978,54,1382,1974.0
1637175237,1,GET,/auth/login/,0.000000,0.000000,0,0,0,0,0,0,0,0,0,0,0,1,0,597,597.0,597,597,2961.0
1637175237,1,POST,/auth/login/,0.100000,0.000000,220,220,220,220,220,220,220,220,220,220,220,115,0,330,522.408695652174,143,2104,10414.878260869566
1637175237,1,GET,/auth/logout/,0.100000,0.000000,17,17,17,17,17,17,17,17,17,17,17,114,0,110,142.21052631578948,8,914,1712.0
1637175237,1,POST,/auth/modify-friend/,1.100000,0.000000,120,120,180,190,210,210,210,210,210,210,210,485,0,220,273.2371134020619,73,1132,1713.0
1637175237,1,GET,/public/,1.100000,0.000000,180,180,180,280,290,290,290,290,290,290,290,486,0,260,339.3744855967078,108,1483,10199.405349794239
1637175237,1,,Aggregated,5.700000,0.000000,130,170,180,190,250,290,290,310,310,310,310,3028,0,240,318.89861294583886,8,2456,5917.3705416116245
1637175238,1,GET,/,1.400000,0.000000,160,180,190,220,250,270,270,270,270,270,270,748,0,280,357.8983957219251,111,1677,10301.422459893049
1637175238,1,POST,/,0.100000,0.000000,310,310,310,310,310,310,310,310,310,310,310,110,0,720,821.4909090909091,285,2456,10223.081818181818
1637175238,1,GET,/auth/find-friends/,2.000000,0.000000,110,150,160,160,170,190,190,190,190,190,190,973,0,180,240.26104830421377,54,1382,1974.0
1637175238,1,GET,/auth/login/,0.000000,0.000000,0,0,0,0,0,0,0,0,0,0,0,1,0,597,597.0,597,597,2961.0
1637175238,1,POST,/auth/login/,0.100000,0.000000,220,220,220,220,220,220,220,220,220,220,220,115,0,330,522.408695652174,143,2104,10414.878260869566
1637175238,1,GET,/auth/logout/,0.100000,0.000000,17,17,17,17,17,17,17,17,17,17,17,114,0,110,142.21052631578948,8,914,1712.0
1637175238,1,POST,/auth/modify-friend/,1.100000,0.000000,120,120,180,180,190,190,190,190,190,190,190,486,0,220,273.0432098765432,73,1132,1713.0
1637175238,1,GET,/public/,1.100000,0.000000,140,170,180,180,180,180,180,180,180,180,180,487,0,260,339.02258726899385,108,1483,10199.35112936345
1637175238,1,,Aggregated,5.900000,0.000000,130,160,180,180,220,270,290,310,310,310,310,3034,0,240,318.56789716545813,8,2456,5915.012195121952
1637175239,1,GET,/,1.500000,0.000000,180,190,220,220,270,380,380,380,380,380,380,751,0,280,357.52862849533955,111,1677,10301.496671105193
1637175239,1,POST,/,0.200000,0.000000,310,310,310,310,310,310,310,310,310,310,310,110,0,720,821.4909090909091,285,2456,10223.081818181818
1637175239,1,GET,/auth/find-friends/,2.000000,0.000000,110,150,160,160,170,170,170,170,170,170,170,974,0,180,240.18788501026694,54,1382,1974.0
1637175239,1,GET,/auth/login/,0.000000,0.000000,0,0,0,0,0,0,0,0,0,0,0,1,0,597,597.0,597,597,2961.0
1637175239,1,POST,/auth/login/,0.100000,0.000000,220,220,220,220,220,220,220,220,220,220,220,115,0,330,522.408695652174,143,2104,10414.878260869566
1637175239,1,GET,/auth/logout/,0.100000,0.000000,17,17,17,17,17,17,17,17,17,17,17,114,0,110,142.21052631578948,8,914,1712.0
1637175239,1,POST,/auth/modify-friend/,1.000000,0.000000,120,120,180,180,190,190,190,190,190,190,190,487,0,220,272.7371663244353,73,1132,1713.0
1637175239,1,GET,/public/,1.100000,0.000000,140,170,180,180,180,180,180,180,180,180,180,487,0,260,339.02258726899385,108,1483,10199.35112936345
1637175239,1,,Aggregated,6.000000,0.000000,140,170,180,190,220,290,310,380,380,380,380,3039,0,240,318.40210595590656,8,2456,5916.6811451135245
1637175240,1,GET,/,1.500000,0.000000,190,220,220,240,270,380,380,380,380,380,380,755,0,280,356.7059602649007,111,1677,10302.53642384106
1637175240,1,POST,/,0.200000,0.000000,310,310,310,310,310,310,310,310,310,310,310,110,0,720,821.4909090909091,285,2456,10223.081818181818
1637175240,1,GET,/auth/find-friends/,2.100000,0.000000,120,160,160,160,170,170,170,170,170,170,170,974,0,180,240.18788501026694,54,1382,1974.0
1637175240,1,GET,/auth/login/,0.000000,0.000000,0,0,0,0,0,0,0,0,0,0,0,1,0,597,597.0,597,597,2961.0
1637175240,1,POST,/auth/login/,0.100000,0.000000,220,220,220,220,220,220,220,220,220,220,220,115,0,330,522.408695652174,143,2104,10414.878260869566
1637175240,1,GET,/auth/logout/,0.100000,0.000000,17,17,17,17,17,17,17,17,17,17,17,114,0,110,142.21052631578948,8,914,1712.0
1637175240,1,POST,/auth/modify-friend/,1.000000,0.000000,120,120,180,180,190,190,190,190,190,190,190,487,0,220,272.7371663244353,73,1132,1713.0
1637175240,1,GET,/public/,1.100000,0.000000,170,180,180,180,190,190,190,190,190,190,190,488,0,260,338.7172131147541,108,1483,10199.831967213115
1637175240,1,,Aggregated,6.100000,0.000000,160,180,190,190,220,270,310,380,380,380,380,3044,0,230,318.2072930354796,8,2456,5924.184954007885
1637175241,1,GET,/,1.500000,0.000000,190,220,240,240,270,380,380,380,380,380,380,756,0,280,356.55026455026456,111,1677,10303.015873015873
1637175241,1,POST,/,0.200000,0.000000,310,310,310,310,310,310,310,310,310,310,310,110,0,720,821.4909090909091,285,2456,10223.081818181818
1637175241,1,GET,/auth/find-friends/,2.100000,0.000000,150,160,160,160,170,170,170,170,170,170,170,976,0,180,240.0297131147541,54,1382,1974.0
1637175241,1,GET,/auth/login/,0.000000,0.000000,0,0,0,0,0,0,0,0,0,0,0,1,0,597,597.0,597,597,2961.0
1637175241,1,POST,/auth/login/,0.100000,0.000000,220,220,220,220,220,220,220,220,220,220,220,115,0,330,522.408695652174,143,2104,10414.878260869566
1637175241,1,GET,/auth/logout/,0.100000,0.000000,17,17,17,17,17,17,17,17,17,17,17,114,0,110,142.21052631578948,8,914,1712.0
1637175241,1,POST,/auth/modify-friend/,1.000000,0.000000,120,180,190,190,190,190,190,190,190,190,190,488,0,220,272.57377049180326,73,1132,1713.0
1637175241,1,GET,/public/,1.100000,0.000000,170,180,180,180,190,190,190,190,190,190,190,488,0,260,338.7172131147541,108,1483,10199.831967213115
1637175241,1,,Aggregated,6.100000,0.000000,170,190,190,220,240,270,380,380,380,380,380,3048,0,230,318.0383858267717,8,2456,5921.766732283465
1637175242,1,GET,/,2.200000,0.000000,190,220,240,240,270,380,380,380,380,380,380,758,0,280,356.34168865435356,111,1677,10304.023746701847
1637175242,1,POST,/,0.200000,0.000000,310,310,310,310,310,310,310,310,310,310,310,110,0,720,821.4909090909091,285,2456,10223.081818181818
1637175242,1,GET,/auth/find-friends/,1.600000,0.000000,160,160,170,170,170,180,180,180,180,180,180,978,0,180,239.83026584867076,54,1382,1974.0
1637175242,1,GET,/auth/login/,0.000000,0.000000,0,0,0,0,0,0,0,0,0,0,0,1,0,597,597.0,597,597,2961.0
1637175242,1,POST,/auth/login/,0.100000,0.000000,220,220,220,220,220,220,220,220,220,220,220,115,0,330,522.408695652174,143,2104,10414.878260869566
1637175242,1,GET,/auth/logout/,0.100000,0.000000,17,17,17,17,17,17,17,17,17,17,17,114,0,110,142.21052631578948,8,914,1712.0
1637175242,1,POST,/auth/modify-friend/,0.800000,0.000000,180,180,190,190,190,190,190,190,190,190,190,489,0,220,272.37832310838445,73,1132,1713.0
1637175242,1,GET,/public/,0.800000,0.000000,170,180,180,180,190,190,190,190,190,190,190,489,0,260,338.36196319018404,108,1483,10200.284253578731
1637175242,1,,Aggregated,5.800000,0.000000,170,180,190,220,240,310,380,380,380,380,380,3054,0,230,317.80058939096267,8,2456,5922.395874263261
1637175243,1,GET,/,2.000000,0.000000,190,220,220,240,250,380,380,380,380,380,380,759,0,280,356.09222661396575,111,1677,10304.359683794466
1637175243,1,POST,/,0.100000,0.000000,420,420,420,420,420,420,420,420,420,420,420,111,0,720,817.8558558558559,285,2456,10224.846846846847
1637175243,1,GET,/auth/find-friends/,1.600000,0.000000,160,160,170,170,170,180,180,180,180,180,180,980,0,180,239.47040816326532,54,1382,1974.0
1637175243,1,GET,/auth/login/,0.000000,0.000000,0,0,0,0,0,0,0,0,0,0,0,1,0,597,597.0,597,597,2961.0
1637175243,1,POST,/auth/login/,0.100000,0.000000,220,220,220,220,220,220,220,220,220,220,220,115,0,330,522.408695652174,143,2104,10414.878260869566
1637175243,1,GET,/auth/logout/,0.100000,0.000000,17,17,17,17,17,17,17,17,17,17,17,114,0,110,142.21052631578948,8,914,1712.0
1637175243,1,POST,/auth/modify-friend/,0.800000,0.000000,180,180,190,190,190,190,190,190,190,190,190,490,0,220,271.98163265306124,73,1132,1713.0
1637175243,1,GET,/public/,0.800000,0.000000,170,180,190,190,230,230,230,230,230,230,230,490,0,260,338.14285714285717,108,1483,10200.144897959184
1637175243,1,,Aggregated,5.500000,0.000000,170,180,190,220,240,380,380,420,420,420,420,3060,0,230,317.5111111111111,8,2456,5922.8
1637175244,1,GET,/,2.000000,0.000000,180,220,240,250,380,380,380,380,380,380,380,762,0,280,355.38582677165357,111,1677,10304.620734908136
1637175244,1,POST,/,0.100000,0.000000,420,420,420,420,420,420,420,420,420,420,420,111,0,720,817.8558558558559,285,2456,10224.846846846847
1637175244,1,GET,/auth/find-friends/,1.600000,0.000000,120,160,170,170,170,180,180,180,180,180,180,982,0,170,239.10285132382893,54,1382,1974.0
1637175244,1,GET,/auth/login/,0.000000,0.000000,0,0,0,0,0,0,0,0,0,0,0,1,0,597,597.0,597,597,2961.0
1637175244,1,POST,/auth/login/,0.100000,0.000000,220,220,220,220,220,220,220,220,220,220,220,115,0,330,522.408695652174,143,2104,10414.878260869566
1637175244,1,GET,/auth/logout/,0.100000,0.000000,17,17,17,17,17,17,17,17,17,17,17,114,0,110,142.21052631578948,8,914,1712.0
1637175244,1,POST,/auth/modify-friend/,0.800000,0.000000,180,180,190,190,190,190,190,190,190,190,190,491,0,220,271.58452138492873,73,1132,1713.0
1637175244,1,GET,/public/,0.800000,0.000000,170,180,190,190,230,230,230,230,230,230,230,491,0,260,337.6883910386965,108,1483,10200.081466395111
1637175244,1,,Aggregated,5.500000,0.000000,170,180,190,220,250,380,380,420,420,420,420,3067,0,230,317.0603195304858,8,2456,5924.587544832083
1637175245,1,GET,/,2.100000,0.000000,220,240,250,250,380,380,380,380,380,380,380,762,0,280,355.38582677165357,111,1677,10304.620734908136
1637175245,1,POST,/,0.200000,0.000000,420,420,430,430,430,430,430,430,430,430,430,112,0,720,814.4017857142857,285,2456,10225.625
1637175245,1,GET,/auth/find-friends/,1.600000,0.000000,150,160,170,170,170,180,180,180,180,180,180,984,0,170,238.8821138211382,54,1382,1974.0
1637175245,1,GET,/auth/login/,0.000000,0.000000,0,0,0,0,0,0,0,0,0,0,0,1,0,597,597.0,597,597,2961.0
1637175245,1,POST,/auth/login/,0.100000,0.000000,220,220,220,220,220,220,220,220,220,220,220,115,0,330,522.408695652174,143,2104,10414.878260869566
1637175245,1,GET,/auth/logout/,0.000000,0.000000,17,17,17,17,17,17,17,17,17,17,17,114,0,110,142.21052631578948,8,914,1712.0
1637175245,1,POST,/auth/modify-friend/,0.700000,0.000000,180,190,190,190,270,270,270,270,270,270,270,492,0,220,271.5894308943089,73,1132,1713.0
1637175245,1,GET,/public/,0.800000,0.000000,180,190,230,230,230,230,230,230,230,230,230,492,0,250,337.469512195122,108,1483,10199.78455284553
1637175245,1,,Aggregated,5.500000,0.000000,170,190,220,230,280,380,430,430,430,430,430,3072,0,230,316.93359375,8,2456,5923.4169921875
1637175246,1,GET,/,2.100000,0.000000,190,220,240,240,380,380,380,380,380,380,380,765,0,280,354.58169934640523,111,1677,10305.237908496732
1637175246,1,POST,/,0.200000,0.000000,420,420,430,430,430,430,430,430,430,430,430,112,0,720,814.4017857142857,285,2456,10225.625
1637175246,1,GET,/auth/find-friends/,1.600000,0.000000,120,160,160,170,170,180,180,180,180,180,180,984,0,170,238.8821138211382,54,1382,1974.0
1637175246,1,GET,/auth/login/,0.000000,0.000000,0,0,0,0,0,0,0,0,0,0,0,1,0,597,597.0,597,597,2961.0
1637175246,1,POST,/auth/login/,0.100000,0.000000,220,220,220,220,220,220,220,220,220,220,220,115,0,330,522.408695652174,143,2104,10414.878260869566
1637175246,1,GET,/auth/logout/,0.000000,0.000000,17,17,17,17,17,17,17,17,17,17,17,115,0,110,141.0608695652174,8,914,1712.0
1637175246,1,POST,/auth/modify-friend/,0.700000,0.000000,180,180,190,190,270,270,270,270,270,270,270,492,0,220,271.5894308943089,73,1132,1713.0
1637175246,1,GET,/public/,0.800000,0.000000,190,190,230,230,230,230,230,230,230,230,230,492,0,250,337.469512195122,108,1483,10199.78455284553
1637175246,1,,Aggregated,5.500000,0.000000,170,180,220,230,280,380,430,430,430,430,430,3076,0,230,316.67132639791936,8,2456,5926.4743172951885
1637175247,1,GET,/,2.400000,0.000000,190,220,240,240,380,380,380,380,380,380,380,766,0,280,354.33942558746736,111,1677,10305.246736292429
1637175247,1,POST,/,0.200000,0.000000,420,420,430,430,430,430,430,430,430,430,430,112,0,720,814.4017857142857,285,2456,10225.625
1637175247,1,GET,/auth/find-friends/,1.600000,0.000000,110,160,170,170,170,180,180,180,180,180,180,984,0,170,238.8821138211382,54,1382,1974.0
1637175247,1,GET,/auth/login/,0.000000,0.000000,0,0,0,0,0,0,0,0,0,0,0,1,0,597,597.0,597,597,2961.0
1637175247,1,POST,/auth/login/,0.000000,0.000000,220,220,220,220,220,220,220,220,220,220,220,116,0,300,519.7672413793103,143,2104,10414.405172413793
1637175247,1,GET,/auth/logout/,0.000000,0.000000,17,17,17,17,17,17,17,17,17,17,17,115,0,110,141.0608695652174,8,914,1712.0
1637175247,1,POST,/auth/modify-friend/,0.800000,0.000000,180,180,190,190,270,270,270,270,270,270,270,492,0,220,271.5894308943089,73,1132,1713.0
1637175247,1,GET,/public/,0.800000,0.000000,190,190,230,230,230,230,230,230,230,230,230,492,0,250,337.469512195122,108,1483,10199.78455284553
1637175247,1,,Aggregated,5.800000,0.000000,170,190,220,230,280,380,430,430,430,430,430,3078,0,230,316.5906432748538,8,2456,5929.33950617284
1637175248,1,GET,/,1.900000,0.000000,170,210,220,240,280,380,380,380,380,380,380,771,0,280,353.0453955901427,111,1677,10305.290531776913
1637175248,1,POST,/,0.300000,0.000000,430,430,430,430,430,430,430,430,430,430,430,112,0,720,814.4017857142857,285,2456,10225.625
1637175248,1,GET,/auth/find-friends/,1.800000,0.000000,110,160,170,170,170,180,180,180,180,180,180,984,0,170,238.8821138211382,54,1382,1974.0
1637175248,1,GET,/auth/login/,0.000000,0.000000,0,0,0,0,0,0,0,0,0,0,0,1,0,597,597.0,597,597,2961.0
1637175248,1,POST,/auth/login/,0.000000,0.000000,220,220,220,220,220,220,220,220,220,220,220,116,0,300,519.7672413793103,143,2104,10414.405172413793
1637175248,1,GET,/auth/logout/,0.000000,0.000000,11,11,11,11,11,11,11,11,11,11,11,116,0,100,139.93965517241378,8,914,1712.0
1637175248,1,POST,/auth/modify-friend/,0.800000,0.000000,180,180,190,190,270,270,270,270,270,270,270,492,0,220,271.5894308943089,73,1132,1713.0
1637175248,1,GET,/public/,0.800000,0.000000,190,230,230,230,230,230,230,230,230,230,230,492,0,250,337.469512195122,108,1483,10199.78455284553
1637175248,1,,Aggregated,5.600000,0.000000,170,190,220,230,280,380,430,430,430,430,430,3084,0,230,316.2292477302205,8,2456,5935.077496757458
1637175249,1,GET,/,1.900000,0.000000,170,180,210,220,280,380,380,380,380,380,380,772,0,280,352.78367875647666,111,1677,10305.524611398963
1637175249,1,POST,/,0.200000,0.000000,430,430,430,430,430,430,430,430,430,430,430,112,0,720,814.4017857142857,285,2456,10225.625
1637175249,1,GET,/auth/find-friends/,1.400000,0.000000,110,150,160,170,180,180,180,180,180,180,180,984,0,170,238.8821138211382,54,1382,1974.0
1637175249,1,GET,/auth/login/,0.000000,0.000000,0,0,0,0,0,0,0,0,0,0,0,1,0,597,597.0,597,597,2961.0
1637175249,1,POST,/auth/login/,0.100000,0.000000,220,220,220,220,220,220,220,220,220,220,220,117,0,300,516.6239316239316,143,2104,10414.376068376068
1637175249,1,GET,/auth/logout/,0.100000,0.000000,11,11,11,11,11,11,11,11,11,11,11,116,0,100,139.93965517241378,8,914,1712.0
1637175249,1,POST,/auth/modify-friend/,0.700000,0.000000,180,190,190,270,270,270,270,270,270,270,270,492,0,220,271.5894308943089,73,1132,1713.0
1637175249,1,GET,/public/,0.600000,0.000000,190,230,230,230,230,230,230,230,230,230,230,492,0,250,337.469512195122,108,1483,10199.78455284553
1637175249,1,,Aggregated,5.000000,0.000000,160,180,210,220,270,380,430,430,430,430,430,3086,0,230,316.12248865845754,8,2456,5938.00259235256
1637175250,1,GET,/,2.300000,0.000000,150,170,180,210,280,380,380,380,380,380,380,774,0,280,352.18475452196384,111,1677,10306.12015503876
1637175250,1,POST,/,0.200000,0.000000,430,430,430,430,430,430,430,430,430,430,430,112,0,720,814.4017857142857,285,2456,10225.625
1637175250,1,GET,/auth/find-friends/,1.100000,0.000000,65,110,150,150,150,180,180,180,180,180,180,987,0,170,238.42958459979738,54,1382,1974.0
1637175250,1,GET,/auth/login/,0.000000,0.000000,0,0,0,0,0,0,0,0,0,0,0,1,0,597,597.0,597,597,2961.0
1637175250,1,POST,/auth/login/,0.100000,0.000000,220,220,220,220,220,220,220,220,220,220,220,117,0,300,516.6239316239316,143,2104,10414.376068376068
1637175250,1,GET,/auth/logout/,0.200000,0.000000,11,11,11,11,11,11,11,11,11,11,11,116,0,100,139.93965517241378,8,914,1712.0
1637175250,1,POST,/auth/modify-friend/,0.600000,0.000000,180,180,190,190,270,270,270,270,270,270,270,493,0,220,271.22515212981745,73,1132,1713.0
1637175250,1,GET,/public/,0.500000,0.000000,180,180,230,230,230,230,230,230,230,230,230,494,0,250,336.7348178137652,108,1483,10199.953441295547
1637175250,1,,Aggregated,5.000000,0.000000,130,170,180,210,270,380,430,430,430,430,430,3094,0,230,315.60116354234003,8,2456,5938.5475113122175
1637175251,1,GET,/,2.100000,0.000000,130,170,180,180,220,280,280,280,280,280,280,775,0,280,351.96774193548384,111,1677,10306.518709677419
1637175251,1,POST,/,0.200000,0.000000,430,430,430,430,430,430,430,430,430,430,430,112,0,720,814.4017857142857,285,2456,10225.625
1637175251,1,GET,/auth/find-friends/,1.000000,0.000000,65,150,150,150,150,310,310,310,310,310,310,989,0,170,238.41051567239637,54,1382,1974.0
1637175251,1,GET,/auth/login/,0.000000,0.000000,0,0,0,0,0,0,0,0,0,0,0,1,0,597,597.0,597,597,2961.0
1637175251,1,POST,/auth/login/,0.200000,0.000000,220,220,220,220,220,220,220,220,220,220,220,117,0,300,516.6239316239316,143,2104,10414.376068376068
1637175251,1,GET,/auth/logout/,0.200000,0.000000,11,11,11,11,11,11,11,11,11,11,11,116,0,100,139.93965517241378,8,914,1712.0
1637175251,1,POST,/auth/modify-friend/,0.500000,0.000000,140,140,180,180,270,270,270,270,270,270,270,494,0,210,270.95344129554655,73,1132,1713.0
1637175251,1,GET,/public/,0.500000,0.000000,190,190,230,230,230,230,230,230,230,230,230,495,0,250,336.44242424242424,108,1483,10200.19595959596
1637175251,1,,Aggregated,4.700000,0.000000,140,170,180,210,270,310,430,430,430,430,430,3099,0,230,315.405292029687,8,2456,5937.548241368183
1637175252,1,GET,/,2.100000,0.000000,130,170,180,180,220,280,280,280,280,280,280,775,0,280,351.96774193548384,111,1677,10306.518709677419
1637175252,1,POST,/,0.200000,0.000000,430,430,430,430,430,430,430,430,430,430,430,112,0,720,814.4017857142857,285,2456,10225.625
1637175252,1,GET,/auth/find-friends/,1.000000,0.000000,150,150,150,160,310,310,310,310,310,310,310,990,0,170,238.33434343434342,54,1382,1974.0
1637175252,1,GET,/auth/login/,0.000000,0.000000,0,0,0,0,0,0,0,0,0,0,0,1,0,597,597.0,597,597,2961.0
1637175252,1,POST,/auth/login/,0.200000,0.000000,220,220,220,220,220,220,220,220,220,220,220,117,0,300,516.6239316239316,143,2104,10414.376068376068
1637175252,1,GET,/auth/logout/,0.200000,0.000000,11,11,55,55,55,55,55,55,55,55,55,117,0,100,139.2136752136752,8,914,1712.0
1637175252,1,POST,/auth/modify-friend/,0.500000,0.000000,120,120,140,140,270,270,270,270,270,270,270,495,0,210,270.65858585858587,73,1132,1713.0
1637175252,1,GET,/public/,0.500000,0.000000,180,190,190,230,230,230,230,230,230,230,230,495,0,250,336.44242424242424,108,1483,10200.19595959596
1637175252,1,,Aggregated,4.700000,0.000000,130,150,180,190,230,280,430,430,430,430,430,3102,0,230,315.21083172147,8,2456,5933.546421663443
1637175253,1,GET,/,1.900000,0.000000,130,170,180,180,220,280,280,280,280,280,280,775,0,280,351.96774193548384,111,1677,10306.518709677419
1637175253,1,POST,/,0.200000,0.000000,430,430,430,430,430,430,430,430,430,430,430,112,0,720,814.4017857142857,285,2456,10225.625
1637175253,1,GET,/auth/find-friends/,1.200000,0.000000,150,150,160,160,310,310,310,310,310,310,310,990,0,170,238.33434343434342,54,1382,1974.0
1637175253,1,GET,/auth/login/,0.000000,0.000000,0,0,0,0,0,0,0,0,0,0,0,1,0,597,597.0,597,597,2961.0
1637175253,1,POST,/auth/login/,0.200000,0.000000,220,220,300,300,300,300,300,300,300,300,300,118,0,300,514.7881355932203,143,2104,10418.228813559323
1637175253,1,GET,/auth/logout/,0.200000,0.000000,55,55,58,58,58,58,58,58,58,58,58,118,0,100,138.52542372881356,8,914,1712.0
1637175253,1,POST,/auth/modify-friend/,0.600000,0.000000,120,120,140,140,270,270,270,270,270,270,270,495,0,210,270.65858585858587,73,1132,1713.0
1637175253,1,GET,/public/,0.700000,0.000000,190,190,230,230,230,230,230,230,230,230,230,495,0,250,336.44242424242424,108,1483,10200.19595959596
1637175253,1,,Aggregated,5.000000,0.000000,150,170,180,210,270,310,430,430,430,430,430,3104,0,230,315.1230670103093,8,2456,5933.7764175257735
1637175254,1,GET,/,1.700000,0.000000,130,170,180,180,210,220,220,220,220,220,220,775,0,280,351.96774193548384,111,1677,10306.518709677419
1637175254,1,POST,/,0.200000,0.000000,430,430,430,430,430,430,430,430,430,430,430,112,0,720,814.4017857142857,285,2456,10225.625
1637175254,1,GET,/auth/find-friends/,1.200000,0.000000,150,150,160,160,310,310,310,310,310,310,310,990,0,170,238.33434343434342,54,1382,1974.0
1637175254,1,GET,/auth/login/,0.000000,0.000000,0,0,0,0,0,0,0,0,0,0,0,1,0,597,597.0,597,597,2961.0
1637175254,1,POST,/auth/login/,0.200000,0.000000,300,300,300,300,300,300,300,300,300,300,300,119,0,300,512.9915966386554,143,2104,10420.991596638656
1637175254,1,GET,/auth/logout/,0.300000,0.000000,55,55,58,58,58,58,58,58,58,58,58,118,0,100,138.52542372881356,8,914,1712.0
1637175254,1,POST,/auth/modify-friend/,0.700000,0.000000,140,140,270,270,270,270,270,270,270,270,270,495,0,210,270.65858585858587,73,1132,1713.0
1637175254,1,GET,/public/,0.600000,0.000000,190,190,230,230,230,230,230,230,230,230,230,495,0,250,336.44242424242424,108,1483,10200.19595959596
1637175254,1,,Aggregated,4.900000,0.000000,150,170,180,210,270,300,310,310,310,310,310,3105,0,230,315.1185185185185,8,2456,5935.326570048309
1637175255,1,GET,/,1.600000,0.000000,150,170,180,180,220,220,220,220,220,220,220,775,0,280,351.96774193548384,111,1677,10306.518709677419
1637175255,1,POST,/,0.100000,0.000000,430,430,430,430,430,430,430,430,430,430,430,112,0,720,814.4017857142857,285,2456,10225.625
1637175255,1,GET,/auth/find-friends/,1.000000,0.000000,150,150,160,160,310,350,350,350,350,350,350,993,0,170,238.20946626384693,54,1382,1974.0
1637175255,1,GET,/auth/login/,0.000000,0.000000,0,0,0,0,0,0,0,0,0,0,0,1,0,597,597.0,597,597,2961.0
1637175255,1,POST,/auth/login/,0.300000,0.000000,300,300,300,300,300,300,300,300,300,300,300,119,0,300,512.9915966386554,143,2104,10420.991596638656
1637175255,1,GET,/auth/logout/,0.400000,0.000000,55,55,58,58,58,58,58,58,58,58,58,118,0,100,138.52542372881356,8,914,1712.0
1637175255,1,POST,/auth/modify-friend/,0.600000,0.000000,130,140,140,270,270,270,270,270,270,270,270,496,0,210,270.37701612903226,73,1132,1713.0
1637175255,1,GET,/public/,0.500000,0.000000,190,190,200,200,230,230,230,230,230,230,230,497,0,250,335.8430583501006,108,1483,10201.48893360161
1637175255,1,,Aggregated,4.500000,0.000000,150,170,180,200,300,310,350,350,350,350,350,3111,0,230,314.8633879781421,8,2456,5933.097717775635
1637175256,1,GET,/,1.300000,0.000000,150,180,180,180,190,220,220,220,220,220,220,777,0,280,351.5366795366795,111,1677,10307.429858429858
1637175256,1,POST,/,0.100000,0.000000,430,430,430,430,430,430,430,430,430,430,430,112,0,720,814.4017857142857,285,2456,10225.625
1637175256,1,GET,/auth/find-friends/,0.800000,0.000000,150,160,180,180,310,350,350,350,350,350,350,995,0,170,238.01005025125627,54,1382,1974.0
1637175256,1,GET,/auth/login/,0.000000,0.000000,0,0,0,0,0,0,0,0,0,0,0,1,0,597,597.0,597,597,2961.0
1637175256,1,POST,/auth/login/,0.300000,0.000000,300,300,300,300,300,300,300,300,300,300,300,119,0,300,512.9915966386554,143,2104,10420.991596638656
1637175256,1,GET,/auth/logout/,0.400000,0.000000,55,55,58,58,58,58,58,58,58,58,58,118,0,100,138.52542372881356,8,914,1712.0
1637175256,1,POST,/auth/modify-friend/,0.400000,0.000000,140,140,140,140,270,270,270,270,270,270,270,497,0,210,270.11267605633805,73,1132,1713.0
1637175256,1,GET,/public/,0.400000,0.000000,190,190,200,200,220,220,220,220,220,220,220,498,0,250,335.6164658634538,108,1483,10202.104417670682
1637175256,1,,Aggregated,3.700000,0.000000,150,180,180,190,300,310,350,350,350,350,350,3117,0,230,314.58100737889,8,2456,5933.704523580366
1637175257,1,GET,/,1.300000,0.000000,180,180,190,220,220,350,350,350,350,350,350,779,0,280,351.3607188703466,111,1677,10308.228498074455
1637175257,1,POST,/,0.100000,0.000000,430,430,430,430,430,430,430,430,430,430,430,112,0,720,814.4017857142857,285,2456,10225.625
1637175257,1,GET,/auth/find-friends/,0.800000,0.000000,150,150,180,180,310,350,350,350,350,350,350,996,0,170,237.8714859437751,54,1382,1974.0
1637175257,1,GET,/auth/login/,0.000000,0.000000,0,0,0,0,0,0,0,0,0,0,0,1,0,597,597.0,597,597,2961.0
1637175257,1,POST,/auth/login/,0.300000,0.000000,300,300,300,300,300,300,300,300,300,300,300,119,0,300,512.9915966386554,143,2104,10420.991596638656
1637175257,1,GET,/auth/logout/,0.400000,0.000000,55,55,58,58,58,58,58,58,58,58,58,118,0,100,138.52542372881356,8,914,1712.0
1637175257,1,POST,/auth/modify-friend/,0.400000,0.000000,140,140,140,140,140,140,140,140,140,140,140,498,0,210,269.855421686747,73,1132,1713.0
1637175257,1,GET,/public/,0.400000,0.000000,190,190,200,200,220,220,220,220,220,220,220,498,0,250,335.6164658634538,108,1483,10202.104417670682
1637175257,1,,Aggregated,3.700000,0.000000,150,180,190,200,300,350,350,350,350,350,350,3121,0,230,314.4367190003204,8,2456,5934.085549503365
1637175258,1,GET,/,1.200000,0.000000,180,190,220,220,350,350,350,350,350,350,350,779,0,280,351.3607188703466,111,1677,10308.228498074455
1637175258,1,POST,/,0.000000,0.000000,430,430,430,430,430,430,430,430,430,430,430,113,0,720,810.7964601769911,285,2456,10227.991150442478
1637175258,1,GET,/auth/find-friends/,1.000000,0.000000,140,150,160,180,310,350,350,350,350,350,350,998,0,170,237.65130260521042,54,1382,1974.0
1637175258,1,GET,/auth/login/,0.000000,0.000000,0,0,0,0,0,0,0,0,0,0,0,1,0,597,597.0,597,597,2961.0
1637175258,1,POST,/auth/login/,0.400000,0.000000,300,300,300,300,300,300,300,300,300,300,300,119,0,300,512.9915966386554,143,2104,10420.991596638656
1637175258,1,GET,/auth/logout/,0.300000,0.000000,55,55,58,58,58,58,58,58,58,58,58,118,0,100,138.52542372881356,8,914,1712.0
1637175258,1,POST,/auth/modify-friend/,0.500000,0.000000,130,140,140,140,140,140,140,140,140,140,140,499,0,210,269.5551102204409,73,1132,1713.0
1637175258,1,GET,/public/,0.500000,0.000000,190,200,220,220,250,250,250,250,250,250,250,499,0,250,335.4509018036072,108,1483,10202.058116232465
1637175258,1,,Aggregated,3.900000,0.000000,150,180,190,220,300,350,410,410,410,410,410,3126,0,230,314.26519513755596,8,2456,5933.017914267434
1637175259,1,GET,/,1.300000,0.000000,200,200,220,220,350,350,350,350,350,350,350,780,0,280,351.16153846153844,111,1677,10308.358974358975
1637175259,1,POST,/,0.000000,0.000000,430,430,430,430,430,430,430,430,430,430,430,113,0,720,810.7964601769911,285,2456,10227.991150442478
1637175259,1,GET,/auth/find-friends/,1.200000,0.000000,140,150,160,180,310,350,350,350,350,350,350,1001,0,170,237.33066933066934,54,1382,1974.0
1637175259,1,GET,/auth/login/,0.000000,0.000000,0,0,0,0,0,0,0,0,0,0,0,1,0,597,597.0,597,597,2961.0
1637175259,1,POST,/auth/login/,0.300000,0.000000,300,300,300,300,300,300,300,300,300,300,300,119,0,300,512.9915966386554,143,2104,10420.991596638656
1637175259,1,GET,/auth/logout/,0.300000,0.000000,58,58,58,58,58,58,58,58,58,58,58,118,0,100,138.52542372881356,8,914,1712.0
1637175259,1,POST,/auth/modify-friend/,0.600000,0.000000,130,140,140,140,140,140,140,140,140,140,140,500,0,210,269.274,73,1132,1713.0
1637175259,1,GET,/public/,0.600000,0.000000,200,220,220,220,250,250,250,250,250,250,250,501,0,250,334.89620758483034,108,1483,10201.936127744511
1637175259,1,,Aggregated,4.300000,0.000000,160,190,220,220,310,350,410,410,410,410,410,3133,0,230,313.9173316310246,8,2456,5932.0146824130225
1637175260,1,GET,/,0.800000,0.000000,190,200,220,220,350,350,350,350,350,350,350,781,0,280,350.95902688860434,111,1677,10308.683738796415
1637175260,1,POST,/,0.100000,0.000000,410,410,410,410,410,410,410,410,410,410,410,113,0,720,810.7964601769911,285,2456,10227.991150442478
1637175260,1,GET,/auth/find-friends/,1.400000,0.000000,140,150,160,160,180,350,350,350,350,350,350,1004,0,170,237.01095617529882,54,1382,1974.0
1637175260,1,GET,/auth/login/,0.000000,0.000000,0,0,0,0,0,0,0,0,0,0,0,1,0,597,597.0,597,597,2961.0
1637175260,1,POST,/auth/login/,0.300000,0.000000,300,300,300,300,300,300,300,300,300,300,300,119,0,300,512.9915966386554,143,2104,10420.991596638656
1637175260,1,GET,/auth/logout/,0.200000,0.000000,58,58,58,58,58,58,58,58,58,58,58,118,0,100,138.52542372881356,8,914,1712.0
1637175260,1,POST,/auth/modify-friend/,0.600000,0.000000,130,140,140,140,180,180,180,180,180,180,180,501,0,210,269.0898203592814,73,1132,1713.0
1637175260,1,GET,/public/,0.700000,0.000000,200,220,220,220,250,250,250,250,250,250,250,502,0,250,334.50597609561754,108,1483,10202.10358565737
1637175260,1,,Aggregated,4.100000,0.000000,150,180,200,220,300,350,410,410,410,410,410,3139,0,230,313.6040140172029,8,2456,5929.749920356801
1637175261,1,GET,/,0.900000,0.000000,200,220,310,310,350,350,350,350,350,350,350,782,0,280,350.9028132992327,111,1677,10308.938618925831
1637175261,1,POST,/,0.100000,0.000000,410,410,410,410,410,410,410,410,410,410,410,113,0,720,810.7964601769911,285,2456,10227.991150442478
1637175261,1,GET,/auth/find-friends/,1.600000,0.000000,140,150,160,160,180,350,350,350,350,350,350,1006,0,170,236.8548707753479,54,1382,1974.0
1637175261,1,GET,/auth/login/,0.000000,0.000000,0,0,0,0,0,0,0,0,0,0,0,1,0,597,597.0,597,597,2961.0
1637175261,1,POST,/auth/login/,0.200000,0.000000,300,300,300,300,300,300,300,300,300,300,300,119,0,300,512.9915966386554,143,2104,10420.991596638656
1637175261,1,GET,/auth/logout/,0.200000,0.000000,58,58,58,58,58,58,58,58,58,58,58,118,0,100,138.52542372881356,8,914,1712.0
1637175261,1,POST,/auth/modify-friend/,0.800000,0.000000,140,140,180,180,220,220,220,220,220,220,220,502,0,210,268.98207171314743,73,1132,1713.0
1637175261,1,GET,/public/,0.800000,0.000000,200,220,220,250,250,250,250,250,250,250,250,503,0,250,334.3300198807157,108,1483,10202.333996023857
1637175261,1,,Aggregated,4.600000,0.000000,170,190,220,220,300,350,410,410,410,410,410,3144,0,230,313.4503816793893,8,2456,5928.744274809161
1637175262,1,GET,/,0.700000,0.000000,200,220,310,350,360,360,360,360,360,360,360,785,0,280,350.35796178343946,111,1677,10309.292993630574
1637175262,1,POST,/,0.100000,0.000000,410,410,410,410,410,410,410,410,410,410,410,113,0,720,810.7964601769911,285,2456,10227.991150442478
1637175262,1,GET,/auth/find-friends/,1.700000,0.000000,140,150,160,160,180,350,350,350,350,350,350,1006,0,170,236.8548707753479,54,1382,1974.0
1637175262,1,GET,/auth/login/,0.000000,0.000000,0,0,0,0,0,0,0,0,0,0,0,1,0,597,597.0,597,597,2961.0
1637175262,1,POST,/auth/login/,0.200000,0.000000,300,300,300,300,300,300,300,300,300,300,300,119,0,300,512.9915966386554,143,2104,10420.991596638656
1637175262,1,GET,/auth/logout/,0.200000,0.000000,58,58,58,58,58,58,58,58,58,58,58,118,0,100,138.52542372881356,8,914,1712.0
1637175262,1,POST,/auth/modify-friend/,0.800000,0.000000,140,140,180,180,220,220,220,220,220,220,220,503,0,210,268.6282306163022,73,1132,1713.0
1637175262,1,GET,/public/,0.800000,0.000000,220,220,240,250,250,250,250,250,250,250,250,504,0,250,334.140873015873,108,1483,10202.261904761905
1637175262,1,,Aggregated,4.500000,0.000000,170,200,220,240,310,350,410,410,410,410,410,3149,0,230,313.2559542711972,8,2456,5933.01238488409
                                                                                                                                                                                                                                                                                                                                                                                                                                                                                                                                                                                                                                                                                                                                                                                                                                                                                                                                                                                                                                                                                                                                                                                                                                         