Timestamp,User Count,Type,Name,Requests/s,Failures/s,50%,66%,75%,80%,90%,95%,98%,99%,99.9%,99.99%,100%,Total Request Count,Total Failure Count,Total Median Response Time,Total Average Response Time,Total Min Response Time,Total Max Response Time,Total Average Content Size
1637164373,0,,Aggregated,0.000000,0.000000,N/A,N/A,N/A,N/A,N/A,N/A,N/A,N/A,N/A,N/A,N/A,0,0,0,0,0,0,0
1637164374,1,GET,/,0.000000,0.000000,0,0,0,0,0,0,0,0,0,0,0,1,0,288,288.0,288,288,6558.0
1637164374,1,GET,/auth/login/,0.000000,0.000000,0,0,0,0,0,0,0,0,0,0,0,1,0,208,208.0,208,208,2961.0
1637164374,1,POST,/auth/login/,0.000000,0.000000,0,0,0,0,0,0,0,0,0,0,0,1,0,449,449.0,449,449,2032.0
1637164374,1,,Aggregated,0.000000,0.000000,0,0,0,0,0,0,0,0,0,0,0,3,0,290,315.0,208,449,3850.3333333333335
1637164375,1,GET,/,0.000000,0.000000,290,290,290,290,290,290,290,290,290,290,290,1,0,288,288.0,288,288,6558.0
1637164375,1,GET,/auth/find-friends/,0.000000,0.000000,0,0,0,0,0,0,0,0,0,0,0,4,0,120,119.25,93,135,1974.0
1637164375,1,GET,/auth/login/,0.000000,0.000000,210,210,210,210,210,210,210,210,210,210,210,1,0,208,208.0,208,208,2961.0
1637164375,1,POST,/auth/login/,0.000000,0.000000,0,0,0,0,0,0,0,0,0,0,0,1,0,449,449.0,449,449,2032.0
1637164375,1,POST,/auth/modify-friend/,0.000000,0.000000,0,0,0,0,0,0,0,0,0,0,0,1,0,103,103.0,103,103,1713.0
1637164375,1,GET,/public/,0.000000,0.000000,0,0,0,0,0,0,0,0,0,0,0,2,0,110,185.5,108,263,9529.5
1637164375,1,,Aggregated,0.000000,0.000000,130,140,260,260,450,450,450,450,450,450,450,10,0,130,189.6,93,449,4021.9
1637164376,1,GET,/,1.000000,0.000000,290,290,290,290,290,290,290,290,290,290,290,2,0,140,214.0,140,288,4295.0
1637164376,1,POST,/,0.000000,0.000000,0,0,0,0,0,0,0,0,0,0,0,1,0,259,259.0,259,259,2211.0
1637164376,1,GET,/auth/find-friends/,0.000000,0.000000,93,93,140,140,140,140,140,140,140,140,140,6,0,93,101.0,44,135,1974.0
1637164376,1,GET,/auth/login/,1.000000,0.000000,210,210,210,210,210,210,210,210,210,210,210,1,0,208,208.0,208,208,2961.0
1637164376,1,POST,/auth/login/,0.000000,0.000000,450,450,450,450,450,450,450,450,450,450,450,1,0,449,449.0,449,449,2032.0
1637164376,1,POST,/auth/modify-friend/,0.000000,0.000000,180,180,180,180,180,180,180,180,180,180,180,3,0,100,127.66666666666667,99,181,1713.0
1637164376,1,GET,/public/,0.000000,0.000000,110,110,110,110,110,110,110,110,110,110,110,3,0,110,159.0,106,263,9707.0
1637164376,1,,Aggregated,2.000000,0.000000,120,140,180,260,260,450,450,450,450,450,450,17,0,130,165.2941176470588,44,449,3641.0588235294117
1637164377,1,GET,/,1.000000,0.000000,290,290,290,290,290,290,290,290,290,290,290,2,0,140,214.0,140,288,4295.0
1637164377,1,POST,/,0.000000,0.000000,0,0,0,0,0,0,0,0,0,0,0,1,0,259,259.0,259,259,2211.0
1637164377,1,GET,/auth/find-friends/,0.000000,0.000000,110,110,140,140,160,160,160,160,160,160,160,8,0,110,110.25,44,165,1974.0
1637164377,1,GET,/auth/login/,1.000000,0.000000,210,210,210,210,210,210,210,210,210,210,210,1,0,208,208.0,208,208,2961.0
1637164377,1,POST,/auth/login/,0.000000,0.000000,450,450,450,450,450,450,450,450,450,450,450,1,0,449,449.0,449,449,2032.0
1637164377,1,POST,/auth/modify-friend/,0.000000,0.000000,180,180,180,180,180,180,180,180,180,180,180,3,0,100,127.66666666666667,99,181,1713.0
1637164377,1,GET,/public/,0.000000,0.000000,240,240,240,240,240,240,240,240,240,240,240,4,0,110,179.25,106,263,9835.75
1637164377,1,,Aggregated,2.000000,0.000000,130,140,180,240,260,450,450,450,450,450,450,20,0,130,166.3,44,449,3803.4
1637164378,1,GET,/,0.666667,0.000000,290,290,290,290,290,290,290,290,290,290,290,2,0,140,214.0,140,288,4295.0
1637164378,1,POST,/,0.000000,0.000000,260,260,260,260,260,260,260,260,260,260,260,1,0,259,259.0,259,259,2211.0
1637164378,1,GET,/auth/find-friends/,2.000000,0.000000,140,160,200,200,440,440,440,440,440,440,440,10,0,120,152.6,44,444,1974.0
1637164378,1,GET,/auth/login/,0.333333,0.000000,210,210,210,210,210,210,210,210,210,210,210,1,0,208,208.0,208,208,2961.0
1637164378,1,POST,/auth/login/,0.333333,0.000000,450,450,450,450,450,450,450,450,450,450,450,1,0,449,449.0,449,449,2032.0
1637164378,1,POST,/auth/modify-friend/,1.000000,0.000000,180,180,720,720,720,720,720,720,720,720,720,4,0,100,274.5,99,715,1713.0
1637164378,1,GET,/public/,1.000000,0.000000,240,240,280,280,280,280,280,280,280,280,280,5,0,240,198.6,106,276,9930.2
1637164378,1,,Aggregated,5.333333,0.000000,140,200,260,260,440,450,720,720,720,720,720,24,0,140,206.70833333333334,44,715,3834.875
1637164379,1,GET,/,0.500000,0.000000,140,140,290,290,290,290,290,290,290,290,290,3,0,140,188.66666666666666,138,288,3746.0
1637164379,1,POST,/,0.250000,0.000000,260,260,260,260,260,260,260,260,260,260,260,1,0,259,259.0,259,259,2211.0
1637164379,1,GET,/auth/find-friends/,2.000000,0.000000,160,160,200,260,440,440,440,440,440,440,440,12,0,130,161.58333333333334,44,444,1974.0
1637164379,1,GET,/auth/login/,0.250000,0.000000,210,210,210,210,210,210,210,210,210,210,210,1,0,208,208.0,208,208,2961.0
1637164379,1,POST,/auth/login/,0.250000,0.000000,450,450,450,450,450,450,450,450,450,450,450,1,0,449,449.0,449,449,2032.0
1637164379,1,POST,/auth/modify-friend/,0.750000,0.000000,180,180,720,720,720,720,720,720,720,720,720,5,0,180,255.4,99,715,1713.0
1637164379,1,GET,/public/,1.000000,0.000000,240,240,280,280,280,280,280,280,280,280,280,6,0,180,195.0,106,276,9971.833333333334
1637164379,1,,Aggregated,5.000000,0.000000,160,180,260,260,440,450,720,720,720,720,720,29,0,160,202.3448275862069,44,715,3811.2413793103447
1637164380,1,GET,/,0.400000,0.000000,140,140,290,290,290,290,290,290,290,290,290,3,0,140,188.66666666666666,138,288,3746.0
1637164380,1,POST,/,0.200000,0.000000,260,260,260,260,260,260,260,260,260,260,260,1,0,259,259.0,259,259,2211.0
1637164380,1,GET,/auth/find-friends/,1.800000,0.000000,160,200,250,250,260,440,440,440,440,440,440,14,0,140,172.5,44,444,1974.0
1637164380,1,GET,/auth/login/,0.200000,0.000000,210,210,210,210,210,210,210,210,210,210,210,1,0,208,208.0,208,208,2961.0
1637164380,1,POST,/auth/login/,0.200000,0.000000,450,450,450,450,450,450,450,450,450,450,450,1,0,449,449.0,449,449,2032.0
1637164380,1,POST,/auth/modify-friend/,0.800000,0.000000,180,200,200,720,720,720,720,720,720,720,720,6,0,180,246.83333333333334,99,715,1713.0
1637164380,1,GET,/public/,1.000000,0.000000,230,240,240,280,280,280,280,280,280,280,280,7,0,230,199.42857142857142,106,276,9997.714285714286
1637164380,1,,Aggregated,4.600000,0.000000,180,230,250,260,280,450,720,720,720,720,720,33,0,180,205.27272727272728,44,715,3828.4848484848485
1637164381,1,GET,/,0.500000,0.000000,140,140,290,290,290,290,290,290,290,290,290,3,0,140,188.66666666666666,138,288,3746.0
1637164381,1,POST,/,0.166667,0.000000,260,260,260,260,260,260,260,260,260,260,260,1,0,259,259.0,259,259,2211.0
1637164381,1,GET,/auth/find-friends/,1.833333,0.000000,200,230,250,260,300,440,440,440,440,440,440,16,0,160,184.0625,44,444,1974.0
1637164381,1,GET,/auth/login/,0.166667,0.000000,210,210,210,210,210,210,210,210,210,210,210,1,0,208,208.0,208,208,2961.0
1637164381,1,POST,/auth/login/,0.166667,0.000000,450,450,450,450,450,450,450,450,450,450,450,1,0,449,449.0,449,449,2032.0
1637164381,1,POST,/auth/modify-friend/,0.833333,0.000000,200,200,270,270,720,720,720,720,720,720,720,7,0,180,249.71428571428572,99,715,1713.0
1637164381,1,GET,/public/,1.000000,0.000000,240,240,260,260,280,280,280,280,280,280,280,8,0,230,207.125,106,276,10023.375
1637164381,1,,Aggregated,4.666667,0.000000,180,240,260,260,300,450,720,720,720,720,720,37,0,200,211.67567567567568,44,715,3843.3513513513512
1637164382,1,GET,/,0.428571,0.000000,260,260,290,290,290,290,290,290,290,290,290,4,0,140,206.25,138,288,3744.75
1637164382,1,POST,/,0.142857,0.000000,260,260,260,260,260,260,260,260,260,260,260,1,0,259,259.0,259,259,2211.0
1637164382,1,GET,/auth/find-friends/,1.857143,0.000000,200,230,250,260,300,440,440,440,440,440,440,17,0,160,186.23529411764707,44,444,1974.0
1637164382,1,GET,/auth/login/,0.142857,0.000000,210,210,210,210,210,210,210,210,210,210,210,1,0,208,208.0,208,208,2961.0
1637164382,1,POST,/auth/login/,0.142857,0.000000,450,450,450,450,450,450,450,450,450,450,450,1,0,449,449.0,449,449,2032.0
1637164382,1,POST,/auth/modify-friend/,0.857143,0.000000,200,270,280,280,720,720,720,720,720,720,720,8,0,180,253.25,99,715,1713.0
1637164382,1,GET,/public/,1.000000,0.000000,240,260,280,280,290,290,290,290,290,290,290,9,0,240,216.22222222222223,106,289,10017.0
1637164382,1,,Aggregated,4.571429,0.000000,200,250,260,270,300,450,720,720,720,720,720,41,0,210,216.5609756097561,44,715,3892.6341463414633
1637164383,1,GET,/,0.375000,0.000000,260,260,290,290,290,290,290,290,290,290,290,4,0,140,206.25,138,288,3744.75
1637164383,1,POST,/,0.125000,0.000000,260,260,260,260,260,260,260,260,260,260,260,1,0,259,259.0,259,259,2211.0
1637164383,1,GET,/auth/find-friends/,1.875000,0.000000,220,230,260,260,430,440,440,440,440,440,440,18,0,160,199.88888888888889,44,444,1974.0
1637164383,1,GET,/auth/login/,0.125000,0.000000,210,210,210,210,210,210,210,210,210,210,210,1,0,208,208.0,208,208,2961.0
1637164383,1,POST,/auth/login/,0.125000,0.000000,450,450,450,450,450,450,450,450,450,450,450,1,0,449,449.0,449,449,2032.0
1637164383,1,POST,/auth/modify-friend/,0.875000,0.000000,200,270,280,280,720,720,720,720,720,720,720,9,0,180,244.11111111111111,99,715,1713.0
1637164383,1,GET,/public/,1.000000,0.000000,260,280,290,290,400,400,400,400,400,400,400,10,0,240,234.1,106,395,10030.9
1637164383,1,,Aggregated,4.500000,0.000000,220,260,260,280,400,440,720,720,720,720,720,44,0,210,224.47727272727272,44,715,3941.840909090909
1637164384,1,GET,/,0.444444,0.000000,140,140,260,260,260,260,260,260,260,260,260,4,0,140,206.25,138,288,3744.75
1637164384,1,POST,/,0.111111,0.000000,260,260,260,260,260,260,260,260,260,260,260,1,0,259,259.0,259,259,2211.0
1637164384,1,GET,/auth/find-friends/,1.777778,0.000000,220,230,260,260,430,440,440,440,440,440,440,20,0,200,202.6,44,444,1974.0
1637164384,1,GET,/auth/login/,0.111111,0.000000,210,210,210,210,210,210,210,210,210,210,210,1,0,208,208.0,208,208,2961.0
1637164384,1,POST,/auth/login/,0.111111,0.000000,450,450,450,450,450,450,450,450,450,450,450,1,0,449,449.0,449,449,2032.0
1637164384,1,POST,/auth/modify-friend/,0.888889,0.000000,200,270,280,340,720,720,720,720,720,720,720,10,0,180,253.9,99,715,1713.0
1637164384,1,GET,/public/,1.000000,0.000000,260,280,290,290,400,400,400,400,400,400,400,10,0,240,234.1,106,395,10030.9
1637164384,1,,Aggregated,4.444444,0.000000,230,260,270,280,400,440,720,720,720,720,720,47,0,220,227.08510638297872,44,715,3810.68085106383
1637164385,1,GET,/,0.400000,0.000000,140,140,260,260,260,260,260,260,260,260,260,4,0,140,206.25,138,288,3744.75
1637164385,1,POST,/,0.100000,0.000000,260,260,260,260,260,260,260,260,260,260,260,1,0,259,259.0,259,259,2211.0
1637164385,1,GET,/auth/find-friends/,1.800000,0.000000,250,260,380,380,430,440,440,440,440,440,440,22,0,200,220.63636363636363,44,444,1974.0
1637164385,1,GET,/auth/login/,0.100000,0.000000,210,210,210,210,210,210,210,210,210,210,210,1,0,208,208.0,208,208,2961.0
1637164385,1,POST,/auth/login/,0.100000,0.000000,450,450,450,450,450,450,450,450,450,450,450,1,0,449,449.0,449,449,2032.0
1637164385,1,POST,/auth/modify-friend/,0.900000,0.000000,200,270,280,340,720,720,720,720,720,720,720,10,0,180,253.9,99,715,1713.0
1637164385,1,GET,/public/,0.900000,0.000000,280,290,400,400,550,550,550,550,550,550,550,11,0,260,263.0,106,552,10057.363636363636
1637164385,1,,Aggregated,4.300000,0.000000,260,280,300,380,430,550,720,720,720,720,720,50,0,230,240.54,44,715,3867.44
1637164386,1,GET,/,0.300000,0.000000,260,260,340,340,340,340,340,340,340,340,340,5,0,260,233.2,138,341,4124.6
1637164386,1,POST,/,0.100000,0.000000,260,260,260,260,260,260,260,260,260,260,260,1,0,259,259.0,259,259,2211.0
1637164386,1,GET,/auth/find-friends/,2.000000,0.000000,260,300,380,420,430,440,440,440,440,440,440,22,0,200,220.63636363636363,44,444,1974.0
1637164386,1,GET,/auth/login/,0.000000,0.000000,210,210,210,210,210,210,210,210,210,210,210,1,0,208,208.0,208,208,2961.0
1637164386,1,POST,/auth/login/,0.100000,0.000000,450,450,450,450,450,450,450,450,450,450,450,1,0,449,449.0,449,449,2032.0
1637164386,1,GET,/auth/logout/,0.000000,0.000000,0,0,0,0,0,0,0,0,0,0,0,1,0,316,316.0,316,316,1712.0
1637164386,1,POST,/auth/modify-friend/,0.900000,0.000000,280,290,340,340,720,720,720,720,720,720,720,11,0,200,256.90909090909093,99,715,1713.0
1637164386,1,GET,/public/,1.000000,0.000000,280,290,400,400,550,550,550,550,550,550,550,11,0,260,263.0,106,552,10057.363636363636
1637164386,1,,Aggregated,4.400000,0.000000,260,290,340,380,430,550,720,720,720,720,720,53,0,230,244.73584905660377,44,715,3819.6415094339623
1637164387,1,GET,/,0.300000,0.000000,260,260,340,340,340,340,340,340,340,340,340,5,0,260,233.2,138,341,4124.6
1637164387,1,POST,/,0.100000,0.000000,260,260,260,260,260,260,260,260,260,260,260,1,0,259,259.0,259,259,2211.0
1637164387,1,GET,/auth/find-friends/,2.000000,0.000000,260,300,380,420,430,440,440,440,440,440,440,22,0,200,220.63636363636363,44,444,1974.0
1637164387,1,GET,/auth/login/,0.000000,0.000000,210,210,210,210,210,210,210,210,210,210,210,1,0,208,208.0,208,208,2961.0
1637164387,1,POST,/auth/login/,0.100000,0.000000,450,450,450,450,450,450,450,450,450,450,450,1,0,449,449.0,449,449,2032.0
1637164387,1,GET,/auth/logout/,0.000000,0.000000,0,0,0,0,0,0,0,0,0,0,0,1,0,316,316.0,316,316,1712.0
1637164387,1,POST,/auth/modify-friend/,0.900000,0.000000,270,280,290,290,340,340,340,340,340,340,340,11,0,200,256.90909090909093,99,715,1713.0
1637164387,1,GET,/public/,1.000000,0.000000,290,290,400,400,550,550,550,550,550,550,550,11,0,260,263.0,106,552,10057.363636363636
1637164387,1,,Aggregated,4.400000,0.000000,260,290,340,380,430,440,550,550,550,550,550,53,0,230,244.73584905660377,44,715,3819.6415094339623
1637164388,1,GET,/,0.200000,0.000000,260,260,340,340,340,340,340,340,340,340,340,6,0,230,232.33333333333334,138,341,4580.666666666667
1637164388,1,POST,/,0.100000,0.000000,260,260,260,260,260,260,260,260,260,260,260,1,0,259,259.0,259,259,2211.0
1637164388,1,GET,/auth/find-friends/,1.600000,0.000000,260,300,380,380,420,430,430,430,430,430,430,22,0,200,220.63636363636363,44,444,1974.0
1637164388,1,GET,/auth/login/,0.000000,0.000000,210,210,210,210,210,210,210,210,210,210,210,1,0,208,208.0,208,208,2961.0
1637164388,1,POST,/auth/login/,0.000000,0.000000,710,710,710,710,710,710,710,710,710,710,710,2,0,450,581.0,449,713,4446.5
1637164388,1,GET,/auth/logout/,0.000000,0.000000,320,320,320,320,320,320,320,320,320,320,320,1,0,316,316.0,316,316,1712.0
1637164388,1,POST,/auth/modify-friend/,0.800000,0.000000,280,280,290,290,340,340,340,340,340,340,340,11,0,200,256.90909090909093,99,715,1713.0
1637164388,1,GET,/public/,0.800000,0.000000,290,400,400,550,550,550,550,550,550,550,550,11,0,260,263.0,106,552,10057.363636363636
1637164388,1,,Aggregated,3.500000,0.000000,270,300,340,380,430,550,710,710,710,710,710,55,0,230,252.94545454545454,44,715,3930.2363636363634
1637164389,1,GET,/,0.300000,0.000000,260,260,340,340,340,340,340,340,340,340,340,6,0,230,232.33333333333334,138,341,4580.666666666667
1637164389,1,POST,/,0.000000,0.000000,260,260,260,260,260,260,260,260,260,260,260,1,0,259,259.0,259,259,2211.0
1637164389,1,GET,/auth/find-friends/,1.400000,0.000000,230,300,380,380,420,430,430,430,430,430,430,24,0,200,213.625,44,444,1974.0
1637164389,1,GET,/auth/login/,0.000000,0.000000,210,210,210,210,210,210,210,210,210,210,210,1,0,208,208.0,208,208,2961.0
1637164389,1,POST,/auth/login/,0.000000,0.000000,710,710,710,710,710,710,710,710,710,710,710,2,0,450,581.0,449,713,4446.5
1637164389,1,GET,/auth/logout/,0.100000,0.000000,320,320,320,320,320,320,320,320,320,320,320,1,0,316,316.0,316,316,1712.0
1637164389,1,POST,/auth/modify-friend/,0.800000,0.000000,280,280,290,290,340,340,340,340,340,340,340,12,0,180,250.25,99,715,1713.0
1637164389,1,GET,/public/,0.700000,0.000000,290,290,400,400,550,550,550,550,550,550,550,13,0,260,263.84615384615387,106,552,10032.923076923076
1637164389,1,,Aggregated,3.300000,0.000000,280,300,340,380,430,550,710,710,710,710,710,60,0,230,248.31666666666666,44,715,4027.016666666667
1637164390,1,GET,/,0.300000,0.000000,260,260,340,340,340,340,340,340,340,340,340,7,0,230,224.57142857142858,138,341,4932.428571428572
1637164390,1,POST,/,0.000000,0.000000,320,320,320,320,320,320,320,320,320,320,320,2,0,260,290.5,259,322,4724.0
1637164390,1,GET,/auth/find-friends/,1.300000,0.000000,260,300,380,380,420,430,430,430,430,430,430,26,0,200,214.46153846153845,44,444,1974.0
1637164390,1,GET,/auth/login/,0.000000,0.000000,210,210,210,210,210,210,210,210,210,210,210,1,0,208,208.0,208,208,2961.0
1637164390,1,POST,/auth/login/,0.000000,0.000000,710,710,710,710,710,710,710,710,710,710,710,2,0,450,581.0,449,713,4446.5
1637164390,1,GET,/auth/logout/,0.100000,0.000000,320,320,320,320,320,320,320,320,320,320,320,1,0,316,316.0,316,316,1712.0
1637164390,1,POST,/auth/modify-friend/,0.700000,0.000000,280,280,290,290,340,340,340,340,340,340,340,13,0,200,246.3846153846154,99,715,1713.0
1637164390,1,GET,/public/,0.600000,0.000000,290,400,400,550,550,550,550,550,550,550,550,13,0,260,263.84615384615387,106,552,10032.923076923076
1637164390,1,,Aggregated,3.000000,0.000000,280,320,340,380,430,550,710,710,710,710,710,65,0,230,246.8923076923077,44,715,4024.0307692307692
1637164391,1,GET,/,0.300000,0.000000,230,260,260,340,340,340,340,340,340,340,340,8,0,220,224.25,138,341,5300.875
1637164391,1,POST,/,0.000000,0.000000,320,320,320,320,320,320,320,320,320,320,320,2,0,260,290.5,259,322,4724.0
1637164391,1,GET,/auth/find-friends/,1.300000,0.000000,260,300,380,380,420,430,430,430,430,430,430,28,0,200,215.5,44,444,1974.0
1637164391,1,GET,/auth/login/,0.000000,0.000000,210,210,210,210,210,210,210,210,210,210,210,1,0,208,208.0,208,208,2961.0
1637164391,1,POST,/auth/login/,0.100000,0.000000,710,710,710,710,710,710,710,710,710,710,710,2,0,450,581.0,449,713,4446.5
1637164391,1,GET,/auth/logout/,0.100000,0.000000,320,320,320,320,320,320,320,320,320,320,320,1,0,316,316.0,316,316,1712.0
1637164391,1,POST,/auth/modify-friend/,0.600000,0.000000,200,200,290,290,340,340,340,340,340,340,340,14,0,200,242.85714285714286,99,715,1713.0
1637164391,1,GET,/public/,0.600000,0.000000,290,290,400,400,550,550,550,550,550,550,550,14,0,250,260.42857142857144,106,552,10027.57142857143
1637164391,1,,Aggregated,3.000000,0.000000,260,300,340,380,430,550,710,710,710,710,710,70,0,230,244.87142857142857,44,715,4072.3
1637164392,1,GET,/,0.300000,0.000000,230,260,260,340,340,340,340,340,340,340,340,8,0,220,224.25,138,341,5300.875
1637164392,1,POST,/,0.000000,0.000000,320,320,540,540,540,540,540,540,540,540,540,3,0,320,374.3333333333333,259,542,5967.666666666667
1637164392,1,GET,/auth/find-friends/,1.300000,0.000000,200,300,300,300,380,420,420,420,420,420,420,29,0,200,214.0344827586207,44,444,1974.0
1637164392,1,GET,/auth/login/,0.000000,0.000000,0,0,0,0,0,0,0,0,0,0,0,1,0,208,208.0,208,208,2961.0
1637164392,1,POST,/auth/login/,0.100000,0.000000,710,710,710,710,710,710,710,710,710,710,710,2,0,450,581.0,449,713,4446.5
1637164392,1,GET,/auth/logout/,0.100000,0.000000,320,320,320,320,320,320,320,320,320,320,320,1,0,316,316.0,316,316,1712.0
1637164392,1,POST,/auth/modify-friend/,0.700000,0.000000,200,200,290,290,340,340,340,340,340,340,340,14,0,200,242.85714285714286,99,715,1713.0
1637164392,1,GET,/public/,0.600000,0.000000,280,280,400,400,550,550,550,550,550,550,550,15,0,250,257.8666666666667,106,552,10025.0
1637164392,1,,Aggregated,3.100000,0.000000,260,300,340,380,540,550,710,710,710,710,710,73,0,230,247.64383561643837,44,715,4184.643835616438
1637164393,1,GET,/,0.400000,0.000000,220,230,230,340,340,340,340,340,340,340,340,9,0,220,209.44444444444446,91,341,5651.333333333333
1637164393,1,POST,/,0.100000,0.000000,490,490,540,540,540,540,540,540,540,540,540,4,0,320,402.75,259,542,6735.75
1637164393,1,GET,/auth/find-friends/,1.200000,0.000000,170,170,300,300,380,420,420,420,420,420,420,32,0,170,203.40625,44,444,1974.0
1637164393,1,GET,/auth/login/,0.000000,0.000000,0,0,0,0,0,0,0,0,0,0,0,1,0,208,208.0,208,208,2961.0
1637164393,1,POST,/auth/login/,0.100000,0.000000,710,710,710,710,710,710,710,710,710,710,710,2,0,450,581.0,449,713,4446.5
1637164393,1,GET,/auth/logout/,0.100000,0.000000,320,320,320,320,320,320,320,320,320,320,320,1,0,316,316.0,316,316,1712.0
1637164393,1,POST,/auth/modify-friend/,0.600000,0.000000,200,200,290,290,340,340,340,340,340,340,340,16,0,180,224.5625,94,715,1713.0
1637164393,1,GET,/public/,0.600000,0.000000,250,250,280,280,550,550,550,550,550,550,550,16,0,240,246.6875,79,552,10017.125
1637164393,1,,Aggregated,3.100000,0.000000,220,300,320,340,490,550,710,710,710,710,710,81,0,220,237.41975308641975,44,715,4224.950617283951
1637164394,1,GET,/,0.400000,0.000000,220,230,230,340,340,340,340,340,340,340,340,9,0,220,209.44444444444446,91,341,5651.333333333333
1637164394,1,POST,/,0.100000,0.000000,490,490,540,540,540,540,540,540,540,540,540,4,0,320,402.75,259,542,6735.75
1637164394,1,GET,/auth/find-friends/,1.200000,0.000000,150,160,170,300,300,420,420,420,420,420,420,36,0,160,192.66666666666666,44,444,1974.0
1637164394,1,GET,/auth/login/,0.000000,0.000000,0,0,0,0,0,0,0,0,0,0,0,1,0,208,208.0,208,208,2961.0
1637164394,1,POST,/auth/login/,0.100000,0.000000,710,710,710,710,710,710,710,710,710,710,710,2,0,450,581.0,449,713,4446.5
1637164394,1,GET,/auth/logout/,0.100000,0.000000,320,320,320,320,320,320,320,320,320,320,320,1,0,316,316.0,316,316,1712.0
1637164394,1,POST,/auth/modify-friend/,0.600000,0.000000,200,200,200,200,290,290,290,290,290,290,290,17,0,200,222.8235294117647,94,715,1713.0
1637164394,1,GET,/public/,0.500000,0.000000,240,250,280,280,550,550,550,550,550,550,550,18,0,240,238.55555555555554,79,552,10035.277777777777
1637164394,1,,Aggregated,3.000000,0.000000,200,230,290,300,420,540,710,710,710,710,710,88,0,200,229.54545454545453,44,715,4229.443181818182
1637164395,1,GET,/,0.500000,0.000000,230,230,260,260,340,340,340,340,340,340,340,10,0,220,214.4,91,341,6012.4
1637164395,1,POST,/,0.200000,0.000000,490,490,540,540,540,540,540,540,540,540,540,5,0,370,397.0,259,542,7371.6
1637164395,1,GET,/auth/find-friends/,1.200000,0.000000,150,160,170,300,300,420,420,420,420,420,420,36,0,160,192.66666666666666,44,444,1974.0
1637164395,1,GET,/auth/login/,0.000000,0.000000,0,0,0,0,0,0,0,0,0,0,0,1,0,208,208.0,208,208,2961.0
1637164395,1,POST,/auth/login/,0.100000,0.000000,710,710,710,710,710,710,710,710,710,710,710,2,0,450,581.0,449,713,4446.5
1637164395,1,GET,/auth/logout/,0.100000,0.000000,320,320,320,320,320,320,320,320,320,320,320,1,0,316,316.0,316,316,1712.0
1637164395,1,POST,/auth/modify-friend/,0.600000,0.000000,200,200,200,200,290,290,290,290,290,290,290,18,0,180,220.33333333333334,94,715,1713.0
1637164395,1,GET,/public/,0.600000,0.000000,240,250,280,280,550,550,550,550,550,550,550,18,0,240,238.55555555555554,79,552,10035.277777777777
1637164395,1,,Aggregated,3.300000,0.000000,200,230,280,300,370,540,710,710,710,710,710,91,0,210,230.8901098901099,44,715,4319.571428571428
1637164396,1,GET,/,0.500000,0.000000,230,230,260,260,340,340,340,340,340,340,340,10,0,220,214.4,91,341,6012.4
1637164396,1,POST,/,0.300000,0.000000,490,490,540,540,540,540,540,540,540,540,540,5,0,370,397.0,259,542,7371.6
1637164396,1,GET,/auth/find-friends/,1.400000,0.000000,140,160,170,170,300,300,300,300,300,300,300,39,0,160,188.02564102564102,44,444,1974.0
1637164396,1,GET,/auth/login/,0.000000,0.000000,0,0,0,0,0,0,0,0,0,0,0,1,0,208,208.0,208,208,2961.0
1637164396,1,POST,/auth/login/,0.100000,0.000000,710,710,710,710,710,710,710,710,710,710,710,2,0,450,581.0,449,713,4446.5
1637164396,1,GET,/auth/logout/,0.100000,0.000000,320,320,320,320,320,320,320,320,320,320,320,1,0,316,316.0,316,316,1712.0
1637164396,1,POST,/auth/modify-friend/,0.700000,0.000000,180,200,200,200,290,290,290,290,290,290,290,19,0,180,213.0,81,715,1713.0
1637164396,1,GET,/public/,0.700000,0.000000,240,240,250,280,410,410,410,410,410,410,410,20,0,240,247.25,79,552,10060.75
1637164396,1,,Aggregated,3.800000,0.000000,200,240,260,300,370,490,710,710,710,710,710,97,0,210,228.24742268041237,44,715,4343.257731958763
1637164397,1,GET,/,0.500000,0.000000,220,230,260,260,330,330,330,330,330,330,330,12,0,220,222.5,91,341,6725.833333333333
1637164397,1,POST,/,0.300000,0.000000,490,490,540,540,540,540,540,540,540,540,540,5,0,370,397.0,259,542,7371.6
1637164397,1,GET,/auth/find-friends/,1.500000,0.000000,150,160,170,240,300,300,300,300,300,300,300,40,0,160,189.35,44,444,1974.0
1637164397,1,GET,/auth/login/,0.000000,0.000000,0,0,0,0,0,0,0,0,0,0,0,1,0,208,208.0,208,208,2961.0
1637164397,1,POST,/auth/login/,0.100000,0.000000,710,710,710,710,710,710,710,710,710,710,710,2,0,450,581.0,449,713,4446.5
1637164397,1,GET,/auth/logout/,0.100000,0.000000,320,320,320,320,320,320,320,320,320,320,320,1,0,316,316.0,316,316,1712.0
1637164397,1,POST,/auth/modify-friend/,0.800000,0.000000,180,180,200,200,200,200,200,200,200,200,200,20,0,180,208.75,81,715,1713.0
1637164397,1,GET,/public/,0.700000,0.000000,240,240,250,280,410,410,410,410,410,410,410,20,0,240,247.25,79,552,10060.75
1637164397,1,,Aggregated,4.000000,0.000000,200,230,260,280,370,490,710,710,710,710,710,101,0,210,228.06930693069307,44,715,4411.574257425743
1637164398,1,GET,/,0.600000,0.000000,210,230,240,240,260,330,330,330,330,330,330,16,0,210,220.3125,91,341,7620.125
1637164398,1,POST,/,0.400000,0.000000,490,490,540,540,540,540,540,540,540,540,540,5,0,370,397.0,259,542,7371.6
1637164398,1,GET,/auth/find-friends/,1.500000,0.000000,150,160,240,240,300,300,300,300,300,300,300,40,0,160,189.35,44,444,1974.0
1637164398,1,GET,/auth/login/,0.000000,0.000000,0,0,0,0,0,0,0,0,0,0,0,1,0,208,208.0,208,208,2961.0
1637164398,1,POST,/auth/login/,0.100000,0.000000,710,710,710,710,710,710,710,710,710,710,710,2,0,450,581.0,449,713,4446.5
1637164398,1,GET,/auth/logout/,0.100000,0.000000,320,320,320,320,320,320,320,320,320,320,320,2,0,131,223.5,131,316,1712.0
1637164398,1,POST,/auth/modify-friend/,0.700000,0.000000,180,180,200,200,200,200,200,200,200,200,200,20,0,180,208.75,81,715,1713.0
1637164398,1,GET,/public/,0.800000,0.000000,240,240,250,250,410,410,410,410,410,410,410,20,0,240,247.25,79,552,10060.75
1637164398,1,,Aggregated,4.200000,0.000000,200,220,240,260,330,410,540,540,540,540,540,106,0,210,226.61320754716982,44,715,4608.424528301887
1637164399,1,GET,/,0.600000,0.000000,210,220,240,260,330,330,330,330,330,330,330,16,0,210,220.3125,91,341,7620.125
1637164399,1,POST,/,0.400000,0.000000,490,490,540,540,540,540,540,540,540,540,540,5,0,370,397.0,259,542,7371.6
1637164399,1,GET,/auth/find-friends/,1.500000,0.000000,140,160,170,240,260,300,300,300,300,300,300,40,0,160,189.35,44,444,1974.0
1637164399,1,GET,/auth/login/,0.000000,0.000000,0,0,0,0,0,0,0,0,0,0,0,1,0,208,208.0,208,208,2961.0
1637164399,1,POST,/auth/login/,0.100000,0.000000,710,710,710,710,710,710,710,710,710,710,710,2,0,450,581.0,449,713,4446.5
1637164399,1,GET,/auth/logout/,0.100000,0.000000,320,320,320,320,320,320,320,320,320,320,320,2,0,131,223.5,131,316,1712.0
1637164399,1,POST,/auth/modify-friend/,0.700000,0.000000,180,180,200,200,200,200,200,200,200,200,200,20,0,180,208.75,81,715,1713.0
1637164399,1,GET,/public/,0.800000,0.000000,220,240,240,240,410,410,410,410,410,410,410,20,0,240,247.25,79,552,10060.75
1637164399,1,,Aggregated,4.200000,0.000000,200,220,240,260,330,410,540,540,540,540,540,106,0,210,226.61320754716982,44,715,4608.424528301887
1637164400,1,GET,/,0.900000,0.000000,210,220,240,260,330,330,330,330,330,330,330,16,0,210,220.3125,91,341,7620.125
1637164400,1,POST,/,0.400000,0.000000,490,490,540,540,540,540,540,540,540,540,540,5,0,370,397.0,259,542,7371.6
1637164400,1,GET,/auth/find-friends/,1.800000,0.000000,140,150,160,170,240,260,260,260,260,260,260,40,0,160,189.35,44,444,1974.0
1637164400,1,GET,/auth/login/,0.000000,0.000000,0,0,0,0,0,0,0,0,0,0,0,1,0,208,208.0,208,208,2961.0
1637164400,1,POST,/auth/login/,0.100000,0.000000,780,780,780,780,780,780,780,780,780,780,780,3,0,710,647.3333333333334,449,780,6383.666666666667
1637164400,1,GET,/auth/logout/,0.000000,0.000000,280,280,320,320,320,320,320,320,320,320,320,3,0,280,242.66666666666666,131,316,1712.0
1637164400,1,POST,/auth/modify-friend/,0.900000,0.000000,130,180,200,200,200,200,200,200,200,200,200,20,0,180,208.75,81,715,1713.0
1637164400,1,GET,/public/,0.900000,0.000000,220,240,240,240,410,410,410,410,410,410,410,20,0,240,247.25,79,552,10060.75
1637164400,1,,Aggregated,5.000000,0.000000,200,220,240,260,370,490,780,780,780,780,780,108,0,210,232.24074074074073,44,780,4633.916666666667
1637164401,1,GET,/,0.900000,0.000000,210,240,260,260,330,330,330,330,330,330,330,16,0,210,220.3125,91,341,7620.125
1637164401,1,POST,/,0.400000,0.000000,490,490,540,540,540,540,540,540,540,540,540,5,0,370,397.0,259,542,7371.6
1637164401,1,GET,/auth/find-friends/,1.800000,0.000000,140,140,170,170,240,260,260,260,260,260,260,40,0,160,189.35,44,444,1974.0
1637164401,1,GET,/auth/login/,0.000000,0.000000,0,0,0,0,0,0,0,0,0,0,0,1,0,208,208.0,208,208,2961.0
1637164401,1,POST,/auth/login/,0.100000,0.000000,780,780,780,780,780,780,780,780,780,780,780,3,0,710,647.3333333333334,449,780,6383.666666666667
1637164401,1,GET,/auth/logout/,0.000000,0.000000,280,280,320,320,320,320,320,320,320,320,320,3,0,280,242.66666666666666,131,316,1712.0
1637164401,1,POST,/auth/modify-friend/,0.900000,0.000000,130,130,180,180,200,200,200,200,200,200,200,20,0,180,208.75,81,715,1713.0
1637164401,1,GET,/public/,0.900000,0.000000,240,240,240,240,410,410,410,410,410,410,410,20,0,240,247.25,79,552,10060.75
1637164401,1,,Aggregated,5.000000,0.000000,200,240,240,260,410,540,780,780,780,780,780,108,0,210,232.24074074074073,44,780,4633.916666666667
1637164402,1,GET,/,1.000000,0.000000,210,240,260,260,330,330,330,330,330,330,330,16,0,210,220.3125,91,341,7620.125
1637164402,1,POST,/,0.400000,0.000000,490,490,490,490,490,490,490,490,490,490,490,5,0,370,397.0,259,542,7371.6
1637164402,1,GET,/auth/find-friends/,1.400000,0.000000,86,150,240,240,260,360,360,360,360,360,360,41,0,160,193.5609756097561,44,444,1974.0
1637164402,1,GET,/auth/login/,0.000000,0.000000,0,0,0,0,0,0,0,0,0,0,0,1,0,208,208.0,208,208,2961.0
1637164402,1,POST,/auth/login/,0.000000,0.000000,710,710,780,780,780,780,780,780,780,780,780,4,0,450,585.0,398,780,7405.25
1637164402,1,GET,/auth/logout/,0.100000,0.000000,280,280,280,280,280,280,280,280,280,280,280,3,0,280,242.66666666666666,131,316,1712.0
1637164402,1,POST,/auth/modify-friend/,0.700000,0.000000,130,180,180,200,200,200,200,200,200,200,200,20,0,180,208.75,81,715,1713.0
1637164402,1,GET,/public/,0.700000,0.000000,240,240,410,410,460,460,460,460,460,460,460,21,0,240,257.6190476190476,79,552,10068.095238095239
1637164402,1,,Aggregated,4.300000,0.000000,200,240,280,360,410,490,780,780,780,780,780,111,0,220,237.0,44,780,4712.810810810811
1637164403,1,GET,/,0.900000,0.000000,210,240,260,260,330,330,330,330,330,330,330,16,0,210,220.3125,91,341,7620.125
1637164403,1,POST,/,0.300000,0.000000,490,490,490,490,490,490,490,490,490,490,490,5,0,370,397.0,259,542,7371.6
1637164403,1,GET,/auth/find-friends/,1.300000,0.000000,240,260,310,310,360,360,360,360,360,360,360,42,0,160,196.33333333333334,44,444,1974.0
1637164403,1,GET,/auth/login/,0.000000,0.000000,0,0,0,0,0,0,0,0,0,0,0,1,0,208,208.0,208,208,2961.0
1637164403,1,POST,/auth/login/,0.100000,0.000000,710,710,780,780,780,780,780,780,780,780,780,4,0,450,585.0,398,780,7405.25
1637164403,1,GET,/auth/logout/,0.200000,0.000000,280,280,280,280,280,280,280,280,280,280,280,3,0,280,242.66666666666666,131,316,1712.0
1637164403,1,POST,/auth/modify-friend/,0.700000,0.000000,180,200,200,250,250,250,250,250,250,250,250,21,0,180,210.76190476190476,81,715,1713.0
1637164403,1,GET,/public/,0.600000,0.000000,340,410,410,460,460,460,460,460,460,460,460,22,0,240,261.45454545454544,79,552,10075.863636363636
1637164403,1,,Aggregated,4.100000,0.000000,240,260,330,360,410,460,780,780,780,780,780,114,0,220,238.68421052631578,44,780,4710.9473684210525
1637164404,1,GET,/,0.800000,0.000000,210,240,260,260,330,330,330,330,330,330,330,16,0,210,220.3125,91,341,7620.125
1637164404,1,POST,/,0.300000,0.000000,370,370,370,370,370,370,370,370,370,370,370,5,0,370,397.0,259,542,7371.6
1637164404,1,GET,/auth/find-friends/,1.200000,0.000000,260,310,310,310,360,360,360,360,360,360,360,44,0,170,199.6590909090909,44,444,1974.0
1637164404,1,GET,/auth/login/,0.000000,0.000000,0,0,0,0,0,0,0,0,0,0,0,1,0,208,208.0,208,208,2961.0
1637164404,1,POST,/auth/login/,0.100000,0.000000,780,780,780,780,780,780,780,780,780,780,780,4,0,450,585.0,398,780,7405.25
1637164404,1,GET,/auth/logout/,0.200000,0.000000,280,280,280,280,280,280,280,280,280,280,280,3,0,280,242.66666666666666,131,316,1712.0
1637164404,1,POST,/auth/modify-friend/,0.600000,0.000000,180,180,200,200,250,250,250,250,250,250,250,22,0,180,206.5909090909091,81,715,1713.0
1637164404,1,GET,/public/,0.600000,0.000000,340,410,410,460,460,460,460,460,460,460,460,23,0,250,262.5652173913044,79,552,10081.08695652174
1637164404,1,,Aggregated,3.800000,0.000000,250,310,330,360,410,460,780,780,780,780,780,118,0,220,238.60169491525423,44,780,4685.635593220339
1637164406,1,GET,/,0.700000,0.000000,210,210,240,240,330,330,330,330,330,330,330,16,0,210,220.3125,91,341,7620.125
1637164406,1,POST,/,0.200000,0.000000,370,370,370,370,370,370,370,370,370,370,370,5,0,370,397.0,259,542,7371.6
1637164406,1,GET,/auth/find-friends/,1.100000,0.000000,240,280,310,310,360,360,360,360,360,360,360,46,0,170,200.69565217391303,44,444,1974.0
1637164406,1,GET,/auth/login/,0.000000,0.000000,0,0,0,0,0,0,0,0,0,0,0,1,0,208,208.0,208,208,2961.0
1637164406,1,POST,/auth/login/,0.200000,0.000000,780,780,780,780,780,780,780,780,780,780,780,4,0,450,585.0,398,780,7405.25
1637164406,1,GET,/auth/logout/,0.200000,0.000000,280,280,280,280,280,280,280,280,280,280,280,3,0,280,242.66666666666666,131,316,1712.0
1637164406,1,POST,/auth/modify-friend/,0.500000,0.000000,140,140,250,250,250,250,250,250,250,250,250,23,0,180,203.47826086956522,81,715,1713.0
1637164406,1,GET,/public/,0.600000,0.000000,410,410,460,460,460,460,460,460,460,460,460,23,0,250,262.5652173913044,79,552,10081.08695652174
1637164406,1,,Aggregated,3.500000,0.000000,250,310,330,340,400,460,780,780,780,780,780,121,0,220,237.49586776859505,44,780,4616.247933884298
1637164407,1,GET,/,0.700000,0.000000,220,220,1100,1100,1100,1100,1100,1100,1100,1100,1100,18,0,220,271.8888888888889,91,1144,7964.388888888889
1637164407,1,POST,/,0.100000,0.000000,370,370,370,370,370,370,370,370,370,370,370,5,0,370,397.0,259,542,7371.6
1637164407,1,GET,/auth/find-friends/,0.800000,0.000000,240,280,310,310,360,360,360,360,360,360,360,46,0,170,200.69565217391303,44,444,1974.0
1637164407,1,GET,/auth/login/,0.000000,0.000000,0,0,0,0,0,0,0,0,0,0,0,1,0,208,208.0,208,208,2961.0
1637164407,1,POST,/auth/login/,0.200000,0.000000,780,780,780,780,780,780,780,780,780,780,780,4,0,450,585.0,398,780,7405.25
1637164407,1,GET,/auth/logout/,0.200000,0.000000,280,280,280,280,280,280,280,280,280,280,280,3,0,280,242.66666666666666,131,316,1712.0
1637164407,1,POST,/auth/modify-friend/,0.500000,0.000000,140,140,250,250,250,250,250,250,250,250,250,23,0,180,203.47826086956522,81,715,1713.0
1637164407,1,GET,/public/,0.500000,0.000000,410,410,460,460,460,460,460,460,460,460,460,23,0,250,262.5652173913044,79,552,10081.08695652174
1637164407,1,,Aggregated,3.000000,0.000000,280,310,360,400,780,1100,1100,1100,1100,1100,1100,123,0,220,244.7642276422764,44,1144,4715.471544715447
1637164408,1,GET,/,0.700000,0.000000,220,220,1100,1100,1100,1100,1100,1100,1100,1100,1100,18,0,220,271.8888888888889,91,1144,7964.388888888889
1637164408,1,POST,/,0.100000,0.000000,370,370,370,370,370,370,370,370,370,370,370,5,0,370,397.0,259,542,7371.6
1637164408,1,GET,/auth/find-friends/,0.800000,0.000000,240,280,310,310,360,360,360,360,360,360,360,46,0,170,200.69565217391303,44,444,1974.0
1637164408,1,GET,/auth/login/,0.000000,0.000000,0,0,0,0,0,0,0,0,0,0,0,1,0,208,208.0,208,208,2961.0
1637164408,1,POST,/auth/login/,0.200000,0.000000,780,780,780,780,780,780,780,780,780,780,780,4,0,450,585.0,398,780,7405.25
1637164408,1,GET,/auth/logout/,0.200000,0.000000,280,280,350,350,350,350,350,350,350,350,350,4,0,280,269.0,131,348,1712.0
1637164408,1,POST,/auth/modify-friend/,0.400000,0.000000,140,140,250,250,250,250,250,250,250,250,250,23,0,180,203.47826086956522,81,715,1713.0
1637164408,1,GET,/public/,0.500000,0.000000,410,410,460,460,460,460,460,460,460,460,460,23,0,250,262.5652173913044,79,552,10081.08695652174
1637164408,1,,Aggregated,2.900000,0.000000,280,310,350,360,460,780,1100,1100,1100,1100,1100,124,0,220,245.59677419354838,44,1144,4691.25
1637164409,1,GET,/,0.600000,0.000000,220,220,1100,1100,1100,1100,1100,1100,1100,1100,1100,18,0,220,271.8888888888889,91,1144,7964.388888888889
1637164409,1,POST,/,0.000000,0.000000,370,370,370,370,370,370,370,370,370,370,370,5,0,370,397.0,259,542,7371.6
1637164409,1,GET,/auth/find-friends/,0.900000,0.000000,280,310,310,310,360,360,360,360,360,360,360,47,0,170,200.2340425531915,44,444,1974.0
1637164409,1,GET,/auth/login/,0.000000,0.000000,0,0,0,0,0,0,0,0,0,0,0,1,0,208,208.0,208,208,2961.0
1637164409,1,POST,/auth/login/,0.200000,0.000000,500,500,780,780,780,780,780,780,780,780,780,5,0,500,567.8,398,780,8072.8
1637164409,1,GET,/auth/logout/,0.200000,0.000000,350,350,350,350,350,350,350,350,350,350,350,4,0,280,269.0,131,348,1712.0
1637164409,1,POST,/auth/modify-friend/,0.500000,0.000000,140,140,250,250,250,250,250,250,250,250,250,23,0,180,203.47826086956522,81,715,1713.0
1637164409,1,GET,/public/,0.400000,0.000000,340,340,460,460,460,460,460,460,460,460,460,24,0,240,260.125,79,552,10093.041666666666
1637164409,1,,Aggregated,2.800000,0.000000,290,340,360,400,500,780,1100,1100,1100,1100,1100,127,0,220,246.74015748031496,44,1144,4762.204724409449
1637164410,1,GET,/,0.800000,0.000000,220,220,1100,1100,1100,1100,1100,1100,1100,1100,1100,18,0,220,271.8888888888889,91,1144,7964.388888888889
1637164410,1,POST,/,0.000000,0.000000,370,370,370,370,370,370,370,370,370,370,370,5,0,370,397.0,259,542,7371.6
1637164410,1,GET,/auth/find-friends/,0.600000,0.000000,310,310,310,310,360,360,360,360,360,360,360,48,0,170,202.54166666666666,44,444,1974.0
1637164410,1,GET,/auth/login/,0.000000,0.000000,0,0,0,0,0,0,0,0,0,0,0,1,0,208,208.0,208,208,2961.0
1637164410,1,POST,/auth/login/,0.200000,0.000000,500,500,780,780,780,780,780,780,780,780,780,5,0,500,567.8,398,780,8072.8
1637164410,1,GET,/auth/logout/,0.200000,0.000000,350,350,350,350,350,350,350,350,350,350,350,4,0,280,269.0,131,348,1712.0
1637164410,1,POST,/auth/modify-friend/,0.400000,0.000000,250,250,280,280,280,280,280,280,280,280,280,24,0,180,206.75,81,715,1713.0
1637164410,1,GET,/public/,0.300000,0.000000,340,340,460,460,460,460,460,460,460,460,460,24,0,240,260.125,79,552,10093.041666666666
1637164410,1,,Aggregated,2.500000,0.000000,290,340,360,400,500,780,1100,1100,1100,1100,1100,129,0,220,247.51162790697674,44,1144,4716.953488372093
1637164411,1,GET,/,0.200000,0.000000,220,1100,1100,1500,1500,1500,1500,1500,1500,1500,1500,19,0,220,336.36842105263156,91,1497,8112.473684210527
1637164411,1,POST,/,0.000000,0.000000,370,370,370,370,370,370,370,370,370,370,370,5,0,370,397.0,259,542,7371.6
1637164411,1,GET,/auth/find-friends/,0.700000,0.000000,310,310,310,310,360,360,360,360,360,360,360,48,0,170,202.54166666666666,44,444,1974.0
1637164411,1,GET,/auth/login/,0.000000,0.000000,0,0,0,0,0,0,0,0,0,0,0,1,0,208,208.0,208,208,2961.0
1637164411,1,POST,/auth/login/,0.300000,0.000000,500,500,500,500,500,500,500,500,500,500,500,5,0,500,567.8,398,780,8072.8
1637164411,1,GET,/auth/logout/,0.200000,0.000000,350,350,350,350,350,350,350,350,350,350,350,4,0,280,269.0,131,348,1712.0
1637164411,1,POST,/auth/modify-friend/,0.300000,0.000000,250,250,280,280,280,280,280,280,280,280,280,24,0,180,206.75,81,715,1713.0
1637164411,1,GET,/public/,0.400000,0.000000,340,340,460,460,460,460,460,460,460,460,460,24,0,240,260.125,79,552,10093.041666666666
1637164411,1,,Aggregated,2.100000,0.000000,310,340,360,400,500,1100,1500,1500,1500,1500,1500,130,0,220,257.12307692307695,44,1497,4763.576923076923
1637164412,1,GET,/,0.200000,0.000000,1100,1100,1500,1500,1500,1500,1500,1500,1500,1500,1500,20,0,220,332.8,91,1497,8245.8
1637164412,1,POST,/,0.000000,0.000000,370,370,370,370,370,370,370,370,370,370,370,5,0,370,397.0,259,542,7371.6
1637164412,1,GET,/auth/find-friends/,0.700000,0.000000,280,310,310,310,310,310,310,310,310,310,310,49,0,170,201.6122448979592,44,444,1974.0
1637164412,1,GET,/auth/login/,0.000000,0.000000,0,0,0,0,0,0,0,0,0,0,0,1,0,208,208.0,208,208,2961.0
1637164412,1,POST,/auth/login/,0.300000,0.000000,500,500,500,500,500,500,500,500,500,500,500,5,0,500,567.8,398,780,8072.8
1637164412,1,GET,/auth/logout/,0.200000,0.000000,350,350,350,350,350,350,350,350,350,350,350,4,0,280,269.0,131,348,1712.0
1637164412,1,POST,/auth/modify-friend/,0.300000,0.000000,250,250,280,280,280,280,280,280,280,280,280,24,0,180,206.75,81,715,1713.0
1637164412,1,GET,/public/,0.400000,0.000000,340,340,410,410,410,410,410,410,410,410,410,25,0,250,266.24,79,552,10104.4
1637164412,1,,Aggregated,2.100000,0.000000,280,310,340,350,500,1100,1500,1500,1500,1500,1500,133,0,230,257.6015037593985,44,1497,4830.037593984963
1637164413,1,GET,/,0.200000,0.000000,1100,1100,1500,1500,1500,1500,1500,1500,1500,1500,1500,20,0,220,332.8,91,1497,8245.8
1637164413,1,POST,/,0.000000,0.000000,0,0,0,0,0,0,0,0,0,0,0,5,0,370,397.0,259,542,7371.6
1637164413,1,GET,/auth/find-friends/,0.800000,0.000000,270,280,310,310,330,330,330,330,330,330,330,51,0,180,205.50980392156862,44,444,1974.0
1637164413,1,GET,/auth/login/,0.000000,0.000000,0,0,0,0,0,0,0,0,0,0,0,1,0,208,208.0,208,208,2961.0
1637164413,1,POST,/auth/login/,0.200000,0.000000,500,500,500,500,500,500,500,500,500,500,500,5,0,500,567.8,398,780,8072.8
1637164413,1,GET,/auth/logout/,0.100000,0.000000,350,350,350,350,350,350,350,350,350,350,350,4,0,280,269.0,131,348,1712.0
1637164413,1,POST,/auth/modify-friend/,0.400000,0.000000,190,190,280,280,280,280,280,280,280,280,280,25,0,180,205.96,81,715,1713.0
1637164413,1,GET,/public/,0.400000,0.000000,410,410,440,440,440,440,440,440,440,440,440,26,0,250,272.9230769230769,79,552,10112.846153846154
1637164413,1,,Aggregated,2.100000,0.000000,280,310,350,410,500,1100,1500,1500,1500,1500,1500,137,0,230,259.05109489051097,44,1497,4805.693430656935
1637164414,1,GET,/,0.200000,0.000000,1100,1100,1500,1500,1500,1500,1500,1500,1500,1500,1500,20,0,220,332.8,91,1497,8245.8
1637164414,1,POST,/,0.000000,0.000000,0,0,0,0,0,0,0,0,0,0,0,5,0,370,397.0,259,542,7371.6
1637164414,1,GET,/auth/find-friends/,0.800000,0.000000,280,310,330,330,490,490,490,490,490,490,490,52,0,180,211.01923076923077,44,492,1974.0
1637164414,1,GET,/auth/login/,0.000000,0.000000,0,0,0,0,0,0,0,0,0,0,0,1,0,208,208.0,208,208,2961.0
1637164414,1,POST,/auth/login/,0.200000,0.000000,500,500,500,500,500,500,500,500,500,500,500,5,0,500,567.8,398,780,8072.8
1637164414,1,GET,/auth/logout/,0.100000,0.000000,350,350,350,350,350,350,350,350,350,350,350,4,0,280,269.0,131,348,1712.0
1637164414,1,POST,/auth/modify-friend/,0.400000,0.000000,280,280,280,280,280,280,280,280,280,280,280,26,0,180,208.8846153846154,81,715,1713.0
1637164414,1,GET,/public/,0.400000,0.000000,410,410,440,440,440,440,440,440,440,440,440,26,0,250,272.9230769230769,79,552,10112.846153846154
1637164414,1,,Aggregated,2.100000,0.000000,280,330,410,440,500,1100,1500,1500,1500,1500,1500,139,0,230,260.89208633093523,44,1497,4763.071942446043
1637164415,1,GET,/,0.400000,0.000000,1100,1100,1500,1500,1500,1500,1500,1500,1500,1500,1500,20,0,220,332.8,91,1497,8245.8
1637164415,1,POST,/,0.000000,0.000000,0,0,0,0,0,0,0,0,0,0,0,5,0,370,397.0,259,542,7371.6
1637164415,1,GET,/auth/find-friends/,0.900000,0.000000,280,310,330,490,530,530,530,530,530,530,530,54,0,200,218.33333333333334,44,532,1974.0
1637164415,1,GET,/auth/login/,0.000000,0.000000,0,0,0,0,0,0,0,0,0,0,0,1,0,208,208.0,208,208,2961.0
1637164415,1,POST,/auth/login/,0.100000,0.000000,500,500,500,500,500,500,500,500,500,500,500,5,0,500,567.8,398,780,8072.8
1637164415,1,GET,/auth/logout/,0.100000,0.000000,350,350,350,350,350,350,350,350,350,350,350,4,0,280,269.0,131,348,1712.0
1637164415,1,POST,/auth/modify-friend/,0.500000,0.000000,280,280,280,280,280,280,280,280,280,280,280,26,0,180,208.8846153846154,81,715,1713.0
1637164415,1,GET,/public/,0.500000,0.000000,410,430,430,440,440,440,440,440,440,440,440,27,0,260,278.5925925925926,79,552,10122.185185185184
1637164415,1,,Aggregated,2.500000,0.000000,310,410,440,490,530,1100,1500,1500,1500,1500,1500,142,0,230,264.13380281690144,44,1497,4763.239436619719
1637164416,1,GET,/,0.400000,0.000000,270,270,1100,1100,1500,1500,1500,1500,1500,1500,1500,23,0,230,321.7391304347826,91,1497,8563.04347826087
1637164416,1,POST,/,0.000000,0.000000,0,0,0,0,0,0,0,0,0,0,0,5,0,370,397.0,259,542,7371.6
1637164416,1,GET,/auth/find-friends/,1.000000,0.000000,310,330,490,490,530,530,530,530,530,530,530,54,0,200,218.33333333333334,44,532,1974.0
1637164416,1,GET,/auth/login/,0.000000,0.000000,0,0,0,0,0,0,0,0,0,0,0,1,0,208,208.0,208,208,2961.0
1637164416,1,POST,/auth/login/,0.100000,0.000000,500,500,500,500,500,500,500,500,500,500,500,5,0,500,567.8,398,780,8072.8
1637164416,1,GET,/auth/logout/,0.100000,0.000000,350,350,350,350,350,350,350,350,350,350,350,4,0,280,269.0,131,348,1712.0
1637164416,1,POST,/auth/modify-friend/,0.500000,0.000000,190,280,280,280,280,280,280,280,280,280,280,27,0,180,207.74074074074073,81,715,1713.0
1637164416,1,GET,/public/,0.400000,0.000000,430,430,440,440,440,440,440,440,440,440,440,27,0,260,278.5925925925926,79,552,10122.185185185184
1637164416,1,,Aggregated,2.500000,0.000000,280,350,430,440,500,530,1500,1500,1500,1500,1500,146,0,230,263.21232876712327,44,1497,4863.8835616438355
1637164417,1,GET,/,0.400000,0.000000,270,270,1100,1100,1500,1500,1500,1500,1500,1500,1500,23,0,230,321.7391304347826,91,1497,8563.04347826087
1637164417,1,POST,/,0.000000,0.000000,0,0,0,0,0,0,0,0,0,0,0,5,0,370,397.0,259,542,7371.6
1637164417,1,GET,/auth/find-friends/,1.000000,0.000000,310,330,490,490,530,530,530,530,530,530,530,54,0,200,218.33333333333334,44,532,1974.0
1637164417,1,GET,/auth/login/,0.000000,0.000000,0,0,0,0,0,0,0,0,0,0,0,1,0,208,208.0,208,208,2961.0
1637164417,1,POST,/auth/login/,0.100000,0.000000,500,500,500,500,500,500,500,500,500,500,500,5,0,500,567.8,398,780,8072.8
1637164417,1,GET,/auth/logout/,0.100000,0.000000,350,350,350,350,350,350,350,350,350,350,350,4,0,280,269.0,131,348,1712.0
1637164417,1,POST,/auth/modify-friend/,0.500000,0.000000,280,280,280,280,280,280,280,280,280,280,280,27,0,180,207.74074074074073,81,715,1713.0
1637164417,1,GET,/public/,0.400000,0.000000,430,430,440,440,440,440,440,440,440,440,440,27,0,260,278.5925925925926,79,552,10122.185185185184
1637164417,1,,Aggregated,2.500000,0.000000,280,330,430,440,500,530,1500,1500,1500,1500,1500,146,0,230,263.21232876712327,44,1497,4863.8835616438355
1637164418,1,GET,/,0.400000,0.000000,270,270,270,1500,1500,1500,1500,1500,1500,1500,1500,23,0,230,321.7391304347826,91,1497,8563.04347826087
1637164418,1,POST,/,0.000000,0.000000,0,0,0,0,0,0,0,0,0,0,0,5,0,370,397.0,259,542,7371.6
1637164418,1,GET,/auth/find-friends/,1.000000,0.000000,310,330,490,490,530,530,530,530,530,530,530,54,0,200,218.33333333333334,44,532,1974.0
1637164418,1,GET,/auth/login/,0.000000,0.000000,0,0,0,0,0,0,0,0,0,0,0,1,0,208,208.0,208,208,2961.0
1637164418,1,POST,/auth/login/,0.100000,0.000000,500,500,500,500,500,500,500,500,500,500,500,5,0,500,567.8,398,780,8072.8
1637164418,1,GET,/auth/logout/,0.100000,0.000000,350,350,350,350,350,350,350,350,350,350,350,4,0,280,269.0,131,348,1712.0
1637164418,1,POST,/auth/modify-friend/,0.500000,0.000000,280,280,280,280,280,280,280,280,280,280,280,27,0,180,207.74074074074073,81,715,1713.0
1637164418,1,GET,/public/,0.400000,0.000000,430,430,440,440,440,440,440,440,440,440,440,27,0,260,278.5925925925926,79,552,10122.185185185184
1637164418,1,,Aggregated,2.500000,0.000000,280,330,430,440,530,1500,1500,1500,1500,1500,1500,146,0,230,263.21232876712327,44,1497,4863.8835616438355
1637164419,1,GET,/,0.600000,0.000000,270,270,270,1500,1500,1500,1500,1500,1500,1500,1500,23,0,230,321.7391304347826,91,1497,8563.04347826087
1637164419,1,POST,/,0.000000,0.000000,0,0,0,0,0,0,0,0,0,0,0,5,0,370,397.0,259,542,7371.6
1637164419,1,GET,/auth/find-friends/,0.800000,0.000000,310,330,490,490,530,530,530,530,530,530,530,54,0,200,218.33333333333334,44,532,1974.0
1637164419,1,GET,/auth/login/,0.000000,0.000000,0,0,0,0,0,0,0,0,0,0,0,1,0,208,208.0,208,208,2961.0
1637164419,1,POST,/auth/login/,0.100000,0.000000,500,500,500,500,500,500,500,500,500,500,500,5,0,500,567.8,398,780,8072.8
1637164419,1,GET,/auth/logout/,0.100000,0.000000,2500,2500,2500,2500,2500,2500,2500,2500,2500,2500,2500,5,0,320,717.0,131,2509,1712.0
1637164419,1,POST,/auth/modify-friend/,0.400000,0.000000,280,280,280,280,280,280,280,280,280,280,280,27,0,180,207.74074074074073,81,715,1713.0
1637164419,1,GET,/public/,0.400000,0.000000,430,430,440,440,440,440,440,440,440,440,440,27,0,260,278.5925925925926,79,552,10122.185185185184
1637164419,1,,Aggregated,2.400000,0.000000,280,410,440,490,1500,2500,2500,2500,2500,2500,2500,147,0,230,278.48979591836735,44,2509,4842.442176870748
1637164420,1,GET,/,0.500000,0.000000,270,270,270,1500,1500,1500,1500,1500,1500,1500,1500,23,0,230,321.7391304347826,91,1497,8563.04347826087
1637164420,1,POST,/,0.000000,0.000000,0,0,0,0,0,0,0,0,0,0,0,5,0,370,397.0,259,542,7371.6
1637164420,1,GET,/auth/find-friends/,0.800000,0.000000,330,330,490,490,530,530,530,530,530,530,530,54,0,200,218.33333333333334,44,532,1974.0
1637164420,1,GET,/auth/login/,0.000000,0.000000,0,0,0,0,0,0,0,0,0,0,0,1,0,208,208.0,208,208,2961.0
1637164420,1,POST,/auth/login/,0.100000,0.000000,500,500,500,500,500,500,500,500,500,500,500,6,0,450,543.6666666666666,398,780,8462.666666666666
1637164420,1,GET,/auth/logout/,0.000000,0.000000,2500,2500,2500,2500,2500,2500,2500,2500,2500,2500,2500,5,0,320,717.0,131,2509,1712.0
1637164420,1,POST,/auth/modify-friend/,0.400000,0.000000,190,190,280,280,280,280,280,280,280,280,280,27,0,180,207.74074074074073,81,715,1713.0
1637164420,1,GET,/public/,0.400000,0.000000,430,430,440,440,440,440,440,440,440,440,440,28,0,250,273.17857142857144,79,552,10119.5
1637164420,1,,Aggregated,2.200000,0.000000,280,420,440,490,1500,2500,2500,2500,2500,2500,2500,149,0,230,278.4429530201342,44,2509,4914.751677852349
1637164421,1,GET,/,0.500000,0.000000,260,270,270,270,1500,1500,1500,1500,1500,1500,1500,25,0,220,307.4,91,1497,8713.52
1637164421,1,POST,/,0.000000,0.000000,0,0,0,0,0,0,0,0,0,0,0,5,0,370,397.0,259,542,7371.6
1637164421,1,GET,/auth/find-friends/,0.700000,0.000000,280,330,490,490,530,530,530,530,530,530,530,57,0,200,215.91228070175438,44,532,1974.0
1637164421,1,GET,/auth/login/,0.000000,0.000000,0,0,0,0,0,0,0,0,0,0,0,1,0,208,208.0,208,208,2961.0
1637164421,1,POST,/auth/login/,0.000000,0.000000,500,500,500,500,500,500,500,500,500,500,500,6,0,450,543.6666666666666,398,780,8462.666666666666
1637164421,1,GET,/auth/logout/,0.100000,0.000000,2500,2500,2500,2500,2500,2500,2500,2500,2500,2500,2500,5,0,320,717.0,131,2509,1712.0
1637164421,1,POST,/auth/modify-friend/,0.400000,0.000000,230,230,280,280,280,280,280,280,280,280,280,28,0,180,208.39285714285714,81,715,1713.0
1637164421,1,GET,/public/,0.300000,0.000000,430,430,440,440,440,440,440,440,440,440,440,29,0,250,268.3448275862069,79,552,10119.310344827587
1637164421,1,,Aggregated,2.000000,0.000000,270,280,420,430,490,530,2500,2500,2500,2500,2500,156,0,230,273.39102564102564,44,2509,4941.891025641025
1637164422,1,GET,/,0.500000,0.000000,260,270,270,270,1500,1500,1500,1500,1500,1500,1500,25,0,220,307.4,91,1497,8713.52
1637164422,1,POST,/,0.000000,0.000000,0,0,0,0,0,0,0,0,0,0,0,5,0,370,397.0,259,542,7371.6
1637164422,1,GET,/auth/find-friends/,0.600000,0.000000,230,280,330,490,530,530,530,530,530,530,530,60,0,190,214.93333333333334,44,532,1974.0
1637164422,1,GET,/auth/login/,0.000000,0.000000,0,0,0,0,0,0,0,0,0,0,0,1,0,208,208.0,208,208,2961.0
1637164422,1,POST,/auth/login/,0.000000,0.000000,500,500,500,500,500,500,500,500,500,500,500,6,0,450,543.6666666666666,398,780,8462.666666666666
1637164422,1,GET,/auth/logout/,0.100000,0.000000,2500,2500,2500,2500,2500,2500,2500,2500,2500,2500,2500,5,0,320,717.0,131,2509,1712.0
1637164422,1,POST,/auth/modify-friend/,0.300000,0.000000,230,230,280,280,280,280,280,280,280,280,280,29,0,180,207.3448275862069,81,715,1713.0
1637164422,1,GET,/public/,0.300000,0.000000,130,430,430,440,440,440,440,440,440,440,440,30,0,240,263.8333333333333,79,552,10128.366666666667
1637164422,1,,Aggregated,1.800000,0.000000,220,270,280,420,490,530,2500,2500,2500,2500,2500,161,0,230,270.49068322981367,44,2509,4900.378881987577
1637164423,1,GET,/,0.500000,0.000000,210,270,270,270,270,270,270,270,270,270,270,25,0,220,307.4,91,1497,8713.52
1637164423,1,POST,/,0.000000,0.000000,0,0,0,0,0,0,0,0,0,0,0,5,0,370,397.0,259,542,7371.6
1637164423,1,GET,/auth/find-friends/,0.800000,0.000000,190,220,230,280,530,530,530,530,530,530,530,62,0,180,212.93548387096774,44,532,1974.0
1637164423,1,GET,/auth/login/,0.000000,0.000000,0,0,0,0,0,0,0,0,0,0,0,1,0,208,208.0,208,208,2961.0
1637164423,1,POST,/auth/login/,0.100000,0.000000,500,500,500,500,500,500,500,500,500,500,500,6,0,450,543.6666666666666,398,780,8462.666666666666
1637164423,1,GET,/auth/logout/,0.100000,0.000000,2500,2500,2500,2500,2500,2500,2500,2500,2500,2500,2500,5,0,320,717.0,131,2509,1712.0
1637164423,1,POST,/auth/modify-friend/,0.400000,0.000000,230,230,240,240,280,280,280,280,280,280,280,31,0,180,205.67741935483872,81,715,1713.0
1637164423,1,GET,/public/,0.400000,0.000000,150,150,200,200,430,430,430,430,430,430,430,32,0,240,258.21875,79,552,10149.46875
1637164423,1,,Aggregated,2.300000,0.000000,190,230,270,270,430,530,2500,2500,2500,2500,2500,167,0,220,266.8622754491018,44,2509,4893.814371257485
1637164424,1,GET,/,0.500000,0.000000,210,270,270,270,270,270,270,270,270,270,270,25,0,220,307.4,91,1497,8713.52
1637164424,1,POST,/,0.000000,0.000000,0,0,0,0,0,0,0,0,0,0,0,5,0,370,397.0,259,542,7371.6
1637164424,1,GET,/auth/find-friends/,0.900000,0.000000,190,220,230,230,270,530,530,530,530,530,530,64,0,190,213.6875,44,532,1974.0
1637164424,1,GET,/auth/login/,0.000000,0.000000,0,0,0,0,0,0,0,0,0,0,0,1,0,208,208.0,208,208,2961.0
1637164424,1,POST,/auth/login/,0.100000,0.000000,420,420,420,420,420,420,420,420,420,420,420,6,0,450,543.6666666666666,398,780,8462.666666666666
1637164424,1,GET,/auth/logout/,0.100000,0.000000,2500,2500,2500,2500,2500,2500,2500,2500,2500,2500,2500,5,0,320,717.0,131,2509,1712.0
1637164424,1,POST,/auth/modify-friend/,0.500000,0.000000,230,230,240,240,260,260,260,260,260,260,260,32,0,180,207.40625,81,715,1713.0
1637164424,1,GET,/public/,0.500000,0.000000,150,150,200,200,430,430,430,430,430,430,430,32,0,240,258.21875,79,552,10149.46875
1637164424,1,,Aggregated,2.600000,0.000000,190,230,240,270,420,530,2500,2500,2500,2500,2500,170,0,220,266.4764705882353,44,2509,4840.752941176471
1637164425,1,GET,/,0.500000,0.000000,150,150,270,270,270,270,270,270,270,270,270,25,0,220,307.4,91,1497,8713.52
1637164425,1,POST,/,0.000000,0.000000,0,0,0,0,0,0,0,0,0,0,0,5,0,370,397.0,259,542,7371.6
1637164425,1,GET,/auth/find-friends/,1.100000,0.000000,190,220,230,270,440,530,530,530,530,530,530,66,0,190,216.46969696969697,44,532,1974.0
1637164425,1,GET,/auth/login/,0.000000,0.000000,0,0,0,0,0,0,0,0,0,0,0,1,0,208,208.0,208,208,2961.0
1637164425,1,POST,/auth/login/,0.100000,0.000000,420,420,420,420,420,420,420,420,420,420,420,6,0,450,543.6666666666666,398,780,8462.666666666666
1637164425,1,GET,/auth/logout/,0.100000,0.000000,2500,2500,2500,2500,2500,2500,2500,2500,2500,2500,2500,5,0,320,717.0,131,2509,1712.0
1637164425,1,POST,/auth/modify-friend/,0.500000,0.000000,230,230,240,240,260,260,260,260,260,260,260,32,0,180,207.40625,81,715,1713.0
1637164425,1,GET,/public/,0.500000,0.000000,150,200,430,430,650,650,650,650,650,650,650,33,0,240,270.1212121212121,79,651,10155.09090909091
1637164425,1,,Aggregated,2.800000,0.000000,190,230,260,270,440,650,2500,2500,2500,2500,2500,173,0,220,269.15028901734104,44,2509,4839.369942196532
1637164426,1,GET,/,0.500000,0.000000,150,150,270,270,270,270,270,270,270,270,270,25,0,220,307.4,91,1497,8713.52
1637164426,1,POST,/,0.000000,0.000000,0,0,0,0,0,0,0,0,0,0,0,5,0,370,397.0,259,542,7371.6
1637164426,1,GET,/auth/find-friends/,1.200000,0.000000,210,220,270,270,440,530,530,530,530,530,530,68,0,200,217.2058823529412,44,532,1974.0
1637164426,1,GET,/auth/login/,0.000000,0.000000,0,0,0,0,0,0,0,0,0,0,0,1,0,208,208.0,208,208,2961.0
1637164426,1,POST,/auth/login/,0.100000,0.000000,420,420,420,420,420,420,420,420,420,420,420,6,0,450,543.6666666666666,398,780,8462.666666666666
1637164426,1,GET,/auth/logout/,0.100000,0.000000,2500,2500,2500,2500,2500,2500,2500,2500,2500,2500,2500,5,0,320,717.0,131,2509,1712.0
1637164426,1,POST,/auth/modify-friend/,0.500000,0.000000,200,230,240,240,260,260,260,260,260,260,260,33,0,190,207.1818181818182,81,715,1713.0
1637164426,1,GET,/public/,0.600000,0.000000,200,430,480,480,650,650,650,650,650,650,650,34,0,240,276.38235294117646,79,651,10158.14705882353
1637164426,1,,Aggregated,3.000000,0.000000,200,230,270,270,440,650,2500,2500,2500,2500,2500,177,0,220,269.6553672316384,44,2509,4819.949152542373
1637164427,1,GET,/,0.500000,0.000000,270,270,270,380,380,380,380,380,380,380,380,27,0,230,308.81481481481484,91,1497,8864.333333333334
1637164427,1,POST,/,0.000000,0.000000,0,0,0,0,0,0,0,0,0,0,0,5,0,370,397.0,259,542,7371.6
1637164427,1,GET,/auth/find-friends/,1.100000,0.000000,210,220,230,270,270,440,440,440,440,440,440,68,0,200,217.2058823529412,44,532,1974.0
1637164427,1,GET,/auth/login/,0.000000,0.000000,0,0,0,0,0,0,0,0,0,0,0,1,0,208,208.0,208,208,2961.0
1637164427,1,POST,/auth/login/,0.100000,0.000000,420,420,420,420,420,420,420,420,420,420,420,6,0,450,543.6666666666666,398,780,8462.666666666666
1637164427,1,GET,/auth/logout/,0.100000,0.000000,2500,2500,2500,2500,2500,2500,2500,2500,2500,2500,2500,5,0,320,717.0,131,2509,1712.0
1637164427,1,POST,/auth/modify-friend/,0.600000,0.000000,230,240,260,260,290,290,290,290,290,290,290,34,0,190,209.55882352941177,81,715,1713.0
1637164427,1,GET,/public/,0.600000,0.000000,150,200,480,480,650,650,650,650,650,650,650,34,0,240,276.38235294117646,79,651,10158.14705882353
1637164427,1,,Aggregated,3.000000,0.000000,210,240,270,290,440,650,2500,2500,2500,2500,2500,180,0,230,270.3888888888889,44,2509,4868.572222222222
1637164428,1,GET,/,0.300000,0.000000,270,270,380,380,380,380,380,380,380,380,380,27,0,230,308.81481481481484,91,1497,8864.333333333334
1637164428,1,POST,/,0.000000,0.000000,0,0,0,0,0,0,0,0,0,0,0,6,0,370,461.5,259,784,7939.5
1637164428,1,GET,/auth/find-friends/,1.200000,0.000000,210,220,230,270,270,440,440,440,440,440,440,68,0,200,217.2058823529412,44,532,1974.0
1637164428,1,GET,/auth/login/,0.000000,0.000000,0,0,0,0,0,0,0,0,0,0,0,1,0,208,208.0,208,208,2961.0
1637164428,1,POST,/auth/login/,0.100000,0.000000,420,420,420,420,420,420,420,420,420,420,420,6,0,450,543.6666666666666,398,780,8462.666666666666
1637164428,1,GET,/auth/logout/,0.100000,0.000000,2500,2500,2500,2500,2500,2500,2500,2500,2500,2500,2500,5,0,320,717.0,131,2509,1712.0
1637164428,1,POST,/auth/modify-friend/,0.600000,0.000000,230,240,260,260,290,290,290,290,290,290,290,34,0,190,209.55882352941177,81,715,1713.0
1637164428,1,GET,/public/,0.600000,0.000000,200,250,480,480,650,650,650,650,650,650,650,35,0,250,275.54285714285714,79,651,10167.142857142857
1637164428,1,,Aggregated,2.900000,0.000000,210,250,270,290,480,780,2500,2500,2500,2500,2500,182,0,230,273.0824175824176,44,2509,4931.840659340659
1637164429,1,GET,/,0.200000,0.000000,270,270,380,380,380,380,380,380,380,380,380,27,0,230,308.81481481481484,91,1497,8864.333333333334
1637164429,1,POST,/,0.000000,0.000000,780,780,780,780,780,780,780,780,780,780,780,6,0,370,461.5,259,784,7939.5
1637164429,1,GET,/auth/find-friends/,1.400000,0.000000,210,220,230,230,270,440,440,440,440,440,440,70,0,200,217.2,44,532,1974.0
1637164429,1,GET,/auth/login/,0.000000,0.000000,0,0,0,0,0,0,0,0,0,0,0,1,0,208,208.0,208,208,2961.0
1637164429,1,POST,/auth/login/,0.100000,0.000000,420,420,420,420,420,420,420,420,420,420,420,6,0,450,543.6666666666666,398,780,8462.666666666666
1637164429,1,GET,/auth/logout/,0.100000,0.000000,2500,2500,2500,2500,2500,2500,2500,2500,2500,2500,2500,5,0,320,717.0,131,2509,1712.0
1637164429,1,POST,/auth/modify-friend/,0.700000,0.000000,240,260,280,280,290,290,290,290,290,290,290,35,0,200,211.54285714285714,81,715,1713.0
1637164429,1,GET,/public/,0.700000,0.000000,200,250,340,480,650,650,650,650,650,650,650,36,0,250,277.4166666666667,79,651,10173.416666666666
1637164429,1,,Aggregated,3.200000,0.000000,220,250,270,290,440,650,780,780,780,780,780,186,0,230,272.88709677419354,44,2509,4912.091397849463
1637164430,1,GET,/,0.400000,0.000000,220,270,270,380,380,380,380,380,380,380,380,28,0,220,305.57142857142856,91,1497,8934.857142857143
1637164430,1,POST,/,0.000000,0.000000,780,780,780,780,780,780,780,780,780,780,780,6,0,370,461.5,259,784,7939.5
1637164430,1,GET,/auth/find-friends/,1.400000,0.000000,220,220,270,270,400,440,440,440,440,440,440,72,0,210,220.27777777777777,44,532,1974.0
1637164430,1,GET,/auth/login/,0.000000,0.000000,0,0,0,0,0,0,0,0,0,0,0,1,0,208,208.0,208,208,2961.0
1637164430,1,POST,/auth/login/,0.100000,0.000000,420,420,420,420,420,420,420,420,420,420,420,6,0,450,543.6666666666666,398,780,8462.666666666666
1637164430,1,GET,/auth/logout/,0.100000,0.000000,2500,2500,2500,2500,2500,2500,2500,2500,2500,2500,2500,5,0,320,717.0,131,2509,1712.0
1637164430,1,POST,/auth/modify-friend/,0.700000,0.000000,240,260,280,280,290,290,290,290,290,290,290,36,0,190,210.75,81,715,1713.0
1637164430,1,GET,/public/,0.700000,0.000000,250,340,480,480,650,650,650,650,650,650,650,36,0,250,277.4166666666667,79,651,10173.416666666666
1637164430,1,,Aggregated,3.400000,0.000000,220,260,270,290,440,650,780,780,780,780,780,190,0,230,272.70526315789476,44,2509,4895.521052631579
1637164431,1,GET,/,0.400000,0.000000,220,220,270,270,380,380,380,380,380,380,380,32,0,220,295.84375,91,1497,9168.40625
1637164431,1,POST,/,0.100000,0.000000,780,780,780,780,780,780,780,780,780,780,780,6,0,370,461.5,259,784,7939.5
1637164431,1,GET,/auth/find-friends/,1.600000,0.000000,220,260,270,270,400,440,440,440,440,440,440,72,0,210,220.27777777777777,44,532,1974.0
1637164431,1,GET,/auth/login/,0.000000,0.000000,0,0,0,0,0,0,0,0,0,0,0,1,0,208,208.0,208,208,2961.0
1637164431,1,POST,/auth/login/,0.100000,0.000000,420,420,420,420,420,420,420,420,420,420,420,6,0,450,543.6666666666666,398,780,8462.666666666666
1637164431,1,GET,/auth/logout/,0.000000,0.000000,2500,2500,2500,2500,2500,2500,2500,2500,2500,2500,2500,5,0,320,717.0,131,2509,1712.0
1637164431,1,POST,/auth/modify-friend/,0.700000,0.000000,240,260,280,280,290,290,290,290,290,290,290,36,0,190,210.75,81,715,1713.0
1637164431,1,GET,/public/,0.800000,0.000000,340,340,480,480,650,650,650,650,650,650,650,36,0,250,277.4166666666667,79,651,10173.416666666666
1637164431,1,,Aggregated,3.700000,0.000000,220,270,280,340,440,650,780,780,780,780,780,194,0,230,271.7783505154639,44,2509,5017.329896907217
1637164432,1,GET,/,0.400000,0.000000,220,220,270,270,380,380,380,380,380,380,380,32,0,220,295.84375,91,1497,9168.40625
1637164432,1,POST,/,0.100000,0.000000,780,780,780,780,780,780,780,780,780,780,780,6,0,370,461.5,259,784,7939.5
1637164432,1,GET,/auth/find-friends/,1.700000,0.000000,220,270,270,290,400,440,440,440,440,440,440,74,0,210,221.25675675675674,44,532,1974.0
1637164432,1,GET,/auth/login/,0.000000,0.000000,0,0,0,0,0,0,0,0,0,0,0,1,0,208,208.0,208,208,2961.0
1637164432,1,POST,/auth/login/,0.100000,0.000000,420,420,420,420,420,420,420,420,420,420,420,6,0,450,543.6666666666666,398,780,8462.666666666666
1637164432,1,GET,/auth/logout/,0.000000,0.000000,2500,2500,2500,2500,2500,2500,2500,2500,2500,2500,2500,5,0,320,717.0,131,2509,1712.0
1637164432,1,POST,/auth/modify-friend/,0.800000,0.000000,260,280,290,290,340,340,340,340,340,340,340,37,0,200,214.2972972972973,81,715,1713.0
1637164432,1,GET,/public/,0.900000,0.000000,340,340,480,480,650,650,650,650,650,650,650,37,0,250,276.81081081081084,79,651,10184.0
1637164432,1,,Aggregated,4.000000,0.000000,260,270,290,340,440,650,780,780,780,780,780,198,0,230,271.8939393939394,44,2509,4997.919191919192
1637164433,1,GET,/,0.600000,0.000000,220,220,270,270,380,380,380,380,380,380,380,32,0,220,295.84375,91,1497,9168.40625
1637164433,1,POST,/,0.100000,0.000000,780,780,780,780,780,780,780,780,780,780,780,6,0,370,461.5,259,784,7939.5
1637164433,1,GET,/auth/find-friends/,1.600000,0.000000,260,270,290,400,440,460,460,460,460,460,460,75,0,220,224.45333333333335,44,532,1974.0
1637164433,1,GET,/auth/login/,0.000000,0.000000,0,0,0,0,0,0,0,0,0,0,0,1,0,208,208.0,208,208,2961.0
1637164433,1,POST,/auth/login/,0.000000,0.000000,420,420,420,420,420,420,420,420,420,420,420,6,0,450,543.6666666666666,398,780,8462.666666666666
1637164433,1,GET,/auth/logout/,0.000000,0.000000,2500,2500,2500,2500,2500,2500,2500,2500,2500,2500,2500,5,0,320,717.0,131,2509,1712.0
1637164433,1,POST,/auth/modify-friend/,0.800000,0.000000,280,280,290,290,340,340,340,340,340,340,340,37,0,200,214.2972972972973,81,715,1713.0
1637164433,1,GET,/public/,0.800000,0.000000,400,400,480,480,650,650,650,650,650,650,650,38,0,250,280.13157894736844,79,651,10185.657894736842
1637164433,1,,Aggregated,3.900000,0.000000,270,290,380,400,460,650,780,780,780,780,780,200,0,230,273.495,44,2509,5009.045
1637164434,1,GET,/,0.700000,0.000000,220,270,270,270,380,380,380,380,380,380,380,32,0,220,295.84375,91,1497,9168.40625
1637164434,1,POST,/,0.100000,0.000000,780,780,780,780,780,780,780,780,780,780,780,6,0,370,461.5,259,784,7939.5
1637164434,1,GET,/auth/find-friends/,1.400000,0.000000,270,290,400,400,440,460,460,460,460,460,460,76,0,220,225.43421052631578,44,532,1974.0
1637164434,1,GET,/auth/login/,0.000000,0.000000,0,0,0,0,0,0,0,0,0,0,0,1,0,208,208.0,208,208,2961.0
1637164434,1,POST,/auth/login/,0.000000,0.000000,420,420,420,420,420,420,420,420,420,420,420,6,0,450,543.6666666666666,398,780,8462.666666666666
1637164434,1,GET,/auth/logout/,0.000000,0.000000,2500,2500,2500,2500,2500,2500,2500,2500,2500,2500,2500,5,0,320,717.0,131,2509,1712.0
1637164434,1,POST,/auth/modify-friend/,0.700000,0.000000,290,290,300,300,340,340,340,340,340,340,340,38,0,200,216.6315789473684,81,715,1713.0
1637164434,1,GET,/public/,0.700000,0.000000,340,400,480,480,650,650,650,650,650,650,650,39,0,260,280.0769230769231,79,651,10183.076923076924
1637164434,1,,Aggregated,3.600000,0.000000,270,300,340,380,440,480,780,780,780,780,780,203,0,230,273.7881773399015,44,2509,5002.862068965517
1637164435,1,GET,/,0.700000,0.000000,220,270,270,270,380,380,380,380,380,380,380,32,0,220,295.84375,91,1497,9168.40625
1637164435,1,POST,/,0.100000,0.000000,780,780,780,780,780,780,780,780,780,780,780,6,0,370,461.5,259,784,7939.5
1637164435,1,GET,/auth/find-friends/,1.300000,0.000000,270,290,400,400,460,610,610,610,610,610,610,78,0,220,230.83333333333334,44,614,1974.0
1637164435,1,GET,/auth/login/,0.000000,0.000000,0,0,0,0,0,0,0,0,0,0,0,1,0,208,208.0,208,208,2961.0
1637164435,1,POST,/auth/login/,0.000000,0.000000,420,420,420,420,420,420,420,420,420,420,420,6,0,450,543.6666666666666,398,780,8462.666666666666
1637164435,1,GET,/auth/logout/,0.000000,0.000000,2500,2500,2500,2500,2500,2500,2500,2500,2500,2500,2500,5,0,320,717.0,131,2509,1712.0
1637164435,1,POST,/auth/modify-friend/,0.700000,0.000000,300,300,300,300,340,340,340,340,340,340,340,39,0,200,218.84615384615384,81,715,1713.0
1637164435,1,GET,/public/,0.600000,0.000000,340,340,400,400,480,480,480,480,480,480,480,39,0,260,280.0769230769231,79,651,10183.076923076924
1637164435,1,,Aggregated,3.400000,0.000000,280,300,340,380,460,610,780,780,780,780,780,206,0,230,275.50485436893206,44,2509,4957.485436893204
1637164436,1,GET,/,0.700000,0.000000,220,270,270,270,380,380,380,380,380,380,380,32,0,220,295.84375,91,1497,9168.40625
1637164436,1,POST,/,0.100000,0.000000,780,780,780,780,780,780,780,780,780,780,780,6,0,370,461.5,259,784,7939.5
1637164436,1,GET,/auth/find-friends/,1.200000,0.000000,260,290,300,400,460,610,610,610,610,610,610,80,0,220,230.475,44,614,1974.0
1637164436,1,GET,/auth/login/,0.000000,0.000000,0,0,0,0,0,0,0,0,0,0,0,1,0,208,208.0,208,208,2961.0
1637164436,1,POST,/auth/login/,0.000000,0.000000,420,420,420,420,420,420,420,420,420,420,420,6,0,450,543.6666666666666,398,780,8462.666666666666
1637164436,1,GET,/auth/logout/,0.000000,0.000000,0,0,0,0,0,0,0,0,0,0,0,5,0,320,717.0,131,2509,1712.0
1637164436,1,POST,/auth/modify-friend/,0.600000,0.000000,300,300,300,300,340,340,340,340,340,340,340,39,0,200,218.84615384615384,81,715,1713.0
1637164436,1,GET,/public/,0.600000,0.000000,280,340,400,400,480,480,480,480,480,480,480,40,0,250,278.75,79,651,10173.3
1637164436,1,,Aggregated,3.200000,0.000000,270,300,340,340,400,610,780,780,780,780,780,209,0,230,274.7081339712919,44,2509,4952.066985645933
1637164437,1,GET,/,0.700000,0.000000,220,270,270,270,380,380,380,380,380,380,380,32,0,220,295.84375,91,1497,9168.40625
1637164437,1,POST,/,0.100000,0.000000,780,780,780,780,780,780,780,780,780,780,780,6,0,370,461.5,259,784,7939.5
1637164437,1,GET,/auth/find-friends/,1.200000,0.000000,260,290,400,400,460,610,610,610,610,610,610,80,0,220,230.475,44,614,1974.0
1637164437,1,GET,/auth/login/,0.000000,0.000000,0,0,0,0,0,0,0,0,0,0,0,1,0,208,208.0,208,208,2961.0
1637164437,1,POST,/auth/login/,0.000000,0.000000,420,420,420,420,420,420,420,420,420,420,420,6,0,450,543.6666666666666,398,780,8462.666666666666
1637164437,1,GET,/auth/logout/,0.000000,0.000000,0,0,0,0,0,0,0,0,0,0,0,6,0,280,626.3333333333334,131,2509,1712.0
1637164437,1,POST,/auth/modify-friend/,0.600000,0.000000,300,300,340,340,360,360,360,360,360,360,360,40,0,200,222.45,81,715,1713.0
1637164437,1,GET,/public/,0.600000,0.000000,280,280,340,340,400,400,400,400,400,400,400,40,0,250,278.75,79,651,10173.3
1637164437,1,,Aggregated,3.200000,0.000000,260,300,340,340,400,610,780,780,780,780,780,211,0,230,274.6445497630332,44,2509,4921.36018957346
1637164438,1,GET,/,0.700000,0.000000,220,220,220,270,270,270,270,270,270,270,270,32,0,220,295.84375,91,1497,9168.40625
1637164438,1,POST,/,0.100000,0.000000,780,780,780,780,780,780,780,780,780,780,780,6,0,370,461.5,259,784,7939.5
1637164438,1,GET,/auth/find-friends/,1.200000,0.000000,290,300,400,460,610,610,610,610,610,610,610,80,0,220,230.475,44,614,1974.0
1637164438,1,GET,/auth/login/,0.000000,0.000000,0,0,0,0,0,0,0,0,0,0,0,1,0,208,208.0,208,208,2961.0
1637164438,1,POST,/auth/login/,0.000000,0.000000,0,0,0,0,0,0,0,0,0,0,0,6,0,450,543.6666666666666,398,780,8462.666666666666
1637164438,1,GET,/auth/logout/,0.000000,0.000000,170,170,170,170,170,170,170,170,170,170,170,6,0,280,626.3333333333334,131,2509,1712.0
1637164438,1,POST,/auth/modify-friend/,0.600000,0.000000,300,300,340,340,360,360,360,360,360,360,360,40,0,200,222.45,81,715,1713.0
1637164438,1,GET,/public/,0.600000,0.000000,280,340,340,400,400,400,400,400,400,400,400,40,0,250,278.75,79,651,10173.3
1637164438,1,,Aggregated,3.200000,0.000000,270,300,340,340,400,460,610,610,610,610,610,211,0,230,274.6445497630332,44,2509,4921.36018957346
1637164439,1,GET,/,0.700000,0.000000,220,220,270,270,480,480,480,480,480,480,480,33,0,220,301.5151515151515,91,1497,9207.939393939394
1637164439,1,POST,/,0.100000,0.000000,780,780,780,780,780,780,780,780,780,780,780,6,0,370,461.5,259,784,7939.5
1637164439,1,GET,/auth/find-friends/,1.200000,0.000000,260,290,300,460,610,610,610,610,610,610,610,80,0,220,230.475,44,614,1974.0
1637164439,1,GET,/auth/login/,0.000000,0.000000,0,0,0,0,0,0,0,0,0,0,0,1,0,208,208.0,208,208,2961.0
1637164439,1,POST,/auth/login/,0.000000,0.000000,0,0,0,0,0,0,0,0,0,0,0,7,0,500,617.5714285714286,398,1061,8749.857142857143
1637164439,1,GET,/auth/logout/,0.000000,0.000000,170,170,170,170,170,170,170,170,170,170,170,6,0,280,626.3333333333334,131,2509,1712.0
1637164439,1,POST,/auth/modify-friend/,0.600000,0.000000,300,340,340,360,360,360,360,360,360,360,360,40,0,200,222.45,81,715,1713.0
1637164439,1,GET,/public/,0.600000,0.000000,280,280,340,340,400,400,400,400,400,400,400,41,0,250,277.8048780487805,79,651,10174.780487804877
1637164439,1,,Aggregated,3.200000,0.000000,260,300,340,360,480,610,1100,1100,1100,1100,1100,214,0,230,279.13084112149534,44,2509,4998.070093457944
1637164440,1,GET,/,0.500000,0.000000,240,270,270,480,480,480,480,480,480,480,480,34,0,220,299.8529411764706,91,1497,9241.14705882353
1637164440,1,POST,/,0.100000,0.000000,780,780,780,780,780,780,780,780,780,780,780,6,0,370,461.5,259,784,7939.5
1637164440,1,GET,/auth/find-friends/,1.200000,0.000000,260,300,300,300,460,610,610,610,610,610,610,82,0,220,230.9512195121951,44,614,1974.0
1637164440,1,GET,/auth/login/,0.000000,0.000000,0,0,0,0,0,0,0,0,0,0,0,1,0,208,208.0,208,208,2961.0
1637164440,1,POST,/auth/login/,0.000000,0.000000,1100,1100,1100,1100,1100,1100,1100,1100,1100,1100,1100,7,0,500,617.5714285714286,398,1061,8749.857142857143
1637164440,1,GET,/auth/logout/,0.100000,0.000000,170,170,170,170,170,170,170,170,170,170,170,6,0,280,626.3333333333334,131,2509,1712.0
1637164440,1,POST,/auth/modify-friend/,0.600000,0.000000,300,300,340,340,360,360,360,360,360,360,360,41,0,200,224.1951219512195,81,715,1713.0
1637164440,1,GET,/public/,0.600000,0.000000,260,280,280,400,400,400,400,400,400,400,400,41,0,250,277.8048780487805,79,651,10174.780487804877
1637164440,1,,Aggregated,3.100000,0.000000,280,300,340,360,480,610,1100,1100,1100,1100,1100,218,0,240,278.77522935779814,44,2509,4979.747706422018
1637164441,1,GET,/,0.500000,0.000000,240,270,270,480,480,480,480,480,480,480,480,34,0,220,299.8529411764706,91,1497,9241.14705882353
1637164441,1,POST,/,0.000000,0.000000,780,780,780,780,780,780,780,780,780,780,780,6,0,370,461.5,259,784,7939.5
1637164441,1,GET,/auth/find-friends/,1.000000,0.000000,290,300,300,460,610,610,610,610,610,610,610,82,0,220,230.9512195121951,44,614,1974.0
1637164441,1,GET,/auth/login/,0.000000,0.000000,0,0,0,0,0,0,0,0,0,0,0,1,0,208,208.0,208,208,2961.0
1637164441,1,POST,/auth/login/,0.000000,0.000000,1100,1100,1100,1100,1100,1100,1100,1100,1100,1100,1100,7,0,500,617.5714285714286,398,1061,8749.857142857143
1637164441,1,GET,/auth/logout/,0.100000,0.000000,220,220,220,220,220,220,220,220,220,220,220,7,0,280,568.2857142857143,131,2509,1712.0
1637164441,1,POST,/auth/modify-friend/,0.600000,0.000000,300,340,340,360,360,360,360,360,360,360,360,41,0,200,224.1951219512195,81,715,1713.0
1637164441,1,GET,/public/,0.500000,0.000000,260,280,280,400,400,400,400,400,400,400,400,41,0,250,277.8048780487805,79,651,10174.780487804877
1637164441,1,,Aggregated,2.700000,0.000000,290,300,360,400,480,610,1100,1100,1100,1100,1100,219,0,240,278.5068493150685,44,2509,4964.826484018265
1637164443,1,GET,/,0.500000,0.000000,240,270,270,480,480,480,480,480,480,480,480,34,0,220,299.8529411764706,91,1497,9241.14705882353
1637164443,1,POST,/,0.000000,0.000000,780,780,780,780,780,780,780,780,780,780,780,6,0,370,461.5,259,784,7939.5
1637164443,1,GET,/auth/find-friends/,1.000000,0.000000,300,300,460,460,610,610,610,610,610,610,610,82,0,220,230.9512195121951,44,614,1974.0
1637164443,1,GET,/auth/login/,0.000000,0.000000,0,0,0,0,0,0,0,0,0,0,0,1,0,208,208.0,208,208,2961.0
1637164443,1,POST,/auth/login/,0.000000,0.000000,1100,1100,1100,1100,1100,1100,1100,1100,1100,1100,1100,7,0,500,617.5714285714286,398,1061,8749.857142857143
1637164443,1,GET,/auth/logout/,0.100000,0.000000,220,220,220,220,220,220,220,220,220,220,220,7,0,280,568.2857142857143,131,2509,1712.0
1637164443,1,POST,/auth/modify-friend/,0.600000,0.000000,300,300,360,360,360,360,360,360,360,360,360,41,0,200,224.1951219512195,81,715,1713.0
1637164443,1,GET,/public/,0.500000,0.000000,240,240,280,280,280,280,280,280,280,280,280,41,0,250,277.8048780487805,79,651,10174.780487804877
1637164443,1,,Aggregated,2.700000,0.000000,280,300,300,360,610,1100,1100,1100,1100,1100,1100,219,0,240,278.5068493150685,44,2509,4964.826484018265
1637164444,1,GET,/,0.500000,0.000000,270,270,480,480,670,670,670,670,670,670,670,35,0,230,310.51428571428573,91,1497,9269.542857142857
1637164444,1,POST,/,0.000000,0.000000,780,780,780,780,780,780,780,780,780,780,780,6,0,370,461.5,259,784,7939.5
1637164444,1,GET,/auth/find-friends/,1.000000,0.000000,260,260,300,300,610,610,610,610,610,610,610,82,0,220,230.9512195121951,44,614,1974.0
1637164444,1,GET,/auth/login/,0.000000,0.000000,0,0,0,0,0,0,0,0,0,0,0,1,0,208,208.0,208,208,2961.0
1637164444,1,POST,/auth/login/,0.100000,0.000000,1100,1100,1100,1100,1100,1100,1100,1100,1100,1100,1100,8,0,500,664.5,398,1061,8967.25
1637164444,1,GET,/auth/logout/,0.100000,0.000000,220,220,220,220,220,220,220,220,220,220,220,7,0,280,568.2857142857143,131,2509,1712.0
1637164444,1,POST,/auth/modify-friend/,0.500000,0.000000,300,300,360,360,360,360,360,360,360,360,360,41,0,200,224.1951219512195,81,715,1713.0
1637164444,1,GET,/public/,0.500000,0.000000,240,240,240,240,240,240,240,240,240,240,240,41,0,250,277.8048780487805,79,651,10174.780487804877
1637164444,1,,Aggregated,2.700000,0.000000,290,300,480,610,990,1100,1100,1100,1100,1100,1100,221,0,240,283.52488687782807,44,2509,5013.669683257918
1637164445,1,GET,/,0.200000,0.000000,480,480,670,670,670,670,670,670,670,670,670,35,0,230,310.51428571428573,91,1497,9269.542857142857
1637164445,1,POST,/,0.000000,0.000000,1000,1000,1000,1000,1000,1000,1000,1000,1000,1000,1000,7,0,490,542.4285714285714,259,1028,8246.57142857143
1637164445,1,GET,/auth/find-friends/,1.000000,0.000000,250,250,300,300,300,300,300,300,300,300,300,82,0,220,230.9512195121951,44,614,1974.0
1637164445,1,GET,/auth/login/,0.000000,0.000000,0,0,0,0,0,0,0,0,0,0,0,1,0,208,208.0,208,208,2961.0
1637164445,1,POST,/auth/login/,0.100000,0.000000,1100,1100,1100,1100,1100,1100,1100,1100,1100,1100,1100,8,0,500,664.5,398,1061,8967.25
1637164445,1,GET,/auth/logout/,0.200000,0.000000,220,220,220,220,220,220,220,220,220,220,220,7,0,280,568.2857142857143,131,2509,1712.0
1637164445,1,POST,/auth/modify-friend/,0.500000,0.000000,360,360,360,360,360,360,360,360,360,360,360,41,0,200,224.1951219512195,81,715,1713.0
1637164445,1,GET,/public/,0.400000,0.000000,240,240,240,240,240,240,240,240,240,240,240,41,0,250,277.8048780487805,79,651,10174.780487804877
1637164445,1,,Aggregated,2.400000,0.000000,290,360,670,990,1000,1100,1100,1100,1100,1100,1100,222,0,240,286.8783783783784,44,2509,5036.531531531532
1637164446,1,GET,/,0.200000,0.000000,480,480,670,670,670,670,670,670,670,670,670,35,0,230,310.51428571428573,91,1497,9269.542857142857
1637164446,1,POST,/,0.000000,0.000000,1000,1000,1000,1000,1000,1000,1000,1000,1000,1000,1000,7,0,490,542.4285714285714,259,1028,8246.57142857143
1637164446,1,GET,/auth/find-friends/,0.800000,0.000000,250,250,300,300,300,300,300,300,300,300,300,82,0,220,230.9512195121951,44,614,1974.0
1637164446,1,GET,/auth/login/,0.000000,0.000000,0,0,0,0,0,0,0,0,0,0,0,1,0,208,208.0,208,208,2961.0
1637164446,1,POST,/auth/login/,0.100000,0.000000,1100,1100,1100,1100,1100,1100,1100,1100,1100,1100,1100,8,0,500,664.5,398,1061,8967.25
1637164446,1,GET,/auth/logout/,0.200000,0.000000,220,220,220,220,220,220,220,220,220,220,220,7,0,280,568.2857142857143,131,2509,1712.0
1637164446,1,POST,/auth/modify-friend/,0.400000,0.000000,360,360,360,360,360,360,360,360,360,360,360,41,0,200,224.1951219512195,81,715,1713.0
1637164446,1,GET,/public/,0.400000,0.000000,240,240,800,800,800,800,800,800,800,800,800,42,0,250,290.1666666666667,79,797,10172.452380952382
1637164446,1,,Aggregated,2.100000,0.000000,300,670,800,990,1000,1100,1100,1100,1100,1100,1100,223,0,240,289.1659192825112,44,2509,5059.134529147982
1637164447,1,GET,/,0.300000,0.000000,480,480,670,670,670,670,670,670,670,670,670,35,0,230,310.51428571428573,91,1497,9269.542857142857
1637164447,1,POST,/,0.000000,0.000000,1000,1000,1000,1000,1000,1000,1000,1000,1000,1000,1000,7,0,490,542.4285714285714,259,1028,8246.57142857143
1637164447,1,GET,/auth/find-friends/,0.600000,0.000000,250,300,300,1300,1300,1300,1300,1300,1300,1300,1300,83,0,220,243.3855421686747,44,1263,1974.0
1637164447,1,GET,/auth/login/,0.000000,0.000000,0,0,0,0,0,0,0,0,0,0,0,1,0,208,208.0,208,208,2961.0
1637164447,1,POST,/auth/login/,0.200000,0.000000,1100,1100,1100,1100,1100,1100,1100,1100,1100,1100,1100,8,0,500,664.5,398,1061,8967.25
1637164447,1,GET,/auth/logout/,0.200000,0.000000,220,220,220,220,220,220,220,220,220,220,220,7,0,280,568.2857142857143,131,2509,1712.0
1637164447,1,POST,/auth/modify-friend/,0.400000,0.000000,360,360,360,360,360,360,360,360,360,360,360,41,0,200,224.1951219512195,81,715,1713.0
1637164447,1,GET,/public/,0.300000,0.000000,800,800,800,800,800,800,800,800,800,800,800,42,0,250,290.1666666666667,79,797,10172.452380952382
1637164447,1,,Aggregated,2.000000,0.000000,480,800,990,1000,1100,1300,1300,1300,1300,1300,1300,224,0,240,293.51339285714283,44,2509,5045.361607142857
1637164448,1,GET,/,0.300000,0.000000,480,480,670,670,670,670,670,670,670,670,670,35,0,230,310.51428571428573,91,1497,9269.542857142857
1637164448,1,POST,/,0.100000,0.000000,1000,1000,1000,1000,1000,1000,1000,1000,1000,1000,1000,7,0,490,542.4285714285714,259,1028,8246.57142857143
1637164448,1,GET,/auth/find-friends/,0.600000,0.000000,680,680,1300,1300,1300,1300,1300,1300,1300,1300,1300,84,0,220,248.61904761904762,44,1263,1974.0
1637164448,1,GET,/auth/login/,0.000000,0.000000,0,0,0,0,0,0,0,0,0,0,0,1,0,208,208.0,208,208,2961.0
1637164448,1,POST,/auth/login/,0.200000,0.000000,1100,1100,1100,1100,1100,1100,1100,1100,1100,1100,1100,8,0,500,664.5,398,1061,8967.25
1637164448,1,GET,/auth/logout/,0.200000,0.000000,220,220,220,220,220,220,220,220,220,220,220,7,0,280,568.2857142857143,131,2509,1712.0
1637164448,1,POST,/auth/modify-friend/,0.300000,0.000000,380,380,380,380,380,380,380,380,380,380,380,42,0,200,227.97619047619048,81,715,1713.0
1637164448,1,GET,/public/,0.200000,0.000000,800,800,800,800,800,800,800,800,800,800,800,42,0,250,290.1666666666667,79,797,10172.452380952382
1637164448,1,,Aggregated,1.900000,0.000000,480,680,990,1000,1100,1300,1300,1300,1300,1300,1300,226,0,240,295.63274336283183,44,2509,5017.026548672567
1637164449,1,GET,/,0.300000,0.000000,670,670,670,670,670,670,670,670,670,670,670,35,0,230,310.51428571428573,91,1497,9269.542857142857
1637164449,1,POST,/,0.100000,0.000000,1000,1000,1000,1000,1000,1000,1000,1000,1000,1000,1000,7,0,490,542.4285714285714,259,1028,8246.57142857143
1637164449,1,GET,/auth/find-friends/,0.400000,0.000000,680,680,1300,1300,1300,1300,1300,1300,1300,1300,1300,84,0,220,248.61904761904762,44,1263,1974.0
1637164449,1,GET,/auth/login/,0.000000,0.000000,0,0,0,0,0,0,0,0,0,0,0,1,0,208,208.0,208,208,2961.0
1637164449,1,POST,/auth/login/,0.200000,0.000000,1100,1100,1100,1100,1100,1100,1100,1100,1100,1100,1100,8,0,500,664.5,398,1061,8967.25
1637164449,1,GET,/auth/logout/,0.200000,0.000000,220,220,220,220,220,220,220,220,220,220,220,7,0,280,568.2857142857143,131,2509,1712.0
1637164449,1,POST,/auth/modify-friend/,0.200000,0.000000,380,380,380,380,380,380,380,380,380,380,380,42,0,200,227.97619047619048,81,715,1713.0
1637164449,1,GET,/public/,0.200000,0.000000,690,690,800,800,800,800,800,800,800,800,800,43,0,260,299.5581395348837,79,797,10170.209302325582
1637164449,1,,Aggregated,1.600000,0.000000,670,690,800,990,1000,1300,1300,1300,1300,1300,1300,227,0,240,297.38766519823787,44,2509,5039.312775330396
1637164450,1,GET,/,0.300000,0.000000,670,670,670,670,670,670,670,670,670,670,670,35,0,230,310.51428571428573,91,1497,9269.542857142857
1637164450,1,POST,/,0.100000,0.000000,1000,1000,1000,1000,1000,1000,1000,1000,1000,1000,1000,7,0,490,542.4285714285714,259,1028,8246.57142857143
1637164450,1,GET,/auth/find-friends/,0.300000,0.000000,680,920,920,1300,1300,1300,1300,1300,1300,1300,1300,85,0,220,256.5529411764706,44,1263,1974.0
1637164450,1,GET,/auth/login/,0.000000,0.000000,0,0,0,0,0,0,0,0,0,0,0,1,0,208,208.0,208,208,2961.0
1637164450,1,POST,/auth/login/,0.200000,0.000000,1100,1100,1100,1100,1100,1100,1100,1100,1100,1100,1100,8,0,500,664.5,398,1061,8967.25
1637164450,1,GET,/auth/logout/,0.200000,0.000000,220,220,220,220,220,220,220,220,220,220,220,7,0,280,568.2857142857143,131,2509,1712.0
1637164450,1,POST,/auth/modify-friend/,0.100000,0.000000,380,380,380,380,380,380,380,380,380,380,380,42,0,200,227.97619047619048,81,715,1713.0
1637164450,1,GET,/public/,0.200000,0.000000,690,690,800,800,800,800,800,800,800,800,800,43,0,260,299.5581395348837,79,797,10170.209302325582
1637164450,1,,Aggregated,1.400000,0.000000,800,920,990,1000,1300,1300,1300,1300,1300,1300,1300,228,0,240,300.13157894736844,44,2509,5025.868421052632
1637164451,1,GET,/,0.300000,0.000000,670,670,670,670,670,670,670,670,670,670,670,35,0,230,310.51428571428573,91,1497,9269.542857142857
1637164451,1,POST,/,0.100000,0.000000,1000,1000,1000,1000,1000,1000,1000,1000,1000,1000,1000,7,0,490,542.4285714285714,259,1028,8246.57142857143
1637164451,1,GET,/auth/find-friends/,0.400000,0.000000,920,920,940,940,1300,1300,1300,1300,1300,1300,1300,86,0,220,264.51162790697674,44,1263,1974.0
1637164451,1,GET,/auth/login/,0.000000,0.000000,0,0,0,0,0,0,0,0,0,0,0,1,0,208,208.0,208,208,2961.0
1637164451,1,POST,/auth/login/,0.200000,0.000000,990,990,990,990,990,990,990,990,990,990,990,8,0,500,664.5,398,1061,8967.25
1637164451,1,GET,/auth/logout/,0.100000,0.000000,220,220,220,220,220,220,220,220,220,220,220,7,0,280,568.2857142857143,131,2509,1712.0
1637164451,1,POST,/auth/modify-friend/,0.200000,0.000000,360,360,380,380,380,380,380,380,380,380,380,43,0,200,230.95348837209303,81,715,1713.0
1637164451,1,GET,/public/,0.200000,0.000000,690,690,800,800,800,800,800,800,800,800,800,43,0,260,299.5581395348837,79,797,10170.209302325582
1637164451,1,,Aggregated,1.500000,0.000000,800,920,990,990,1000,1300,1300,1300,1300,1300,1300,230,0,240,303.1608695652174,44,2509,4998.195652173913
1637164452,1,GET,/,0.200000,0.000000,460,460,670,670,670,670,670,670,670,670,670,37,0,240,315.97297297297297,91,1497,9330.351351351352
1637164452,1,POST,/,0.100000,0.000000,1000,1000,1000,1000,1000,1000,1000,1000,1000,1000,1000,7,0,490,542.4285714285714,259,1028,8246.57142857143
1637164452,1,GET,/auth/find-friends/,0.500000,0.000000,920,920,940,940,1300,1300,1300,1300,1300,1300,1300,86,0,220,264.51162790697674,44,1263,1974.0
1637164452,1,GET,/auth/login/,0.000000,0.000000,0,0,0,0,0,0,0,0,0,0,0,1,0,208,208.0,208,208,2961.0
1637164452,1,POST,/auth/login/,0.100000,0.000000,990,990,990,990,990,990,990,990,990,990,990,8,0,500,664.5,398,1061,8967.25
1637164452,1,GET,/auth/logout/,0.100000,0.000000,220,220,220,220,220,220,220,220,220,220,220,7,0,280,568.2857142857143,131,2509,1712.0
1637164452,1,POST,/auth/modify-friend/,0.200000,0.000000,360,360,380,380,380,380,380,380,380,380,380,43,0,200,230.95348837209303,81,715,1713.0
1637164452,1,GET,/public/,0.200000,0.000000,690,690,800,800,800,800,800,800,800,800,800,44,0,260,301.20454545454544,79,797,10170.75
1637164452,1,,Aggregated,1.400000,0.000000,690,920,940,990,1000,1300,1300,1300,1300,1300,1300,233,0,240,304.3862660944206,44,2509,5066.815450643777
1637164453,1,GET,/,0.100000,0.000000,460,460,670,670,670,670,670,670,670,670,670,37,0,240,315.97297297297297,91,1497,9330.351351351352
1637164453,1,POST,/,0.100000,0.000000,1000,1000,1000,1000,1000,1000,1000,1000,1000,1000,1000,7,0,490,542.4285714285714,259,1028,8246.57142857143
1637164453,1,GET,/auth/find-friends/,0.400000,0.000000,920,920,940,940,1300,1300,1300,1300,1300,1300,1300,88,0,220,267.29545454545456,44,1263,1974.0
1637164453,1,GET,/auth/login/,0.000000,0.000000,0,0,0,0,0,0,0,0,0,0,0,1,0,208,208.0,208,208,2961.0
1637164453,1,POST,/auth/login/,0.100000,0.000000,990,990,990,990,990,990,990,990,990,990,990,8,0,500,664.5,398,1061,8967.25
1637164453,1,GET,/auth/logout/,0.100000,0.000000,220,220,220,220,220,220,220,220,220,220,220,7,0,280,568.2857142857143,131,2509,1712.0
1637164453,1,POST,/auth/modify-friend/,0.200000,0.000000,360,360,380,380,380,380,380,380,380,380,380,44,0,200,229.97727272727272,81,715,1713.0
1637164453,1,GET,/public/,0.200000,0.000000,690,690,800,800,800,800,800,800,800,800,800,44,0,260,301.20454545454544,79,797,10170.75
1637164453,1,,Aggregated,1.200000,0.000000,460,690,920,940,1000,1300,1300,1300,1300,1300,1300,236,0,240,304.59322033898303,44,2509,5026.39406779661
1637164454,1,GET,/,0.300000,0.000000,460,460,670,670,670,670,670,670,670,670,670,37,0,240,315.97297297297297,91,1497,9330.351351351352
1637164454,1,POST,/,0.100000,0.000000,1000,1000,1000,1000,1000,1000,1000,1000,1000,1000,1000,7,0,490,542.4285714285714,259,1028,8246.57142857143
1637164454,1,GET,/auth/find-friends/,0.400000,0.000000,680,920,940,940,1300,1300,1300,1300,1300,1300,1300,90,0,220,267.02222222222224,44,1263,1974.0
1637164454,1,GET,/auth/login/,0.000000,0.000000,0,0,0,0,0,0,0,0,0,0,0,1,0,208,208.0,208,208,2961.0
1637164454,1,POST,/auth/login/,0.100000,0.000000,990,990,990,990,990,990,990,990,990,990,990,8,0,500,664.5,398,1061,8967.25
1637164454,1,GET,/auth/logout/,0.000000,0.000000,220,220,220,220,220,220,220,220,220,220,220,7,0,280,568.2857142857143,131,2509,1712.0
1637164454,1,POST,/auth/modify-friend/,0.200000,0.000000,360,360,380,380,380,380,380,380,380,380,380,45,0,200,232.62222222222223,81,715,1713.0
1637164454,1,GET,/public/,0.200000,0.000000,690,690,800,800,800,800,800,800,800,800,800,45,0,260,301.97777777777776,79,797,10169.755555555555
1637164454,1,,Aggregated,1.300000,0.000000,380,460,690,800,940,1300,1300,1300,1300,1300,1300,240,0,250,304.49583333333334,44,2509,5008.4
1637164455,1,GET,/,0.300000,0.000000,360,460,460,670,670,670,670,670,670,670,670,39,0,230,304.3076923076923,81,1497,9394.48717948718
1637164455,1,POST,/,0.100000,0.000000,1000,1000,1000,1000,1000,1000,1000,1000,1000,1000,1000,7,0,490,542.4285714285714,259,1028,8246.57142857143
1637164455,1,GET,/auth/find-friends/,0.400000,0.000000,400,680,920,940,1300,1300,1300,1300,1300,1300,1300,92,0,220,262.17391304347825,38,1263,1974.0
1637164455,1,GET,/auth/login/,0.000000,0.000000,0,0,0,0,0,0,0,0,0,0,0,1,0,208,208.0,208,208,2961.0
1637164455,1,POST,/auth/login/,0.100000,0.000000,990,990,990,990,990,990,990,990,990,990,990,8,0,500,664.5,398,1061,8967.25
1637164455,1,GET,/auth/logout/,0.000000,0.000000,220,220,220,220,220,220,220,220,220,220,220,8,0,220,498.5,10,2509,1712.0
1637164455,1,POST,/auth/modify-friend/,0.200000,0.000000,350,360,360,380,380,380,380,380,380,380,380,46,0,200,228.6086956521739,48,715,1713.0
1637164455,1,GET,/public/,0.200000,0.000000,370,690,690,800,800,800,800,800,800,800,800,46,0,260,302.9347826086956,79,797,10170.760869565218
1637164455,1,,Aggregated,1.300000,0.000000,360,380,460,680,920,940,1300,1300,1300,1300,1300,247,0,240,298.5748987854251,10,2509,5023.348178137652
1637164456,1,GET,/,0.200000,0.000000,360,460,460,670,670,670,670,670,670,670,670,39,0,230,304.3076923076923,81,1497,9394.48717948718
1637164456,1,POST,/,0.100000,0.000000,1000,1000,1000,1000,1000,1000,1000,1000,1000,1000,1000,7,0,490,542.4285714285714,259,1028,8246.57142857143
1637164456,1,GET,/auth/find-friends/,0.800000,0.000000,280,400,680,680,920,940,940,940,940,940,940,94,0,220,257.3829787234043,37,1263,1974.0
1637164456,1,GET,/auth/login/,0.000000,0.000000,0,0,0,0,0,0,0,0,0,0,0,1,0,208,208.0,208,208,2961.0
1637164456,1,POST,/auth/login/,0.000000,0.000000,990,990,990,990,990,990,990,990,990,990,990,9,0,500,603.3333333333334,114,1061,9145.555555555555
1637164456,1,GET,/auth/logout/,0.000000,0.000000,220,220,220,220,220,220,220,220,220,220,220,8,0,220,498.5,10,2509,1712.0
1637164456,1,POST,/auth/modify-friend/,0.300000,0.000000,350,350,360,360,380,380,380,380,380,380,380,47,0,200,224.87234042553192,48,715,1713.0
1637164456,1,GET,/public/,0.400000,0.000000,350,370,370,690,690,690,690,690,690,690,690,47,0,260,298.4468085106383,79,797,10173.68085106383
1637164456,1,,Aggregated,1.800000,0.000000,340,360,380,400,690,920,940,940,940,940,940,252,0,240,293.97222222222223,10,2509,5029.0
1637164457,1,GET,/,0.400000,0.000000,100,360,360,460,460,460,460,460,460,460,460,40,0,220,299.2,81,1497,9425.325
1637164457,1,POST,/,0.000000,0.000000,1000,1000,1000,1000,1000,1000,1000,1000,1000,1000,1000,7,0,490,542.4285714285714,259,1028,8246.57142857143
1637164457,1,GET,/auth/find-friends/,1.000000,0.000000,44,220,380,400,920,940,940,940,940,940,940,101,0,220,242.20792079207922,36,1263,1974.0
1637164457,1,GET,/auth/login/,0.000000,0.000000,0,0,0,0,0,0,0,0,0,0,0,1,0,208,208.0,208,208,2961.0
1637164457,1,POST,/auth/login/,0.000000,0.000000,990,990,990,990,990,990,990,990,990,990,990,9,0,500,603.3333333333334,114,1061,9145.555555555555
1637164457,1,GET,/auth/logout/,0.100000,0.000000,10,10,10,10,10,10,10,10,10,10,10,8,0,220,498.5,10,2509,1712.0
1637164457,1,POST,/auth/modify-friend/,0.500000,0.000000,160,190,350,360,380,380,380,380,380,380,380,50,0,200,216.64,48,715,1713.0
1637164457,1,GET,/public/,0.500000,0.000000,92,340,350,370,690,690,690,690,690,690,690,51,0,250,281.9019607843137,79,797,10190.137254901962
1637164457,1,,Aggregated,2.500000,0.000000,90,220,350,360,400,690,940,940,940,940,940,267,0,230,281.13483146067415,10,2509,5012.835205992509
1637164458,1,GET,/,0.400000,0.000000,100,360,360,460,460,460,460,460,460,460,460,40,0,220,299.2,81,1497,9425.325
1637164458,1,POST,/,0.000000,0.000000,1000,1000,1000,1000,1000,1000,1000,1000,1000,1000,1000,7,0,490,542.4285714285714,259,1028,8246.57142857143
1637164458,1,GET,/auth/find-friends/,1.000000,0.000000,40,82,280,380,920,940,940,940,940,940,940,104,0,210,236.71153846153845,36,1263,1974.0
1637164458,1,GET,/auth/login/,0.000000,0.000000,0,0,0,0,0,0,0,0,0,0,0,1,0,208,208.0,208,208,2961.0
1637164458,1,POST,/auth/login/,0.000000,0.000000,990,990,990,990,990,990,990,990,990,990,990,9,0,500,603.3333333333334,114,1061,9145.555555555555
1637164458,1,GET,/auth/logout/,0.100000,0.000000,52,52,52,52,52,52,52,52,52,52,52,9,0,220,448.8888888888889,10,2509,1712.0
1637164458,1,POST,/auth/modify-friend/,0.500000,0.000000,53,160,190,350,360,360,360,360,360,360,360,52,0,190,210.21153846153845,48,715,1713.0
1637164458,1,GET,/public/,0.500000,0.000000,92,340,350,370,690,690,690,690,690,690,690,52,0,250,278.03846153846155,79,797,10192.826923076924
1637164458,1,,Aggregated,2.500000,0.000000,82,110,280,350,380,460,940,940,940,940,940,274,0,230,275.3649635036496,10,2509,4962.835766423358
1637164459,1,GET,/,0.500000,0.000000,100,100,360,360,460,460,460,460,460,460,460,41,0,220,294.219512195122,81,1497,9447.682926829268
1637164459,1,POST,/,0.000000,0.000000,1000,1000,1000,1000,1000,1000,1000,1000,1000,1000,1000,7,0,490,542.4285714285714,259,1028,8246.57142857143
1637164459,1,GET,/auth/find-friends/,1.500000,0.000000,38,44,82,220,380,400,940,940,940,940,940,106,0,200,232.9433962264151,36,1263,1974.0
1637164459,1,GET,/auth/login/,0.000000,0.000000,0,0,0,0,0,0,0,0,0,0,0,1,0,208,208.0,208,208,2961.0
1637164459,1,POST,/auth/login/,0.100000,0.000000,130,130,130,130,130,130,130,130,130,130,130,10,0,450,556.1,114,1061,9270.9
1637164459,1,GET,/auth/logout/,0.100000,0.000000,52,52,52,52,52,52,52,52,52,52,52,9,0,220,448.8888888888889,10,2509,1712.0
1637164459,1,POST,/auth/modify-friend/,0.800000,0.000000,50,160,190,190,350,360,360,360,360,360,360,53,0,190,207.1509433962264,48,715,1713.0
1637164459,1,GET,/public/,0.700000,0.000000,90,340,350,350,370,690,690,690,690,690,690,53,0,250,274.37735849056605,79,797,10192.169811320755
1637164459,1,,Aggregated,3.700000,0.000000,82,96,190,280,360,400,460,940,940,940,940,280,0,220,271.00714285714287,10,2509,4987.060714285714
1637164460,1,GET,/,0.500000,0.000000,96,100,360,360,460,460,460,460,460,460,460,43,0,220,284.4651162790698,80,1497,9493.06976744186
1637164460,1,POST,/,0.000000,0.000000,300,300,1000,1000,1000,1000,1000,1000,1000,1000,1000,9,0,370,477.3333333333333,204,1028,8731.777777777777
1637164460,1,GET,/auth/find-friends/,2.000000,0.000000,38,41,50,220,380,400,940,940,940,940,940,110,0,200,225.8909090909091,36,1263,1974.0
1637164460,1,GET,/auth/login/,0.000000,0.000000,0,0,0,0,0,0,0,0,0,0,0,1,0,208,208.0,208,208,2961.0
1637164460,1,POST,/auth/login/,0.100000,0.000000,130,130,130,130,130,130,130,130,130,130,130,10,0,450,556.1,114,1061,9270.9
1637164460,1,GET,/auth/logout/,0.200000,0.000000,52,52,52,52,52,52,52,52,52,52,52,9,0,220,448.8888888888889,10,2509,1712.0
1637164460,1,POST,/auth/modify-friend/,1.000000,0.000000,50,140,160,190,350,360,360,360,360,360,360,55,0,190,203.14545454545456,48,715,1713.0
1637164460,1,GET,/public/,1.000000,0.000000,90,92,340,340,350,370,370,370,370,370,370,55,0,240,268.1090909090909,79,797,10190.0
1637164460,1,,Aggregated,4.800000,0.000000,81,92,130,190,350,370,400,460,460,460,460,292,0,220,264.05479452054794,10,2509,5033.119863013699
1637164461,1,GET,/,0.500000,0.000000,95,96,100,360,460,460,460,460,460,460,460,44,0,220,279.79545454545456,79,1497,9515.65909090909
1637164461,1,POST,/,0.000000,0.000000,300,300,300,300,300,300,300,300,300,300,300,9,0,370,477.3333333333333,204,1028,8731.777777777777
1637164461,1,GET,/auth/find-friends/,2.000000,0.000000,38,41,46,50,280,380,400,400,400,400,400,112,0,190,222.59821428571428,36,1263,1974.0
1637164461,1,GET,/auth/login/,0.000000,0.000000,0,0,0,0,0,0,0,0,0,0,0,1,0,208,208.0,208,208,2961.0
1637164461,1,POST,/auth/login/,0.100000,0.000000,130,130,130,130,130,130,130,130,130,130,130,10,0,450,556.1,114,1061,9270.9
1637164461,1,GET,/auth/logout/,0.200000,0.000000,15,15,52,52,52,52,52,52,52,52,52,10,0,170,405.5,10,2509,1712.0
1637164461,1,POST,/auth/modify-friend/,1.000000,0.000000,50,53,140,160,190,350,350,350,350,350,350,56,0,180,200.375,48,715,1713.0
1637164461,1,GET,/public/,1.000000,0.000000,89,92,120,340,350,370,370,370,370,370,370,56,0,240,264.89285714285717,79,797,10190.94642857143
1637164461,1,,Aggregated,4.800000,0.000000,79,89,100,130,300,350,380,400,400,400,400,298,0,220,259.78859060402687,10,2509,5026.087248322147
1637164462,1,GET,/,0.700000,0.000000,89,95,96,96,100,100,100,100,100,100,100,44,0,220,279.79545454545456,79,1497,9515.65909090909
1637164462,1,POST,/,0.100000,0.000000,300,300,300,300,300,300,300,300,300,300,300,9,0,370,477.3333333333333,204,1028,8731.777777777777
1637164462,1,GET,/auth/find-friends/,2.300000,0.000000,38,39,44,46,82,220,280,280,280,280,280,112,0,190,222.59821428571428,36,1263,1974.0
1637164462,1,GET,/auth/login/,0.000000,0.000000,0,0,0,0,0,0,0,0,0,0,0,1,0,208,208.0,208,208,2961.0
1637164462,1,POST,/auth/login/,0.200000,0.000000,130,130,300,300,300,300,300,300,300,300,300,11,0,450,532.6363636363636,114,1061,9389.09090909091
1637164462,1,GET,/auth/logout/,0.200000,0.000000,15,15,52,52,52,52,52,52,52,52,52,10,0,170,405.5,10,2509,1712.0
1637164462,1,POST,/auth/modify-friend/,1.200000,0.000000,50,53,140,160,190,350,350,350,350,350,350,56,0,180,200.375,48,715,1713.0
1637164462,1,GET,/public/,1.200000,0.000000,89,92,120,340,350,360,360,360,360,360,360,57,0,240,266.49122807017545,79,797,10194.947368421053
1637164462,1,,Aggregated,5.900000,0.000000,53,89,96,130,280,340,350,360,360,360,360,300,0,220,260.2366666666667,10,2509,5062.546666666667
1637164463,1,GET,/,0.900000,0.000000,89,95,96,96,100,100,100,100,100,100,100,44,0,220,279.79545454545456,79,1497,9515.65909090909
1637164463,1,POST,/,0.200000,0.000000,300,300,300,300,300,300,300,300,300,300,300,9,0,370,477.3333333333333,204,1028,8731.777777777777
1637164463,1,GET,/auth/find-friends/,2.600000,0.000000,38,41,46,50,160,190,210,210,210,210,210,116,0,190,220.57758620689654,36,1263,1974.0
1637164463,1,GET,/auth/login/,0.000000,0.000000,0,0,0,0,0,0,0,0,0,0,0,1,0,208,208.0,208,208,2961.0
1637164463,1,POST,/auth/login/,0.200000,0.000000,130,130,300,300,300,300,300,300,300,300,300,11,0,450,532.6363636363636,114,1061,9389.09090909091
1637164463,1,GET,/auth/logout/,0.300000,0.000000,15,15,52,52,52,52,52,52,52,52,52,10,0,170,405.5,10,2509,1712.0
1637164463,1,POST,/auth/modify-friend/,1.300000,0.000000,50,53,140,140,160,350,350,350,350,350,350,57,0,180,199.2982456140351,48,715,1713.0
1637164463,1,GET,/public/,1.300000,0.000000,89,92,120,180,350,360,360,360,360,360,360,58,0,240,265.0689655172414,79,797,10195.068965517241
1637164463,1,,Aggregated,6.800000,0.000000,79,89,100,130,200,300,350,360,360,360,360,306,0,220,258.3333333333333,10,2509,5028.022875816993
1637164464,1,GET,/,0.700000,0.000000,95,96,100,100,160,160,160,160,160,160,160,45,0,220,277.02222222222224,79,1497,9540.066666666668
1637164464,1,POST,/,0.200000,0.000000,300,300,300,300,300,300,300,300,300,300,300,9,0,370,477.3333333333333,204,1028,8731.777777777777
1637164464,1,GET,/auth/find-friends/,2.600000,0.000000,39,44,82,100,190,210,260,260,260,260,260,118,0,190,220.25423728813558,36,1263,1974.0
1637164464,1,GET,/auth/login/,0.000000,0.000000,0,0,0,0,0,0,0,0,0,0,0,1,0,208,208.0,208,208,2961.0
1637164464,1,POST,/auth/login/,0.200000,0.000000,130,130,300,300,300,300,300,300,300,300,300,11,0,450,532.6363636363636,114,1061,9389.09090909091
1637164464,1,GET,/auth/logout/,0.300000,0.000000,15,15,52,52,52,52,52,52,52,52,52,10,0,170,405.5,10,2509,1712.0
1637164464,1,POST,/auth/modify-friend/,1.300000,0.000000,50,140,140,160,210,350,350,350,350,350,350,58,0,180,199.41379310344828,48,715,1713.0
1637164464,1,GET,/public/,1.300000,0.000000,90,120,180,310,350,360,360,360,360,360,360,59,0,240,265.8135593220339,79,797,10195.389830508475
1637164464,1,,Aggregated,6.600000,0.000000,81,95,140,160,210,310,350,360,360,360,360,311,0,220,257.63022508038586,10,2509,5032.360128617363
1637164465,1,GET,/,0.700000,0.000000,95,100,160,160,320,320,320,320,320,320,320,46,0,220,277.8695652173913,79,1497,9564.978260869566
1637164465,1,POST,/,0.200000,0.000000,300,300,300,300,300,300,300,300,300,300,300,9,0,370,477.3333333333333,204,1028,8731.777777777777
1637164465,1,GET,/auth/find-friends/,2.600000,0.000000,39,44,82,100,190,210,260,260,260,260,260,118,0,190,220.25423728813558,36,1263,1974.0
1637164465,1,GET,/auth/login/,0.000000,0.000000,0,0,0,0,0,0,0,0,0,0,0,1,0,208,208.0,208,208,2961.0
1637164465,1,POST,/auth/login/,0.300000,0.000000,130,130,300,300,300,300,300,300,300,300,300,11,0,450,532.6363636363636,114,1061,9389.09090909091
1637164465,1,GET,/auth/logout/,0.300000,0.000000,52,52,52,52,52,52,52,52,52,52,52,10,0,170,405.5,10,2509,1712.0
1637164465,1,POST,/auth/modify-friend/,1.400000,0.000000,50,140,140,160,210,260,260,260,260,260,260,59,0,190,200.45762711864407,48,715,1713.0
1637164465,1,GET,/public/,1.300000,0.000000,90,120,180,310,360,390,390,390,390,390,390,60,0,240,267.9,79,797,10200.133333333333
1637164465,1,,Aggregated,6.800000,0.000000,83,100,140,160,260,310,360,390,390,390,390,314,0,220,258.2515923566879,10,2509,5057.143312101911
1637164466,1,GET,/,0.800000,0.000000,95,100,160,160,320,320,320,320,320,320,320,46,0,220,277.8695652173913,79,1497,9564.978260869566
1637164466,1,POST,/,0.200000,0.000000,300,300,300,300,300,300,300,300,300,300,300,9,0,370,477.3333333333333,204,1028,8731.777777777777
1637164466,1,GET,/auth/find-friends/,2.600000,0.000000,41,100,160,190,210,230,260,260,260,260,260,120,0,190,220.25833333333333,36,1263,1974.0
1637164466,1,GET,/auth/login/,0.000000,0.000000,0,0,0,0,0,0,0,0,0,0,0,1,0,208,208.0,208,208,2961.0
1637164466,1,POST,/auth/login/,0.300000,0.000000,130,130,300,300,300,300,300,300,300,300,300,11,0,450,532.6363636363636,114,1061,9389.09090909091
1637164466,1,GET,/auth/logout/,0.300000,0.000000,52,52,52,52,52,52,52,52,52,52,52,10,0,170,405.5,10,2509,1712.0
1637164466,1,POST,/auth/modify-friend/,1.400000,0.000000,50,140,210,210,260,260,260,260,260,260,260,60,0,190,201.36666666666667,48,715,1713.0
1637164466,1,GET,/public/,1.300000,0.000000,120,180,310,310,360,390,390,390,390,390,390,61,0,250,267.672131147541,79,797,10204.704918032787
1637164466,1,,Aggregated,6.900000,0.000000,89,140,200,210,300,320,360,390,390,390,390,318,0,220,257.99056603773585,10,2509,5044.286163522012
1637164467,1,GET,/,0.600000,0.000000,95,95,160,160,320,320,320,320,320,320,320,46,0,220,277.8695652173913,79,1497,9564.978260869566
1637164467,1,POST,/,0.200000,0.000000,300,300,300,300,300,300,300,300,300,300,300,9,0,370,477.3333333333333,204,1028,8731.777777777777
1637164467,1,GET,/auth/find-friends/,2.600000,0.000000,140,190,210,210,260,280,280,280,280,280,280,123,0,200,219.9512195121951,36,1263,1974.0
1637164467,1,GET,/auth/login/,0.000000,0.000000,0,0,0,0,0,0,0,0,0,0,0,1,0,208,208.0,208,208,2961.0
1637164467,1,POST,/auth/login/,0.300000,0.000000,300,300,300,300,300,300,300,300,300,300,300,11,0,450,532.6363636363636,114,1061,9389.09090909091
1637164467,1,GET,/auth/logout/,0.200000,0.000000,52,52,52,52,52,52,52,52,52,52,52,10,0,170,405.5,10,2509,1712.0
1637164467,1,POST,/auth/modify-friend/,1.300000,0.000000,140,140,220,220,260,260,260,260,260,260,260,61,0,190,201.7377049180328,48,715,1713.0
1637164467,1,GET,/public/,1.300000,0.000000,180,250,310,360,390,390,390,390,390,390,390,62,0,240,265.5967741935484,79,797,10208.983870967742
1637164467,1,,Aggregated,6.500000,0.000000,140,200,220,260,300,320,390,390,390,390,390,323,0,220,257.0495356037152,10,2509,5022.25386996904
1637164468,1,GET,/,0.700000,0.000000,160,240,320,320,360,360,360,360,360,360,360,48,0,220,278.9375,79,1497,9605.416666666666
1637164468,1,POST,/,0.200000,0.000000,300,300,300,300,300,300,300,300,300,300,300,9,0,370,477.3333333333333,204,1028,8731.777777777777
1637164468,1,GET,/auth/find-friends/,2.800000,0.000000,140,200,210,220,260,280,280,280,280,280,280,124,0,200,219.91935483870967,36,1263,1974.0
1637164468,1,GET,/auth/login/,0.000000,0.000000,0,0,0,0,0,0,0,0,0,0,0,1,0,208,208.0,208,208,2961.0
1637164468,1,POST,/auth/login/,0.300000,0.000000,300,300,300,300,300,300,300,300,300,300,300,11,0,450,532.6363636363636,114,1061,9389.09090909091
1637164468,1,GET,/auth/logout/,0.200000,0.000000,15,15,15,15,15,15,15,15,15,15,15,10,0,170,405.5,10,2509,1712.0
1637164468,1,POST,/auth/modify-friend/,1.300000,0.000000,210,210,220,260,260,260,260,260,260,260,260,62,0,190,201.80645161290323,48,715,1713.0
1637164468,1,GET,/public/,1.400000,0.000000,180,250,310,360,390,390,390,390,390,390,390,62,0,240,265.5967741935484,79,797,10208.983870967742
1637164468,1,,Aggregated,6.900000,0.000000,160,210,240,260,310,360,390,390,390,390,390,327,0,220,257.0519877675841,10,2509,5036.532110091744
1637164469,1,GET,/,0.600000,0.000000,240,240,320,320,360,360,360,360,360,360,360,48,0,220,278.9375,79,1497,9605.416666666666
1637164469,1,POST,/,0.200000,0.000000,200,200,200,200,200,200,200,200,200,200,200,9,0,370,477.3333333333333,204,1028,8731.777777777777
1637164469,1,GET,/auth/find-friends/,2.400000,0.000000,190,210,210,220,260,280,280,280,280,280,280,126,0,200,219.33333333333334,36,1263,1974.0
1637164469,1,GET,/auth/login/,0.000000,0.000000,0,0,0,0,0,0,0,0,0,0,0,1,0,208,208.0,208,208,2961.0
1637164469,1,POST,/auth/login/,0.200000,0.000000,300,300,300,300,300,300,300,300,300,300,300,11,0,450,532.6363636363636,114,1061,9389.09090909091
1637164469,1,GET,/auth/logout/,0.200000,0.000000,15,15,15,15,15,15,15,15,15,15,15,10,0,170,405.5,10,2509,1712.0
1637164469,1,POST,/auth/modify-friend/,1.100000,0.000000,210,210,220,260,260,260,260,260,260,260,260,63,0,190,201.44444444444446,48,715,1713.0
1637164469,1,GET,/public/,1.200000,0.000000,310,360,390,390,460,460,460,460,460,460,460,63,0,250,268.6825396825397,79,797,10207.380952380952
1637164469,1,,Aggregated,5.900000,0.000000,200,220,260,260,320,360,460,460,460,460,460,331,0,220,256.9818731117825,10,2509,5023.308157099698
1637164470,1,GET,/,0.600000,0.000000,240,300,320,320,360,360,360,360,360,360,360,50,0,220,278.46,79,1497,9646.1
1637164470,1,POST,/,0.200000,0.000000,200,200,200,200,200,200,200,200,200,200,200,9,0,370,477.3333333333333,204,1028,8731.777777777777
1637164470,1,GET,/auth/find-friends/,2.000000,0.000000,190,210,220,230,260,280,280,280,280,280,280,128,0,200,218.7421875,36,1263,1974.0
1637164470,1,GET,/auth/login/,0.000000,0.000000,0,0,0,0,0,0,0,0,0,0,0,1,0,208,208.0,208,208,2961.0
1637164470,1,POST,/auth/login/,0.200000,0.000000,300,300,300,300,300,300,300,300,300,300,300,11,0,450,532.6363636363636,114,1061,9389.09090909091
1637164470,1,GET,/auth/logout/,0.100000,0.000000,15,15,15,15,15,15,15,15,15,15,15,10,0,170,405.5,10,2509,1712.0
1637164470,1,POST,/auth/modify-friend/,1.000000,0.000000,210,210,220,260,260,260,260,260,260,260,260,63,0,190,201.44444444444446,48,715,1713.0
1637164470,1,GET,/public/,1.000000,0.000000,250,310,360,390,460,460,460,460,460,460,460,64,0,250,268.34375,79,797,10204.984375
1637164470,1,,Aggregated,5.100000,0.000000,210,240,250,260,320,360,460,460,460,460,460,336,0,220,256.5625,10,2509,5053.458333333333
1637164471,1,GET,/,0.800000,0.000000,240,300,320,320,360,360,360,360,360,360,360,51,0,220,276.27450980392155,79,1497,9662.78431372549
1637164471,1,POST,/,0.200000,0.000000,400,400,400,400,400,400,400,400,400,400,400,10,0,370,469.2,204,1028,8895.2
1637164471,1,GET,/auth/find-friends/,1.900000,0.000000,200,210,220,230,260,280,280,280,280,280,280,129,0,200,217.6046511627907,36,1263,1974.0
1637164471,1,GET,/auth/login/,0.000000,0.000000,0,0,0,0,0,0,0,0,0,0,0,1,0,208,208.0,208,208,2961.0
1637164471,1,POST,/auth/login/,0.100000,0.000000,300,300,300,300,300,300,300,300,300,300,300,11,0,450,532.6363636363636,114,1061,9389.09090909091
1637164471,1,GET,/auth/logout/,0.100000,0.000000,15,15,15,15,15,15,15,15,15,15,15,10,0,170,405.5,10,2509,1712.0
1637164471,1,POST,/auth/modify-friend/,1.000000,0.000000,210,220,260,260,260,260,260,260,260,260,260,64,0,190,201.1875,48,715,1713.0
1637164471,1,GET,/public/,1.000000,0.000000,250,310,360,390,460,460,460,460,460,460,460,65,0,250,266.2923076923077,79,797,10205.36923076923
1637164471,1,,Aggregated,5.100000,0.000000,210,250,260,300,360,390,460,460,460,460,460,341,0,220,255.60117302052785,10,2509,5081.354838709677
1637164472,1,GET,/,0.700000,0.000000,240,300,320,320,360,360,360,360,360,360,360,51,0,220,276.27450980392155,79,1497,9662.78431372549
1637164472,1,POST,/,0.100000,0.000000,400,400,400,400,400,400,400,400,400,400,400,10,0,370,469.2,204,1028,8895.2
1637164472,1,GET,/auth/find-friends/,1.800000,0.000000,200,210,220,230,260,280,280,280,280,280,280,132,0,190,217.0,36,1263,1974.0
1637164472,1,GET,/auth/login/,0.000000,0.000000,0,0,0,0,0,0,0,0,0,0,0,1,0,208,208.0,208,208,2961.0
1637164472,1,POST,/auth/login/,0.100000,0.000000,300,300,300,300,300,300,300,300,300,300,300,11,0,450,532.6363636363636,114,1061,9389.09090909091
1637164472,1,GET,/auth/logout/,0.100000,0.000000,15,15,15,15,15,15,15,15,15,15,15,10,0,170,405.5,10,2509,1712.0
1637164472,1,POST,/auth/modify-friend/,0.900000,0.000000,210,210,220,260,260,260,260,260,260,260,260,66,0,180,198.46969696969697,48,715,1713.0
1637164472,1,GET,/public/,0.800000,0.000000,250,250,310,390,460,460,460,460,460,460,460,66,0,240,264.8787878787879,79,797,10205.969696969696
1637164472,1,,Aggregated,4.500000,0.000000,210,240,260,260,320,390,460,460,460,460,460,347,0,220,253.97406340057637,10,2509,5049.956772334294
1637164473,1,GET,/,0.600000,0.000000,240,300,320,320,360,360,360,360,360,360,360,52,0,220,274.5576923076923,79,1497,9678.057692307691
1637164473,1,POST,/,0.000000,0.000000,400,400,400,400,400,400,400,400,400,400,400,10,0,370,469.2,204,1028,8895.2
1637164473,1,GET,/auth/find-friends/,1.600000,0.000000,210,210,220,230,260,280,280,280,280,280,280,134,0,200,216.8134328358209,36,1263,1974.0
1637164473,1,GET,/auth/login/,0.000000,0.000000,0,0,0,0,0,0,0,0,0,0,0,1,0,208,208.0,208,208,2961.0
1637164473,1,POST,/auth/login/,0.100000,0.000000,300,300,300,300,300,300,300,300,300,300,300,11,0,450,532.6363636363636,114,1061,9389.09090909091
1637164473,1,GET,/auth/logout/,0.000000,0.000000,15,15,15,15,15,15,15,15,15,15,15,10,0,170,405.5,10,2509,1712.0
1637164473,1,POST,/auth/modify-friend/,0.800000,0.000000,200,210,220,260,260,260,260,260,260,260,260,67,0,190,198.50746268656715,48,715,1713.0
1637164473,1,GET,/public/,0.800000,0.000000,250,250,310,390,460,460,460,460,460,460,460,67,0,240,263.76119402985074,79,797,10208.10447761194
1637164473,1,,Aggregated,3.900000,0.000000,210,240,260,260,320,390,460,460,460,460,460,352,0,210,253.17045454545453,10,2509,5053.414772727273
1637164474,1,GET,/,0.700000,0.000000,240,300,320,320,360,360,360,360,360,360,360,53,0,220,272.77358490566036,79,1497,9694.716981132075
1637164474,1,POST,/,0.100000,0.000000,400,400,400,400,400,400,400,400,400,400,400,10,0,370,469.2,204,1028,8895.2
1637164474,1,GET,/auth/find-friends/,1.800000,0.000000,210,210,220,230,240,280,280,280,280,280,280,136,0,200,216.74264705882354,36,1263,1974.0
1637164474,1,GET,/auth/login/,0.000000,0.000000,0,0,0,0,0,0,0,0,0,0,0,1,0,208,208.0,208,208,2961.0
1637164474,1,POST,/auth/login/,0.100000,0.000000,300,300,300,300,300,300,300,300,300,300,300,11,0,450,532.6363636363636,114,1061,9389.09090909091
1637164474,1,GET,/auth/logout/,0.000000,0.000000,15,15,15,15,15,15,15,15,15,15,15,10,0,170,405.5,10,2509,1712.0
1637164474,1,POST,/auth/modify-friend/,0.900000,0.000000,200,210,220,260,260,260,260,260,260,260,260,68,0,180,198.23529411764707,48,715,1713.0
1637164474,1,GET,/public/,0.900000,0.000000,250,250,280,390,460,460,460,460,460,460,460,68,0,240,264.0,79,797,10210.323529411764
1637164474,1,,Aggregated,4.500000,0.000000,210,230,240,260,320,390,460,460,460,460,460,357,0,210,252.60504201680672,10,2509,5057.0952380952385
1637164475,1,GET,/,0.800000,0.000000,240,240,300,320,360,360,360,360,360,360,360,54,0,220,271.7962962962963,79,1497,9710.555555555555
1637164475,1,POST,/,0.100000,0.000000,400,400,400,400,400,400,400,400,400,400,400,10,0,370,469.2,204,1028,8895.2
1637164475,1,GET,/auth/find-friends/,1.800000,0.000000,200,210,220,220,240,280,280,280,280,280,280,136,0,200,216.74264705882354,36,1263,1974.0
1637164475,1,GET,/auth/login/,0.000000,0.000000,0,0,0,0,0,0,0,0,0,0,0,1,0,208,208.0,208,208,2961.0
1637164475,1,POST,/auth/login/,0.000000,0.000000,300,300,300,300,300,300,300,300,300,300,300,11,0,450,532.6363636363636,114,1061,9389.09090909091
1637164475,1,GET,/auth/logout/,0.000000,0.000000,51,51,51,51,51,51,51,51,51,51,51,11,0,170,373.27272727272725,10,2509,1712.0
1637164475,1,POST,/auth/modify-friend/,0.900000,0.000000,180,200,210,220,260,260,260,260,260,260,260,68,0,180,198.23529411764707,48,715,1713.0
1637164475,1,GET,/public/,0.900000,0.000000,250,250,280,280,460,460,460,460,460,460,460,68,0,240,264.0,79,797,10210.323529411764
1637164475,1,,Aggregated,4.500000,0.000000,200,220,240,250,280,360,460,460,460,460,460,359,0,210,251.95264623955433,10,2509,5063.07799442897
1637164476,1,GET,/,0.700000,0.000000,240,240,300,300,360,360,360,360,360,360,360,54,0,220,271.7962962962963,79,1497,9710.555555555555
1637164476,1,POST,/,0.100000,0.000000,400,400,400,400,400,400,400,400,400,400,400,10,0,370,469.2,204,1028,8895.2
1637164476,1,GET,/auth/find-friends/,1.800000,0.000000,210,210,220,240,240,280,280,280,280,280,280,136,0,200,216.74264705882354,36,1263,1974.0
1637164476,1,GET,/auth/login/,0.000000,0.000000,0,0,0,0,0,0,0,0,0,0,0,1,0,208,208.0,208,208,2961.0
1637164476,1,POST,/auth/login/,0.000000,0.000000,790,790,790,790,790,790,790,790,790,790,790,12,0,450,553.9166666666666,114,1061,9467.5
1637164476,1,GET,/auth/logout/,0.000000,0.000000,51,51,51,51,51,51,51,51,51,51,51,11,0,170,373.27272727272725,10,2509,1712.0
1637164476,1,POST,/auth/modify-friend/,0.900000,0.000000,180,200,210,210,220,220,220,220,220,220,220,68,0,180,198.23529411764707,48,715,1713.0
1637164476,1,GET,/public/,1.000000,0.000000,190,250,280,280,460,460,460,460,460,460,460,68,0,240,264.0,79,797,10210.323529411764
1637164476,1,,Aggregated,4.500000,0.000000,200,220,240,250,360,460,790,790,790,790,790,360,0,210,253.44166666666666,10,2509,5077.708333333333
1637164477,1,GET,/,0.900000,0.000000,240,240,300,300,360,360,360,360,360,360,360,54,0,220,271.7962962962963,79,1497,9710.555555555555
1637164477,1,POST,/,0.100000,0.000000,400,400,400,400,400,400,400,400,400,400,400,10,0,370,469.2,204,1028,8895.2
1637164477,1,GET,/auth/find-friends/,1.800000,0.000000,210,210,220,240,240,280,280,280,280,280,280,136,0,200,216.74264705882354,36,1263,1974.0
1637164477,1,GET,/auth/login/,0.000000,0.000000,0,0,0,0,0,0,0,0,0,0,0,1,0,208,208.0,208,208,2961.0
1637164477,1,POST,/auth/login/,0.000000,0.000000,790,790,790,790,790,790,790,790,790,790,790,12,0,450,553.9166666666666,114,1061,9467.5
1637164477,1,GET,/auth/logout/,0.000000,0.000000,51,51,51,51,51,51,51,51,51,51,51,11,0,170,373.27272727272725,10,2509,1712.0
1637164477,1,POST,/auth/modify-friend/,0.900000,0.000000,180,200,210,210,220,220,220,220,220,220,220,68,0,180,198.23529411764707,48,715,1713.0
1637164477,1,GET,/public/,0.900000,0.000000,250,280,460,460,650,650,650,650,650,650,650,69,0,250,269.6521739130435,79,797,10207.666666666666
1637164477,1,,Aggregated,4.600000,0.000000,200,220,240,250,400,650,790,790,790,790,790,361,0,210,254.5512465373961,10,2509,5091.418282548477
1637164478,1,GET,/,0.800000,0.000000,220,220,240,240,300,300,300,300,300,300,300,54,0,220,271.7962962962963,79,1497,9710.555555555555
1637164478,1,POST,/,0.100000,0.000000,400,400,400,400,400,400,400,400,400,400,400,10,0,370,469.2,204,1028,8895.2
1637164478,1,GET,/auth/find-friends/,1.600000,0.000000,210,210,240,240,600,770,770,770,770,770,770,138,0,200,223.55797101449275,36,1263,1974.0
1637164478,1,GET,/auth/login/,0.000000,0.000000,0,0,0,0,0,0,0,0,0,0,0,1,0,208,208.0,208,208,2961.0
1637164478,1,POST,/auth/login/,0.000000,0.000000,790,790,790,790,790,790,790,790,790,790,790,12,0,450,553.9166666666666,114,1061,9467.5
1637164478,1,GET,/auth/logout/,0.100000,0.000000,51,51,51,51,51,51,51,51,51,51,51,11,0,170,373.27272727272725,10,2509,1712.0
1637164478,1,POST,/auth/modify-friend/,0.900000,0.000000,180,180,180,180,200,200,200,200,200,200,200,68,0,180,198.23529411764707,48,715,1713.0
1637164478,1,GET,/public/,0.800000,0.000000,250,280,460,460,650,650,650,650,650,650,650,69,0,250,269.6521739130435,79,797,10207.666666666666
1637164478,1,,Aggregated,4.300000,0.000000,190,220,240,280,600,770,790,790,790,790,790,363,0,210,256.93388429752065,10,2509,5074.242424242424
1637164480,1,GET,/,0.800000,0.000000,190,190,220,220,220,220,220,220,220,220,220,54,0,220,271.7962962962963,79,1497,9710.555555555555
1637164480,1,POST,/,0.100000,0.000000,400,400,400,400,400,400,400,400,400,400,400,10,0,370,469.2,204,1028,8895.2
1637164480,1,GET,/auth/find-friends/,1.400000,0.000000,210,210,240,600,770,770,770,770,770,770,770,138,0,200,223.55797101449275,36,1263,1974.0
1637164480,1,GET,/auth/login/,0.000000,0.000000,0,0,0,0,0,0,0,0,0,0,0,1,0,208,208.0,208,208,2961.0
1637164480,1,POST,/auth/login/,0.100000,0.000000,790,790,790,790,790,790,790,790,790,790,790,12,0,450,553.9166666666666,114,1061,9467.5
1637164480,1,GET,/auth/logout/,0.100000,0.000000,51,51,51,51,51,51,51,51,51,51,51,11,0,170,373.27272727272725,10,2509,1712.0
1637164480,1,POST,/auth/modify-friend/,0.800000,0.000000,180,200,200,400,400,400,400,400,400,400,400,69,0,190,201.20289855072463,48,715,1713.0
1637164480,1,GET,/public/,0.700000,0.000000,280,280,480,480,650,650,650,650,650,650,650,70,0,250,272.65714285714284,79,797,10206.171428571428
1637164480,1,,Aggregated,4.000000,0.000000,200,220,400,400,650,770,790,790,790,790,790,365,0,220,257.94520547945206,10,2509,5078.81095890411
1637164481,1,GET,/,0.800000,0.000000,190,190,220,220,220,220,220,220,220,220,220,54,0,220,271.7962962962963,79,1497,9710.555555555555
1637164481,1,POST,/,0.100000,0.000000,400,400,400,400,400,400,400,400,400,400,400,10,0,370,469.2,204,1028,8895.2
1637164481,1,GET,/auth/find-friends/,1.200000,0.000000,240,440,600,640,770,770,770,770,770,770,770,140,0,200,228.1,36,1263,1974.0
1637164481,1,GET,/auth/login/,0.000000,0.000000,0,0,0,0,0,0,0,0,0,0,0,1,0,208,208.0,208,208,2961.0
1637164481,1,POST,/auth/login/,0.100000,0.000000,790,790,790,790,790,790,790,790,790,790,790,12,0,450,553.9166666666666,114,1061,9467.5
1637164481,1,GET,/auth/logout/,0.100000,0.000000,51,51,51,51,51,51,51,51,51,51,51,11,0,170,373.27272727272725,10,2509,1712.0
1637164481,1,POST,/auth/modify-friend/,0.600000,0.000000,200,200,400,400,400,400,400,400,400,400,400,69,0,190,201.20289855072463,48,715,1713.0
1637164481,1,GET,/public/,0.700000,0.000000,280,480,480,650,650,650,650,650,650,650,650,70,0,250,272.65714285714284,79,797,10206.171428571428
1637164481,1,,Aggregated,3.600000,0.000000,210,280,480,600,650,770,790,790,790,790,790,367,0,220,259.49046321525884,10,2509,5061.891008174387
1637164482,1,GET,/,0.600000,0.000000,220,220,540,540,540,540,540,540,540,540,540,55,0,220,276.6363636363636,79,1497,9717.290909090909
1637164482,1,POST,/,0.100000,0.000000,400,400,400,400,400,400,400,400,400,400,400,10,0,370,469.2,204,1028,8895.2
1637164482,1,GET,/auth/find-friends/,1.400000,0.000000,440,600,640,640,770,770,770,770,770,770,770,140,0,200,228.1,36,1263,1974.0
1637164482,1,GET,/auth/login/,0.000000,0.000000,0,0,0,0,0,0,0,0,0,0,0,1,0,208,208.0,208,208,2961.0
1637164482,1,POST,/auth/login/,0.100000,0.000000,790,790,790,790,790,790,790,790,790,790,790,12,0,450,553.9166666666666,114,1061,9467.5
1637164482,1,GET,/auth/logout/,0.100000,0.000000,51,51,51,51,51,51,51,51,51,51,51,11,0,170,373.27272727272725,10,2509,1712.0
1637164482,1,POST,/auth/modify-friend/,0.600000,0.000000,400,400,500,500,500,500,500,500,500,500,500,70,0,190,205.4142857142857,48,715,1713.0
1637164482,1,GET,/public/,0.600000,0.000000,480,480,650,650,650,650,650,650,650,650,650,70,0,250,272.65714285714284,79,797,10206.171428571428
1637164482,1,,Aggregated,3.500000,0.000000,280,480,540,600,650,770,790,790,790,790,790,369,0,220,260.8861788617886,10,2509,5066.417344173442
1637164483,1,GET,/,0.500000,0.000000,410,410,540,540,540,540,540,540,540,540,540,56,0,220,279.0,79,1497,9723.892857142857
1637164483,1,POST,/,0.100000,0.000000,400,400,400,400,400,400,400,400,400,400,400,10,0,370,469.2,204,1028,8895.2
1637164483,1,GET,/auth/find-friends/,1.200000,0.000000,600,600,640,640,770,770,770,770,770,770,770,140,0,200,228.1,36,1263,1974.0
1637164483,1,GET,/auth/login/,0.000000,0.000000,0,0,0,0,0,0,0,0,0,0,0,1,0,208,208.0,208,208,2961.0
1637164483,1,POST,/auth/login/,0.100000,0.000000,790,790,790,790,790,790,790,790,790,790,790,12,0,450,553.9166666666666,114,1061,9467.5
1637164483,1,GET,/auth/logout/,0.100000,0.000000,51,51,51,51,51,51,51,51,51,51,51,11,0,170,373.27272727272725,10,2509,1712.0
1637164483,1,POST,/auth/modify-friend/,0.600000,0.000000,400,400,500,500,500,500,500,500,500,500,500,70,0,190,205.4142857142857,48,715,1713.0
1637164483,1,GET,/public/,0.700000,0.000000,360,480,480,650,650,650,650,650,650,650,650,71,0,250,273.92957746478874,79,797,10201.12676056338
1637164483,1,,Aggregated,3.300000,0.000000,440,500,600,640,770,790,790,790,790,790,790,371,0,220,261.56064690026955,10,2509,5092.838274932615
1637164484,1,GET,/,0.400000,0.000000,220,410,410,540,540,540,540,540,540,540,540,57,0,220,277.3859649122807,79,1497,9735.035087719298
1637164484,1,POST,/,0.000000,0.000000,400,400,400,400,400,400,400,400,400,400,400,10,0,370,469.2,204,1028,8895.2
1637164484,1,GET,/auth/find-friends/,1.000000,0.000000,450,600,640,640,770,770,770,770,770,770,770,142,0,200,230.82394366197184,36,1263,1974.0
1637164484,1,GET,/auth/login/,0.000000,0.000000,0,0,0,0,0,0,0,0,0,0,0,1,0,208,208.0,208,208,2961.0
1637164484,1,POST,/auth/login/,0.100000,0.000000,790,790,790,790,790,790,790,790,790,790,790,12,0,450,553.9166666666666,114,1061,9467.5
1637164484,1,GET,/auth/logout/,0.100000,0.000000,51,51,51,51,51,51,51,51,51,51,51,11,0,170,373.27272727272725,10,2509,1712.0
1637164484,1,POST,/auth/modify-friend/,0.500000,0.000000,400,400,500,500,500,500,500,500,500,500,500,71,0,190,208.16901408450704,48,715,1713.0
1637164484,1,GET,/public/,0.500000,0.000000,360,480,480,650,650,650,650,650,650,650,650,71,0,250,273.92957746478874,79,797,10201.12676056338
1637164484,1,,Aggregated,2.600000,0.000000,450,540,600,640,770,790,790,790,790,790,790,375,0,220,262.58666666666664,10,2509,5081.234666666666
1637164485,1,GET,/,0.400000,0.000000,220,410,410,540,540,540,540,540,540,540,540,57,0,220,277.3859649122807,79,1497,9735.035087719298
1637164485,1,POST,/,0.000000,0.000000,400,400,400,400,400,400,400,400,400,400,400,10,0,370,469.2,204,1028,8895.2
1637164485,1,GET,/auth/find-friends/,1.000000,0.000000,450,600,640,640,770,770,770,770,770,770,770,142,0,200,230.82394366197184,36,1263,1974.0
1637164485,1,GET,/auth/login/,0.000000,0.000000,0,0,0,0,0,0,0,0,0,0,0,1,0,208,208.0,208,208,2961.0
1637164485,1,POST,/auth/login/,0.100000,0.000000,790,790,790,790,790,790,790,790,790,790,790,12,0,450,553.9166666666666,114,1061,9467.5
1637164485,1,GET,/auth/logout/,0.100000,0.000000,100,100,100,100,100,100,100,100,100,100,100,12,0,130,350.9166666666667,10,2509,1712.0
1637164485,1,POST,/auth/modify-friend/,0.500000,0.000000,400,400,500,500,500,500,500,500,500,500,500,71,0,190,208.16901408450704,48,715,1713.0
1637164485,1,GET,/public/,0.500000,0.000000,480,480,650,650,650,650,650,650,650,650,650,71,0,250,273.92957746478874,79,797,10201.12676056338
1637164485,1,,Aggregated,2.600000,0.000000,450,540,600,640,770,790,790,790,790,790,790,376,0,220,262.1675531914894,10,2509,5072.273936170212
1637164486,1,GET,/,0.400000,0.000000,220,410,410,540,540,540,540,540,540,540,540,57,0,220,277.3859649122807,79,1497,9735.035087719298
1637164486,1,POST,/,0.000000,0.000000,400,400,400,400,400,400,400,400,400,400,400,10,0,370,469.2,204,1028,8895.2
1637164486,1,GET,/auth/find-friends/,0.800000,0.000000,600,600,640,640,770,770,770,770,770,770,770,142,0,200,230.82394366197184,36,1263,1974.0
1637164486,1,GET,/auth/login/,0.000000,0.000000,0,0,0,0,0,0,0,0,0,0,0,1,0,208,208.0,208,208,2961.0
1637164486,1,POST,/auth/login/,0.100000,0.000000,790,790,790,790,790,790,790,790,790,790,790,13,0,450,543.7692307692307,114,1061,9573.0
1637164486,1,GET,/auth/logout/,0.100000,0.000000,64,64,100,100,100,100,100,100,100,100,100,13,0,130,328.84615384615387,10,2509,1712.0
1637164486,1,POST,/auth/modify-friend/,0.400000,0.000000,400,400,500,500,500,500,500,500,500,500,500,71,0,190,208.16901408450704,48,715,1713.0
1637164486,1,GET,/public/,0.500000,0.000000,480,480,650,650,650,650,650,650,650,650,650,71,0,250,273.92957746478874,79,797,10201.12676056338
1637164486,1,,Aggregated,2.300000,0.000000,440,480,540,600,650,770,770,770,770,770,770,378,0,220,262.06613756613757,10,2509,5078.640211640211
1637164487,1,GET,/,0.400000,0.000000,410,410,540,540,540,540,540,540,540,540,540,57,0,220,277.3859649122807,79,1497,9735.035087719298
1637164487,1,POST,/,0.000000,0.000000,400,400,400,400,400,400,400,400,400,400,400,10,0,370,469.2,204,1028,8895.2
1637164487,1,GET,/auth/find-friends/,0.800000,0.000000,600,600,640,640,770,770,770,770,770,770,770,142,0,200,230.82394366197184,36,1263,1974.0
1637164487,1,GET,/auth/login/,0.000000,0.000000,0,0,0,0,0,0,0,0,0,0,0,1,0,208,208.0,208,208,2961.0
1637164487,1,POST,/auth/login/,0.100000,0.000000,790,790,790,790,790,790,790,790,790,790,790,13,0,450,543.7692307692307,114,1061,9573.0
1637164487,1,GET,/auth/logout/,0.100000,0.000000,64,64,100,100,100,100,100,100,100,100,100,13,0,130,328.84615384615387,10,2509,1712.0
1637164487,1,POST,/auth/modify-friend/,0.400000,0.000000,400,400,500,500,500,500,500,500,500,500,500,71,0,190,208.16901408450704,48,715,1713.0
1637164487,1,GET,/public/,0.500000,0.000000,480,480,650,650,650,650,650,650,650,650,650,71,0,250,273.92957746478874,79,797,10201.12676056338
1637164487,1,,Aggregated,2.300000,0.000000,420,480,500,540,640,770,770,770,770,770,770,378,0,220,262.06613756613757,10,2509,5078.640211640211
1637164488,1,GET,/,0.300000,0.000000,380,410,410,540,540,540,540,540,540,540,540,59,0,220,278.1186440677966,79,1497,9767.525423728814
1637164488,1,POST,/,0.000000,0.000000,400,400,400,400,400,400,400,400,400,400,400,10,0,370,469.2,204,1028,8895.2
1637164488,1,GET,/auth/find-friends/,0.600000,0.000000,600,600,640,640,770,770,770,770,770,770,770,142,0,200,230.82394366197184,36,1263,1974.0
1637164488,1,GET,/auth/login/,0.000000,0.000000,0,0,0,0,0,0,0,0,0,0,0,1,0,208,208.0,208,208,2961.0
1637164488,1,POST,/auth/login/,0.200000,0.000000,740,740,790,790,790,790,790,790,790,790,790,14,0,450,557.9285714285714,114,1061,9649.642857142857
1637164488,1,GET,/auth/logout/,0.200000,0.000000,64,64,100,100,100,100,100,100,100,100,100,13,0,130,328.84615384615387,10,2509,1712.0
1637164488,1,POST,/auth/modify-friend/,0.300000,0.000000,400,400,500,500,500,500,500,500,500,500,500,71,0,190,208.16901408450704,48,715,1713.0
1637164488,1,GET,/public/,0.300000,0.000000,480,480,480,480,480,480,480,480,480,480,480,71,0,250,273.92957746478874,79,797,10201.12676056338
1637164488,1,,Aggregated,1.900000,0.000000,410,440,480,500,640,740,740,740,740,740,740,381,0,220,263.5196850393701,10,2509,5122.727034120735
1637164489,1,GET,/,0.300000,0.000000,230,380,410,410,540,540,540,540,540,540,540,61,0,220,275.9344262295082,79,1497,9795.606557377048
1637164489,1,POST,/,0.000000,0.000000,0,0,0,0,0,0,0,0,0,0,0,10,0,370,469.2,204,1028,8895.2
1637164489,1,GET,/auth/find-friends/,0.600000,0.000000,440,440,450,450,640,640,640,640,640,640,640,144,0,200,230.23611111111111,36,1263,1974.0
1637164489,1,GET,/auth/login/,0.000000,0.000000,0,0,0,0,0,0,0,0,0,0,0,1,0,208,208.0,208,208,2961.0
1637164489,1,POST,/auth/login/,0.100000,0.000000,740,740,790,790,790,790,790,790,790,790,790,14,0,450,557.9285714285714,114,1061,9649.642857142857
1637164489,1,GET,/auth/logout/,0.200000,0.000000,100,100,100,100,100,100,100,100,100,100,100,13,0,130,328.84615384615387,10,2509,1712.0
1637164489,1,POST,/auth/modify-friend/,0.300000,0.000000,400,400,500,500,500,500,500,500,500,500,500,72,0,190,206.69444444444446,48,715,1713.0
1637164489,1,GET,/public/,0.300000,0.000000,360,360,480,480,480,480,480,480,480,480,480,72,0,250,273.22222222222223,79,797,10200.847222222223
1637164489,1,,Aggregated,1.800000,0.000000,380,410,440,450,540,640,740,740,740,740,740,387,0,220,262.3410852713178,10,2509,5139.144702842377
1637164490,1,GET,/,0.400000,0.000000,220,230,380,380,410,540,540,540,540,540,540,65,0,220,271.44615384615383,79,1497,9833.107692307693
1637164490,1,POST,/,0.000000,0.000000,0,0,0,0,0,0,0,0,0,0,0,10,0,370,469.2,204,1028,8895.2
1637164490,1,GET,/auth/find-friends/,0.600000,0.000000,440,440,450,450,640,640,640,640,640,640,640,144,0,200,230.23611111111111,36,1263,1974.0
1637164490,1,GET,/auth/login/,0.000000,0.000000,0,0,0,0,0,0,0,0,0,0,0,1,0,208,208.0,208,208,2961.0
1637164490,1,POST,/auth/login/,0.200000,0.000000,740,740,740,740,740,740,740,740,740,740,740,14,0,450,557.9285714285714,114,1061,9649.642857142857
1637164490,1,GET,/auth/logout/,0.200000,0.000000,100,100,100,100,100,100,100,100,100,100,100,13,0,130,328.84615384615387,10,2509,1712.0
1637164490,1,POST,/auth/modify-friend/,0.300000,0.000000,400,400,500,500,500,500,500,500,500,500,500,72,0,190,206.69444444444446,48,715,1713.0
1637164490,1,GET,/public/,0.200000,0.000000,360,360,360,360,360,360,360,360,360,360,360,72,0,250,273.22222222222223,79,797,10200.847222222223
1637164490,1,,Aggregated,1.900000,0.000000,230,380,410,420,500,540,740,740,740,740,740,391,0,220,261.7340153452685,10,2509,5193.015345268542
1637164491,1,GET,/,0.600000,0.000000,220,230,230,230,380,410,410,410,410,410,410,66,0,220,270.8636363636364,79,1497,9845.40909090909
1637164491,1,POST,/,0.000000,0.000000,530,530,530,530,530,530,530,530,530,530,530,11,0,400,474.45454545454544,204,1028,9042.545454545454
1637164491,1,GET,/auth/find-friends/,0.600000,0.000000,250,390,390,450,450,450,450,450,450,450,450,145,0,200,229.7448275862069,36,1263,1974.0
1637164491,1,GET,/auth/login/,0.000000,0.000000,0,0,0,0,0,0,0,0,0,0,0,1,0,208,208.0,208,208,2961.0
1637164491,1,POST,/auth/login/,0.200000,0.000000,740,740,740,740,740,740,740,740,740,740,740,14,0,450,557.9285714285714,114,1061,9649.642857142857
1637164491,1,GET,/auth/logout/,0.200000,0.000000,100,100,100,100,100,100,100,100,100,100,100,13,0,130,328.84615384615387,10,2509,1712.0
1637164491,1,POST,/auth/modify-friend/,0.400000,0.000000,400,400,500,500,500,500,500,500,500,500,500,72,0,190,206.69444444444446,48,715,1713.0
1637164491,1,GET,/public/,0.300000,0.000000,250,250,360,360,360,360,360,360,360,360,360,73,0,250,272.958904109589,79,797,10202.356164383562
1637164491,1,,Aggregated,2.300000,0.000000,230,360,390,400,450,530,740,740,740,740,740,395,0,220,262.05316455696203,10,2509,5225.101265822785
1637164492,1,GET,/,1.000000,0.000000,210,230,230,230,380,410,410,410,410,410,410,68,0,220,268.9117647058824,79,1497,9865.54411764706
1637164492,1,POST,/,0.000000,0.000000,530,530,530,530,530,530,530,530,530,530,530,11,0,400,474.45454545454544,204,1028,9042.545454545454
1637164492,1,GET,/auth/find-friends/,0.600000,0.000000,250,250,390,390,450,450,450,450,450,450,450,146,0,200,229.86301369863014,36,1263,1974.0
1637164492,1,GET,/auth/login/,0.000000,0.000000,0,0,0,0,0,0,0,0,0,0,0,1,0,208,208.0,208,208,2961.0
1637164492,1,POST,/auth/login/,0.200000,0.000000,740,740,740,740,740,740,740,740,740,740,740,14,0,450,557.9285714285714,114,1061,9649.642857142857
1637164492,1,GET,/auth/logout/,0.200000,0.000000,100,100,100,100,100,100,100,100,100,100,100,13,0,130,328.84615384615387,10,2509,1712.0
1637164492,1,POST,/auth/modify-friend/,0.300000,0.000000,240,240,400,400,400,400,400,400,400,400,400,73,0,190,207.08219178082192,48,715,1713.0
1637164492,1,GET,/public/,0.200000,0.000000,250,250,360,360,360,360,360,360,360,360,360,73,0,250,272.958904109589,79,797,10202.356164383562
1637164492,1,,Aggregated,2.500000,0.000000,230,250,380,390,450,530,740,740,740,740,740,399,0,220,261.6591478696742,10,2509,5234.741854636592
1637164493,1,GET,/,1.200000,0.000000,210,230,230,230,250,380,380,380,380,380,380,69,0,220,268.6376811594203,79,1497,9874.31884057971
1637164493,1,POST,/,0.100000,0.000000,530,530,530,530,530,530,530,530,530,530,530,11,0,400,474.45454545454544,204,1028,9042.545454545454
1637164493,1,GET,/auth/find-friends/,0.400000,0.000000,250,350,390,390,450,450,450,450,450,450,450,148,0,200,230.83783783783784,36,1263,1974.0
1637164493,1,GET,/auth/login/,0.000000,0.000000,0,0,0,0,0,0,0,0,0,0,0,1,0,208,208.0,208,208,2961.0
1637164493,1,POST,/auth/login/,0.200000,0.000000,740,740,740,740,740,740,740,740,740,740,740,14,0,450,557.9285714285714,114,1061,9649.642857142857
1637164493,1,GET,/auth/logout/,0.200000,0.000000,100,100,100,100,100,100,100,100,100,100,100,13,0,130,328.84615384615387,10,2509,1712.0
1637164493,1,POST,/auth/modify-friend/,0.300000,0.000000,240,240,400,400,400,400,400,400,400,400,400,73,0,190,207.08219178082192,48,715,1713.0
1637164493,1,GET,/public/,0.200000,0.000000,250,250,360,360,360,360,360,360,360,360,360,74,0,250,272.44594594594594,79,797,10205.824324324325
1637164493,1,,Aggregated,2.600000,0.000000,230,250,250,250,420,530,740,740,740,740,740,403,0,220,261.7642679900744,10,2509,5244.5161290322585
1637164494,1,GET,/,1.200000,0.000000,220,230,230,250,290,380,380,380,380,380,380,70,0,220,268.95714285714286,79,1497,9883.385714285714
1637164494,1,POST,/,0.100000,0.000000,530,530,530,530,530,530,530,530,530,530,530,11,0,400,474.45454545454544,204,1028,9042.545454545454
1637164494,1,GET,/auth/find-friends/,0.400000,0.000000,250,350,390,390,450,450,450,450,450,450,450,148,0,200,230.83783783783784,36,1263,1974.0
1637164494,1,GET,/auth/login/,0.000000,0.000000,0,0,0,0,0,0,0,0,0,0,0,1,0,208,208.0,208,208,2961.0
1637164494,1,POST,/auth/login/,0.200000,0.000000,740,740,740,740,740,740,740,740,740,740,740,14,0,450,557.9285714285714,114,1061,9649.642857142857
1637164494,1,GET,/auth/logout/,0.200000,0.000000,300,300,300,300,300,300,300,300,300,300,300,14,0,130,327.0,10,2509,1712.0
1637164494,1,POST,/auth/modify-friend/,0.300000,0.000000,240,240,400,400,400,400,400,400,400,400,400,74,0,190,206.25675675675674,48,715,1713.0
1637164494,1,GET,/public/,0.200000,0.000000,250,250,360,360,360,360,360,360,360,360,360,74,0,250,272.44594594594594,79,797,10205.824324324325
1637164494,1,,Aggregated,2.600000,0.000000,230,250,250,300,420,530,740,740,740,740,740,406,0,220,261.6527093596059,10,2509,5240.083743842364
1637164495,1,GET,/,1.200000,0.000000,220,230,230,250,290,380,380,380,380,380,380,70,0,220,268.95714285714286,79,1497,9883.385714285714
1637164495,1,POST,/,0.100000,0.000000,530,530,530,530,530,530,530,530,530,530,530,11,0,400,474.45454545454544,204,1028,9042.545454545454
1637164495,1,GET,/auth/find-friends/,0.400000,0.000000,250,250,250,250,350,350,350,350,350,350,350,148,0,200,230.83783783783784,36,1263,1974.0
1637164495,1,GET,/auth/login/,0.000000,0.000000,0,0,0,0,0,0,0,0,0,0,0,1,0,208,208.0,208,208,2961.0
1637164495,1,POST,/auth/login/,0.200000,0.000000,740,740,740,740,740,740,740,740,740,740,740,14,0,450,557.9285714285714,114,1061,9649.642857142857
1637164495,1,GET,/auth/logout/,0.200000,0.000000,300,300,300,300,300,300,300,300,300,300,300,14,0,130,327.0,10,2509,1712.0
1637164495,1,POST,/auth/modify-friend/,0.300000,0.000000,150,150,240,240,240,240,240,240,240,240,240,74,0,190,206.25675675675674,48,715,1713.0
1637164495,1,GET,/public/,0.200000,0.000000,240,240,250,250,250,250,250,250,250,250,250,74,0,250,272.44594594594594,79,797,10205.824324324325
1637164495,1,,Aggregated,2.600000,0.000000,230,250,250,300,420,530,740,740,740,740,740,406,0,220,261.6527093596059,10,2509,5240.083743842364
1637164496,1,GET,/,1.400000,0.000000,220,230,230,250,290,380,380,380,380,380,380,70,0,220,268.95714285714286,79,1497,9883.385714285714
1637164496,1,POST,/,0.100000,0.000000,530,530,530,530,530,530,530,530,530,530,530,11,0,400,474.45454545454544,204,1028,9042.545454545454
1637164496,1,GET,/auth/find-friends/,0.600000,0.000000,250,250,250,250,350,350,350,350,350,350,350,148,0,200,230.83783783783784,36,1263,1974.0
1637164496,1,GET,/auth/login/,0.000000,0.000000,0,0,0,0,0,0,0,0,0,0,0,1,0,208,208.0,208,208,2961.0
1637164496,1,POST,/auth/login/,0.200000,0.000000,1100,1100,1100,1100,1100,1100,1100,1100,1100,1100,1100,15,0,500,595.2666666666667,114,1118,9706.4
1637164496,1,GET,/auth/logout/,0.300000,0.000000,300,300,300,300,300,300,300,300,300,300,300,14,0,130,327.0,10,2509,1712.0
1637164496,1,POST,/auth/modify-friend/,0.300000,0.000000,150,150,240,240,240,240,240,240,240,240,240,74,0,190,206.25675675675674,48,715,1713.0
1637164496,1,GET,/public/,0.300000,0.000000,240,240,250,250,250,250,250,250,250,250,250,74,0,250,272.44594594594594,79,797,10205.824324324325
1637164496,1,,Aggregated,3.200000,0.000000,230,250,250,300,530,740,1100,1100,1100,1100,1100,407,0,220,263.7567567567568,10,2509,5253.009828009828
1637164497,1,GET,/,1.400000,0.000000,220,230,230,250,290,700,700,700,700,700,700,71,0,220,275.0422535211268,79,1497,9891.929577464789
1637164497,1,POST,/,0.100000,0.000000,530,530,530,530,530,530,530,530,530,530,530,11,0,400,474.45454545454544,204,1028,9042.545454545454
1637164497,1,GET,/auth/find-friends/,0.600000,0.000000,250,250,250,250,350,350,350,350,350,350,350,148,0,200,230.83783783783784,36,1263,1974.0
1637164497,1,GET,/auth/login/,0.000000,0.000000,0,0,0,0,0,0,0,0,0,0,0,1,0,208,208.0,208,208,2961.0
1637164497,1,POST,/auth/login/,0.200000,0.000000,1100,1100,1100,1100,1100,1100,1100,1100,1100,1100,1100,15,0,500,595.2666666666667,114,1118,9706.4
1637164497,1,GET,/auth/logout/,0.300000,0.000000,300,300,300,300,300,300,300,300,300,300,300,14,0,130,327.0,10,2509,1712.0
1637164497,1,POST,/auth/modify-friend/,0.300000,0.000000,150,150,240,240,240,240,240,240,240,240,240,74,0,190,206.25675675675674,48,715,1713.0
1637164497,1,GET,/public/,0.300000,0.000000,240,240,250,250,250,250,250,250,250,250,250,74,0,250,272.44594594594594,79,797,10205.824324324325
1637164497,1,,Aggregated,3.200000,0.000000,230,250,250,290,530,700,1100,1100,1100,1100,1100,408,0,220,264.828431372549,10,2509,5265.845588235294
1637164498,1,GET,/,1.300000,0.000000,230,250,290,540,700,710,710,710,710,710,710,73,0,220,284.71232876712327,79,1497,9905.698630136987
1637164498,1,POST,/,0.100000,0.000000,530,530,530,530,530,530,530,530,530,530,530,11,0,400,474.45454545454544,204,1028,9042.545454545454
1637164498,1,GET,/auth/find-friends/,0.600000,0.000000,250,250,250,250,350,350,350,350,350,350,350,148,0,200,230.83783783783784,36,1263,1974.0
1637164498,1,GET,/auth/login/,0.000000,0.000000,0,0,0,0,0,0,0,0,0,0,0,1,0,208,208.0,208,208,2961.0
1637164498,1,POST,/auth/login/,0.100000,0.000000,1100,1100,1100,1100,1100,1100,1100,1100,1100,1100,1100,15,0,500,595.2666666666667,114,1118,9706.4
1637164498,1,GET,/auth/logout/,0.100000,0.000000,300,300,300,300,300,300,300,300,300,300,300,14,0,130,327.0,10,2509,1712.0
1637164498,1,POST,/auth/modify-friend/,0.300000,0.000000,150,150,240,240,240,240,240,240,240,240,240,74,0,190,206.25675675675674,48,715,1713.0
1637164498,1,GET,/public/,0.300000,0.000000,240,240,250,250,250,250,250,250,250,250,250,74,0,250,272.44594594594594,79,797,10205.824324324325
1637164498,1,,Aggregated,2.800000,0.000000,250,250,350,530,700,710,1100,1100,1100,1100,1100,410,0,220,266.6,10,2509,5290.8634146341465
1637164499,1,GET,/,1.400000,0.000000,250,290,540,700,710,710,710,710,710,710,710,73,0,220,284.71232876712327,79,1497,9905.698630136987
1637164499,1,POST,/,0.100000,0.000000,530,530,530,530,530,530,530,530,530,530,530,11,0,400,474.45454545454544,204,1028,9042.545454545454
1637164499,1,GET,/auth/find-friends/,0.600000,0.000000,250,350,350,440,440,440,440,440,440,440,440,149,0,210,232.248322147651,36,1263,1974.0
1637164499,1,GET,/auth/login/,0.000000,0.000000,0,0,0,0,0,0,0,0,0,0,0,1,0,208,208.0,208,208,2961.0
1637164499,1,POST,/auth/login/,0.200000,0.000000,1100,1100,1100,1100,1100,1100,1100,1100,1100,1100,1100,15,0,500,595.2666666666667,114,1118,9706.4
1637164499,1,GET,/auth/logout/,0.100000,0.000000,300,300,300,300,300,300,300,300,300,300,300,14,0,130,327.0,10,2509,1712.0
1637164499,1,POST,/auth/modify-friend/,0.300000,0.000000,240,240,240,240,240,240,240,240,240,240,240,74,0,190,206.25675675675674,48,715,1713.0
1637164499,1,GET,/public/,0.300000,0.000000,250,250,780,780,780,780,780,780,780,780,780,75,0,250,279.17333333333335,79,797,10205.786666666667
1637164499,1,,Aggregated,3.000000,0.000000,250,350,530,540,710,780,1100,1100,1100,1100,1100,412,0,220,268.2621359223301,10,2509,5294.735436893204
1637164500,1,GET,/,1.400000,0.000000,290,540,700,700,710,710,710,710,710,710,710,73,0,220,284.71232876712327,79,1497,9905.698630136987
1637164500,1,POST,/,0.100000,0.000000,530,530,530,530,530,530,530,530,530,530,530,11,0,400,474.45454545454544,204,1028,9042.545454545454
1637164500,1,GET,/auth/find-friends/,0.600000,0.000000,350,350,440,440,620,620,620,620,620,620,620,150,0,210,234.84,36,1263,1974.0
1637164500,1,GET,/auth/login/,0.000000,0.000000,0,0,0,0,0,0,0,0,0,0,0,1,0,208,208.0,208,208,2961.0
1637164500,1,POST,/auth/login/,0.100000,0.000000,1100,1100,1100,1100,1100,1100,1100,1100,1100,1100,1100,15,0,500,595.2666666666667,114,1118,9706.4
1637164500,1,GET,/auth/logout/,0.100000,0.000000,300,300,300,300,300,300,300,300,300,300,300,14,0,130,327.0,10,2509,1712.0
1637164500,1,POST,/auth/modify-friend/,0.300000,0.000000,240,240,570,570,570,570,570,570,570,570,570,75,0,190,211.05333333333334,48,715,1713.0
1637164500,1,GET,/public/,0.300000,0.000000,250,250,780,780,780,780,780,780,780,780,780,75,0,250,279.17333333333335,79,797,10205.786666666667
1637164500,1,,Aggregated,2.900000,0.000000,290,440,570,620,710,780,1100,1100,1100,1100,1100,414,0,220,269.8333333333333,10,2509,5278.062801932367
1637164501,1,GET,/,1.300000,0.000000,540,670,700,700,710,710,710,710,710,710,710,74,0,220,289.9594594594595,79,1497,9910.608108108108
1637164501,1,POST,/,0.100000,0.000000,530,530,530,530,530,530,530,530,530,530,530,11,0,400,474.45454545454544,204,1028,9042.545454545454
1637164501,1,GET,/auth/find-friends/,0.400000,0.000000,440,440,620,620,620,620,620,620,620,620,620,150,0,210,234.84,36,1263,1974.0
1637164501,1,GET,/auth/login/,0.000000,0.000000,0,0,0,0,0,0,0,0,0,0,0,1,0,208,208.0,208,208,2961.0
1637164501,1,POST,/auth/login/,0.100000,0.000000,1100,1100,1100,1100,1100,1100,1100,1100,1100,1100,1100,15,0,500,595.2666666666667,114,1118,9706.4
1637164501,1,GET,/auth/logout/,0.100000,0.000000,300,300,300,300,300,300,300,300,300,300,300,14,0,130,327.0,10,2509,1712.0
1637164501,1,POST,/auth/modify-friend/,0.200000,0.000000,240,240,570,570,570,570,570,570,570,570,570,75,0,190,211.05333333333334,48,715,1713.0
1637164501,1,GET,/public/,0.300000,0.000000,780,780,780,780,780,780,780,780,780,780,780,75,0,250,279.17333333333335,79,797,10205.786666666667
1637164501,1,,Aggregated,2.500000,0.000000,440,620,670,700,780,1100,1100,1100,1100,1100,1100,415,0,220,270.80481927710844,10,2509,5290.089156626506
1637164502,1,GET,/,1.300000,0.000000,670,700,700,710,710,710,710,710,710,710,710,74,0,220,289.9594594594595,79,1497,9910.608108108108
1637164502,1,POST,/,0.100000,0.000000,530,530,530,530,530,530,530,530,530,530,530,11,0,400,474.45454545454544,204,1028,9042.545454545454
1637164502,1,GET,/auth/find-friends/,0.400000,0.000000,440,440,620,620,620,620,620,620,620,620,620,150,0,210,234.84,36,1263,1974.0
1637164502,1,GET,/auth/login/,0.000000,0.000000,0,0,0,0,0,0,0,0,0,0,0,1,0,208,208.0,208,208,2961.0
1637164502,1,POST,/auth/login/,0.100000,0.000000,1100,1100,1100,1100,1100,1100,1100,1100,1100,1100,1100,15,0,500,595.2666666666667,114,1118,9706.4
1637164502,1,GET,/auth/logout/,0.100000,0.000000,300,300,300,300,300,300,300,300,300,300,300,14,0,130,327.0,10,2509,1712.0
1637164502,1,POST,/auth/modify-friend/,0.200000,0.000000,570,570,570,570,570,570,570,570,570,570,570,75,0,190,211.05333333333334,48,715,1713.0
1637164502,1,GET,/public/,0.300000,0.000000,560,560,780,780,780,780,780,780,780,780,780,76,0,250,282.8157894736842,79,797,10205.907894736842
1637164502,1,,Aggregated,2.500000,0.000000,570,670,700,710,780,1100,1100,1100,1100,1100,1100,416,0,220,271.49038461538464,10,2509,5301.927884615385
1637164503,1,GET,/,0.700000,0.000000,670,700,700,710,710,710,710,710,710,710,710,74,0,220,289.9594594594595,79,1497,9910.608108108108
1637164503,1,POST,/,0.000000,0.000000,530,530,530,530,530,530,530,530,530,530,530,11,0,400,474.45454545454544,204,1028,9042.545454545454
1637164503,1,GET,/auth/find-friends/,0.600000,0.000000,440,620,620,940,940,940,940,940,940,940,940,152,0,210,240.05921052631578,36,1263,1974.0
1637164503,1,GET,/auth/login/,0.000000,0.000000,0,0,0,0,0,0,0,0,0,0,0,1,0,208,208.0,208,208,2961.0
1637164503,1,POST,/auth/login/,0.100000,0.000000,1100,1100,1100,1100,1100,1100,1100,1100,1100,1100,1100,15,0,500,595.2666666666667,114,1118,9706.4
1637164503,1,GET,/auth/logout/,0.100000,0.000000,300,300,300,300,300,300,300,300,300,300,300,14,0,130,327.0,10,2509,1712.0
1637164503,1,POST,/auth/modify-friend/,0.300000,0.000000,180,180,570,570,570,570,570,570,570,570,570,76,0,190,210.6184210526316,48,715,1713.0
1637164503,1,GET,/public/,0.300000,0.000000,560,560,780,780,780,780,780,780,780,780,780,77,0,250,284.93506493506493,79,797,10207.09090909091
1637164503,1,,Aggregated,2.100000,0.000000,560,620,700,710,940,1100,1100,1100,1100,1100,1100,420,0,220,273.39761904761906,10,2509,5289.428571428572
1637164504,1,GET,/,0.700000,0.000000,700,700,710,710,710,710,710,710,710,710,710,74,0,220,289.9594594594595,79,1497,9910.608108108108
1637164504,1,POST,/,0.000000,0.000000,530,530,530,530,530,530,530,530,530,530,530,11,0,400,474.45454545454544,204,1028,9042.545454545454
1637164504,1,GET,/auth/find-friends/,0.400000,0.000000,350,440,620,620,940,940,940,940,940,940,940,154,0,210,240.85064935064935,36,1263,1974.0
1637164504,1,GET,/auth/login/,0.000000,0.000000,0,0,0,0,0,0,0,0,0,0,0,1,0,208,208.0,208,208,2961.0
1637164504,1,POST,/auth/login/,0.100000,0.000000,1100,1100,1100,1100,1100,1100,1100,1100,1100,1100,1100,15,0,500,595.2666666666667,114,1118,9706.4
1637164504,1,GET,/auth/logout/,0.100000,0.000000,300,300,300,300,300,300,300,300,300,300,300,14,0,130,327.0,10,2509,1712.0
1637164504,1,POST,/auth/modify-friend/,0.200000,0.000000,340,340,570,570,570,570,570,570,570,570,570,77,0,190,212.33766233766235,48,715,1713.0
1637164504,1,GET,/public/,0.300000,0.000000,560,560,780,780,780,780,780,780,780,780,780,77,0,250,284.93506493506493,79,797,10207.09090909091
1637164504,1,,Aggregated,1.800000,0.000000,560,670,700,710,940,1100,1100,1100,1100,1100,1100,423,0,220,273.69267139479905,10,2509,5265.297872340426
1637164505,1,GET,/,0.500000,0.000000,700,700,710,710,710,710,710,710,710,710,710,74,0,220,289.9594594594595,79,1497,9910.608108108108
1637164505,1,POST,/,0.000000,0.000000,530,530,530,530,530,530,530,530,530,530,530,11,0,400,474.45454545454544,204,1028,9042.545454545454
1637164505,1,GET,/auth/find-friends/,0.500000,0.000000,350,350,440,620,940,940,940,940,940,940,940,156,0,210,240.48076923076923,36,1263,1974.0
1637164505,1,GET,/auth/login/,0.000000,0.000000,0,0,0,0,0,0,0,0,0,0,0,1,0,208,208.0,208,208,2961.0
1637164505,1,POST,/auth/login/,0.100000,0.000000,1100,1100,1100,1100,1100,1100,1100,1100,1100,1100,1100,15,0,500,595.2666666666667,114,1118,9706.4
1637164505,1,GET,/auth/logout/,0.100000,0.000000,300,300,300,300,300,300,300,300,300,300,300,14,0,130,327.0,10,2509,1712.0
1637164505,1,POST,/auth/modify-friend/,0.200000,0.000000,220,340,340,570,570,570,570,570,570,570,570,78,0,190,212.48717948717947,48,715,1713.0
1637164505,1,GET,/public/,0.200000,0.000000,560,560,780,780,780,780,780,780,780,780,780,78,0,250,286.0,79,797,10209.141025641025
1637164505,1,,Aggregated,1.600000,0.000000,450,570,670,700,780,940,1100,1100,1100,1100,1100,427,0,220,273.5081967213115,10,2509,5253.510538641686
1637164506,1,GET,/,0.400000,0.000000,670,670,710,710,710,710,710,710,710,710,710,74,0,220,289.9594594594595,79,1497,9910.608108108108
1637164506,1,POST,/,0.000000,0.000000,530,530,530,530,530,530,530,530,530,530,530,11,0,400,474.45454545454544,204,1028,9042.545454545454
1637164506,1,GET,/auth/find-friends/,0.500000,0.000000,320,350,440,620,940,940,940,940,940,940,940,158,0,210,240.51898734177215,36,1263,1974.0
1637164506,1,GET,/auth/login/,0.000000,0.000000,0,0,0,0,0,0,0,0,0,0,0,1,0,208,208.0,208,208,2961.0
1637164506,1,POST,/auth/login/,0.100000,0.000000,1100,1100,1100,1100,1100,1100,1100,1100,1100,1100,1100,15,0,500,595.2666666666667,114,1118,9706.4
1637164506,1,GET,/auth/logout/,0.000000,0.000000,300,300,300,300,300,300,300,300,300,300,300,14,0,130,327.0,10,2509,1712.0
1637164506,1,POST,/auth/modify-friend/,0.200000,0.000000,340,340,570,570,570,570,570,570,570,570,570,78,0,190,212.48717948717947,48,715,1713.0
1637164506,1,GET,/public/,0.300000,0.000000,470,560,560,780,780,780,780,780,780,780,780,79,0,250,288.36708860759495,79,797,10210.443037974683
1637164506,1,,Aggregated,1.500000,0.000000,440,540,570,620,710,780,940,940,940,940,940,430,0,220,273.8325581395349,10,2509,5250.020930232558
1637164507,1,GET,/,0.400000,0.000000,670,670,670,670,670,670,670,670,670,670,670,74,0,220,289.9594594594595,79,1497,9910.608108108108
1637164507,1,POST,/,0.000000,0.000000,530,530,530,530,530,530,530,530,530,530,530,11,0,400,474.45454545454544,204,1028,9042.545454545454
1637164507,1,GET,/auth/find-friends/,0.600000,0.000000,290,320,440,440,620,940,940,940,940,940,940,160,0,210,240.4625,36,1263,1974.0
1637164507,1,GET,/auth/login/,0.000000,0.000000,0,0,0,0,0,0,0,0,0,0,0,1,0,208,208.0,208,208,2961.0
1637164507,1,POST,/auth/login/,0.100000,0.000000,1100,1100,1100,1100,1100,1100,1100,1100,1100,1100,1100,15,0,500,595.2666666666667,114,1118,9706.4
1637164507,1,GET,/auth/logout/,0.000000,0.000000,300,300,300,300,300,300,300,300,300,300,300,14,0,130,327.0,10,2509,1712.0
1637164507,1,POST,/auth/modify-friend/,0.300000,0.000000,280,340,340,570,570,570,570,570,570,570,570,79,0,200,213.32911392405063,48,715,1713.0
1637164507,1,GET,/public/,0.400000,0.000000,470,470,560,560,780,780,780,780,780,780,780,80,0,250,287.975,79,797,10210.8
1637164507,1,,Aggregated,1.800000,0.000000,340,450,540,570,670,780,940,940,940,940,940,434,0,220,273.63133640552996,10,2509,5238.269585253456
1637164508,1,GET,/,0.400000,0.000000,670,670,670,670,670,670,670,670,670,670,670,74,0,220,289.9594594594595,79,1497,9910.608108108108
1637164508,1,POST,/,0.000000,0.000000,0,0,0,0,0,0,0,0,0,0,0,11,0,400,474.45454545454544,204,1028,9042.545454545454
1637164508,1,GET,/auth/find-friends/,0.800000,0.000000,290,320,440,440,620,940,940,940,940,940,940,160,0,210,240.4625,36,1263,1974.0
1637164508,1,GET,/auth/login/,0.000000,0.000000,0,0,0,0,0,0,0,0,0,0,0,1,0,208,208.0,208,208,2961.0
1637164508,1,POST,/auth/login/,0.100000,0.000000,1100,1100,1100,1100,1100,1100,1100,1100,1100,1100,1100,15,0,500,595.2666666666667,114,1118,9706.4
1637164508,1,GET,/auth/logout/,0.000000,0.000000,300,300,300,300,300,300,300,300,300,300,300,15,0,170,324.93333333333334,10,2509,1712.0
1637164508,1,POST,/auth/modify-friend/,0.400000,0.000000,290,290,340,340,570,570,570,570,570,570,570,80,0,200,214.25,48,715,1713.0
1637164508,1,GET,/public/,0.400000,0.000000,470,470,560,560,780,780,780,780,780,780,780,80,0,250,287.975,79,797,10210.8
1637164508,1,,Aggregated,2.100000,0.000000,300,370,450,560,620,670,940,940,940,940,940,436,0,220,273.7133027522936,10,2509,5222.09633027523
1637164509,1,GET,/,0.400000,0.000000,670,670,670,670,670,670,670,670,670,670,670,74,0,220,289.9594594594595,79,1497,9910.608108108108
1637164509,1,POST,/,0.000000,0.000000,0,0,0,0,0,0,0,0,0,0,0,11,0,400,474.45454545454544,204,1028,9042.545454545454
1637164509,1,GET,/auth/find-friends/,0.800000,0.000000,290,320,440,440,620,940,940,940,940,940,940,160,0,210,240.4625,36,1263,1974.0
1637164509,1,GET,/auth/login/,0.000000,0.000000,0,0,0,0,0,0,0,0,0,0,0,1,0,208,208.0,208,208,2961.0
1637164509,1,POST,/auth/login/,0.100000,0.000000,1100,1100,1100,1100,1100,1100,1100,1100,1100,1100,1100,15,0,500,595.2666666666667,114,1118,9706.4
1637164509,1,GET,/auth/logout/,0.000000,0.000000,300,300,300,300,300,300,300,300,300,300,300,15,0,170,324.93333333333334,10,2509,1712.0
1637164509,1,POST,/auth/modify-friend/,0.400000,0.000000,290,290,340,340,570,570,570,570,570,570,570,80,0,200,214.25,48,715,1713.0
1637164509,1,GET,/public/,0.400000,0.000000,450,470,470,560,560,560,560,560,560,560,560,80,0,250,287.975,79,797,10210.8
1637164509,1,,Aggregated,2.100000,0.000000,290,350,450,470,570,670,940,940,940,940,940,436,0,220,273.7133027522936,10,2509,5222.09633027523
1637164510,1,GET,/,0.200000,0.000000,670,670,670,670,670,670,670,670,670,670,670,75,0,230,292.29333333333335,79,1497,9922.186666666666
1637164510,1,POST,/,0.000000,0.000000,0,0,0,0,0,0,0,0,0,0,0,11,0,400,474.45454545454544,204,1028,9042.545454545454
1637164510,1,GET,/auth/find-friends/,1.200000,0.000000,260,290,320,350,940,940,940,940,940,940,940,160,0,210,240.4625,36,1263,1974.0
1637164510,1,GET,/auth/login/,0.000000,0.000000,0,0,0,0,0,0,0,0,0,0,0,1,0,208,208.0,208,208,2961.0
1637164510,1,POST,/auth/login/,0.000000,0.000000,1100,1100,1100,1100,1100,1100,1100,1100,1100,1100,1100,16,0,500,621.125,114,1118,9769.875
1637164510,1,GET,/auth/logout/,0.000000,0.000000,300,300,300,300,300,300,300,300,300,300,300,15,0,170,324.93333333333334,10,2509,1712.0
1637164510,1,POST,/auth/modify-friend/,0.600000,0.000000,290,290,340,340,570,570,570,570,570,570,570,80,0,200,214.25,48,715,1713.0
1637164510,1,GET,/public/,0.600000,0.000000,450,470,470,560,560,560,560,560,560,560,560,80,0,250,287.975,79,797,10210.8
1637164510,1,,Aggregated,2.600000,0.000000,300,350,460,470,670,940,1000,1000,1000,1000,1000,438,0,220,275.82876712328766,10,2509,5247.340182648401
1637164511,1,GET,/,0.100000,0.000000,670,670,670,670,670,670,670,670,670,670,670,75,0,230,292.29333333333335,79,1497,9922.186666666666
1637164511,1,POST,/,0.000000,0.000000,0,0,0,0,0,0,0,0,0,0,0,11,0,400,474.45454545454544,204,1028,9042.545454545454
1637164511,1,GET,/auth/find-friends/,1.200000,0.000000,260,290,350,350,370,940,940,940,940,940,940,162,0,210,241.10493827160494,36,1263,1974.0
1637164511,1,GET,/auth/login/,0.000000,0.000000,0,0,0,0,0,0,0,0,0,0,0,1,0,208,208.0,208,208,2961.0
1637164511,1,POST,/auth/login/,0.000000,0.000000,1100,1100,1100,1100,1100,1100,1100,1100,1100,1100,1100,16,0,500,621.125,114,1118,9769.875
1637164511,1,GET,/auth/logout/,0.100000,0.000000,300,300,300,300,300,300,300,300,300,300,300,15,0,170,324.93333333333334,10,2509,1712.0
1637164511,1,POST,/auth/modify-friend/,0.600000,0.000000,280,280,290,290,340,340,340,340,340,340,340,81,0,200,213.12345679012347,48,715,1713.0
1637164511,1,GET,/public/,0.500000,0.000000,450,450,470,470,560,560,560,560,560,560,560,81,0,250,289.4938271604938,79,797,10211.123456790123
1637164511,1,,Aggregated,2.500000,0.000000,290,350,370,410,470,940,1000,1000,1000,1000,1000,442,0,220,275.86425339366514,10,2509,5235.821266968326
1637164512,1,GET,/,0.100000,0.000000,670,670,670,670,670,670,670,670,670,670,670,75,0,230,292.29333333333335,79,1497,9922.186666666666
1637164512,1,POST,/,0.000000,0.000000,0,0,0,0,0,0,0,0,0,0,0,11,0,400,474.45454545454544,204,1028,9042.545454545454
1637164512,1,GET,/auth/find-friends/,1.000000,0.000000,250,260,290,290,350,370,370,370,370,370,370,164,0,210,241.01829268292684,36,1263,1974.0
1637164512,1,GET,/auth/login/,0.000000,0.000000,0,0,0,0,0,0,0,0,0,0,0,1,0,208,208.0,208,208,2961.0
1637164512,1,POST,/auth/login/,0.000000,0.000000,1100,1100,1100,1100,1100,1100,1100,1100,1100,1100,1100,16,0,500,621.125,114,1118,9769.875
1637164512,1,GET,/auth/logout/,0.100000,0.000000,300,300,300,300,300,300,300,300,300,300,300,15,0,170,324.93333333333334,10,2509,1712.0
1637164512,1,POST,/auth/modify-friend/,0.600000,0.000000,280,280,290,290,340,340,340,340,340,340,340,81,0,200,213.12345679012347,48,715,1713.0
1637164512,1,GET,/public/,0.500000,0.000000,410,410,450,450,470,470,470,470,470,470,470,82,0,250,290.8780487804878,79,797,10209.634146341463
1637164512,1,,Aggregated,2.300000,0.000000,280,340,370,400,460,470,1000,1000,1000,1000,1000,445,0,230,275.961797752809,10,2509,5232.067415730337
1637164513,1,GET,/,0.200000,0.000000,460,460,670,670,670,670,670,670,670,670,670,77,0,230,295.4025974025974,79,1497,9934.506493506493
1637164513,1,POST,/,0.000000,0.000000,0,0,0,0,0,0,0,0,0,0,0,11,0,400,474.45454545454544,204,1028,9042.545454545454
1637164513,1,GET,/auth/find-friends/,1.000000,0.000000,240,260,290,290,350,370,370,370,370,370,370,164,0,210,241.01829268292684,36,1263,1974.0
1637164513,1,GET,/auth/login/,0.000000,0.000000,0,0,0,0,0,0,0,0,0,0,0,1,0,208,208.0,208,208,2961.0
1637164513,1,POST,/auth/login/,0.100000,0.000000,1000,1000,1000,1000,1000,1000,1000,1000,1000,1000,1000,16,0,500,621.125,114,1118,9769.875
1637164513,1,GET,/auth/logout/,0.100000,0.000000,300,300,300,300,300,300,300,300,300,300,300,15,0,170,324.93333333333334,10,2509,1712.0
1637164513,1,POST,/auth/modify-friend/,0.500000,0.000000,280,280,290,290,340,340,340,340,340,340,340,82,0,200,213.8048780487805,48,715,1713.0
1637164513,1,GET,/public/,0.500000,0.000000,400,410,410,470,470,470,470,470,470,470,470,82,0,250,290.8780487804878,79,797,10209.634146341463
1637164513,1,,Aggregated,2.400000,0.000000,290,350,400,410,460,470,1000,1000,1000,1000,1000,448,0,230,276.55357142857144,10,2509,5247.267857142857
1637164514,1,GET,/,0.200000,0.000000,460,460,670,670,670,670,670,670,670,670,670,77,0,230,295.4025974025974,79,1497,9934.506493506493
1637164514,1,POST,/,0.000000,0.000000,0,0,0,0,0,0,0,0,0,0,0,11,0,400,474.45454545454544,204,1028,9042.545454545454
1637164514,1,GET,/auth/find-friends/,1.000000,0.000000,240,250,260,290,370,370,370,370,370,370,370,164,0,210,241.01829268292684,36,1263,1974.0
1637164514,1,GET,/auth/login/,0.000000,0.000000,0,0,0,0,0,0,0,0,0,0,0,1,0,208,208.0,208,208,2961.0
1637164514,1,POST,/auth/login/,0.100000,0.000000,1000,1000,1000,1000,1000,1000,1000,1000,1000,1000,1000,16,0,500,621.125,114,1118,9769.875
1637164514,1,GET,/auth/logout/,0.100000,0.000000,300,300,300,300,300,300,300,300,300,300,300,15,0,170,324.93333333333334,10,2509,1712.0
1637164514,1,POST,/auth/modify-friend/,0.500000,0.000000,270,280,280,290,290,290,290,290,290,290,290,82,0,200,213.8048780487805,48,715,1713.0
1637164514,1,GET,/public/,0.500000,0.000000,400,410,410,470,470,470,470,470,470,470,470,82,0,250,290.8780487804878,79,797,10209.634146341463
1637164514,1,,Aggregated,2.400000,0.000000,280,300,410,410,460,470,1000,1000,1000,1000,1000,448,0,230,276.55357142857144,10,2509,5247.267857142857
1637164515,1,GET,/,0.100000,0.000000,420,420,460,460,460,460,460,460,460,460,460,78,0,230,293.4871794871795,79,1497,9942.26923076923
1637164515,1,POST,/,0.000000,0.000000,0,0,0,0,0,0,0,0,0,0,0,12,0,400,547.0,204,1345,9160.916666666666
1637164515,1,GET,/auth/find-friends/,1.200000,0.000000,220,250,260,290,370,370,370,370,370,370,370,166,0,210,239.64457831325302,36,1263,1974.0
1637164515,1,GET,/auth/login/,0.000000,0.000000,0,0,0,0,0,0,0,0,0,0,0,1,0,208,208.0,208,208,2961.0
1637164515,1,POST,/auth/login/,0.100000,0.000000,1000,1000,1000,1000,1000,1000,1000,1000,1000,1000,1000,16,0,500,621.125,114,1118,9769.875
1637164515,1,GET,/auth/logout/,0.100000,0.000000,300,300,300,300,300,300,300,300,300,300,300,15,0,170,324.93333333333334,10,2509,1712.0
1637164515,1,POST,/auth/modify-friend/,0.700000,0.000000,270,280,280,290,290,290,290,290,290,290,290,83,0,200,212.74698795180723,48,715,1713.0
1637164515,1,GET,/public/,0.600000,0.000000,400,410,410,470,470,470,470,470,470,470,470,83,0,250,290.27710843373495,79,797,10208.301204819278
1637164515,1,,Aggregated,2.800000,0.000000,270,300,410,410,470,1000,1300,1300,1300,1300,1300,454,0,230,277.55066079295153,10,2509,5258.8964757709255
1637164517,1,GET,/,0.300000,0.000000,410,410,420,420,460,460,460,460,460,460,460,80,0,220,289.5,79,1497,9958.2
1637164517,1,POST,/,0.000000,0.000000,1300,1300,1300,1300,1300,1300,1300,1300,1300,1300,1300,13,0,400,523.5384615384615,204,1345,9271.615384615385
1637164517,1,GET,/auth/find-friends/,1.100000,0.000000,220,220,250,260,370,370,370,370,370,370,370,168,0,210,237.8095238095238,36,1263,1974.0
1637164517,1,GET,/auth/login/,0.000000,0.000000,0,0,0,0,0,0,0,0,0,0,0,1,0,208,208.0,208,208,2961.0
1637164517,1,POST,/auth/login/,0.100000,0.000000,1000,1000,1000,1000,1000,1000,1000,1000,1000,1000,1000,16,0,500,621.125,114,1118,9769.875
1637164517,1,GET,/auth/logout/,0.100000,0.000000,300,300,300,300,300,300,300,300,300,300,300,15,0,170,324.93333333333334,10,2509,1712.0
1637164517,1,POST,/auth/modify-friend/,0.600000,0.000000,130,270,270,290,290,290,290,290,290,290,290,84,0,190,211.20238095238096,48,715,1713.0
1637164517,1,GET,/public/,0.500000,0.000000,260,400,400,410,410,410,410,410,410,410,410,84,0,250,288.5833333333333,79,797,10210.75
1637164517,1,,Aggregated,2.700000,0.000000,240,300,400,410,460,1000,1300,1300,1300,1300,1300,461,0,220,275.3145336225597,10,2509,5282.8047722342735
1637164518,1,GET,/,0.300000,0.000000,410,410,420,420,460,460,460,460,460,460,460,80,0,220,289.5,79,1497,9958.2
1637164518,1,POST,/,0.000000,0.000000,240,240,1300,1300,1300,1300,1300,1300,1300,1300,1300,14,0,370,503.35714285714283,204,1345,9371.642857142857
1637164518,1,GET,/auth/find-friends/,1.000000,0.000000,130,220,220,250,260,370,370,370,370,370,370,171,0,210,235.2046783625731,36,1263,1974.0
1637164518,1,GET,/auth/login/,0.000000,0.000000,0,0,0,0,0,0,0,0,0,0,0,1,0,208,208.0,208,208,2961.0
1637164518,1,POST,/auth/login/,0.100000,0.000000,1000,1000,1000,1000,1000,1000,1000,1000,1000,1000,1000,16,0,500,621.125,114,1118,9769.875
1637164518,1,GET,/auth/logout/,0.100000,0.000000,300,300,300,300,300,300,300,300,300,300,300,15,0,170,324.93333333333334,10,2509,1712.0
1637164518,1,POST,/auth/modify-friend/,0.500000,0.000000,130,130,270,270,290,290,290,290,290,290,290,85,0,190,209.61176470588236,48,715,1713.0
1637164518,1,GET,/public/,0.400000,0.000000,240,260,400,400,410,410,410,410,410,410,410,86,0,250,284.5,79,797,10216.82558139535
1637164518,1,,Aggregated,2.400000,0.000000,160,240,300,400,420,1000,1300,1300,1300,1300,1300,468,0,220,272.9294871794872,10,2509,5287.65811965812
1637164519,1,GET,/,0.500000,0.000000,340,410,420,420,460,460,460,460,460,460,460,82,0,230,290.3536585365854,79,1497,9975.378048780487
1637164519,1,POST,/,0.100000,0.000000,240,240,1300,1300,1300,1300,1300,1300,1300,1300,1300,14,0,370,503.35714285714283,204,1345,9371.642857142857
1637164519,1,GET,/auth/find-friends/,1.000000,0.000000,130,220,250,250,370,430,430,430,430,430,430,172,0,210,236.3139534883721,36,1263,1974.0
1637164519,1,GET,/auth/login/,0.000000,0.000000,0,0,0,0,0,0,0,0,0,0,0,1,0,208,208.0,208,208,2961.0
1637164519,1,POST,/auth/login/,0.100000,0.000000,1000,1000,1000,1000,1000,1000,1000,1000,1000,1000,1000,16,0,500,621.125,114,1118,9769.875
1637164519,1,GET,/auth/logout/,0.100000,0.000000,300,300,300,300,300,300,300,300,300,300,300,15,0,170,324.93333333333334,10,2509,1712.0
1637164519,1,POST,/auth/modify-friend/,0.500000,0.000000,130,130,150,150,270,270,270,270,270,270,270,86,0,190,208.87209302325581,48,715,1713.0
1637164519,1,GET,/public/,0.500000,0.000000,240,240,400,400,410,410,410,410,410,410,410,86,0,250,284.5,79,797,10216.82558139535
1637164519,1,,Aggregated,2.800000,0.000000,220,250,370,400,430,1000,1300,1300,1300,1300,1300,472,0,220,273.20338983050846,10,2509,5295.838983050848
1637164520,1,GET,/,0.600000,0.000000,310,340,410,420,460,460,460,460,460,460,460,84,0,220,287.5,79,1497,9990.059523809523
1637164520,1,POST,/,0.300000,0.000000,240,240,1300,1300,1300,1300,1300,1300,1300,1300,1300,14,0,370,503.35714285714283,204,1345,9371.642857142857
1637164520,1,GET,/auth/find-friends/,1.100000,0.000000,170,220,240,250,370,430,430,430,430,430,430,174,0,210,235.9712643678161,36,1263,1974.0
1637164520,1,GET,/auth/login/,0.000000,0.000000,0,0,0,0,0,0,0,0,0,0,0,1,0,208,208.0,208,208,2961.0
1637164520,1,POST,/auth/login/,0.100000,0.000000,1000,1000,1000,1000,1000,1000,1000,1000,1000,1000,1000,16,0,500,621.125,114,1118,9769.875
1637164520,1,GET,/auth/logout/,0.100000,0.000000,300,300,300,300,300,300,300,300,300,300,300,15,0,170,324.93333333333334,10,2509,1712.0
1637164520,1,POST,/auth/modify-friend/,0.500000,0.000000,130,150,160,160,270,270,270,270,270,270,270,87,0,190,208.31034482758622,48,715,1713.0
1637164520,1,GET,/public/,0.600000,0.000000,200,240,400,400,410,410,410,410,410,410,410,87,0,250,283.51724137931035,79,797,10214.172413793103
1637164520,1,,Aggregated,3.300000,0.000000,170,240,270,340,410,430,1300,1300,1300,1300,1300,478,0,220,272.10251046025104,10,2509,5306.416317991632
1637164521,1,GET,/,0.600000,0.000000,160,220,340,340,410,420,420,420,420,420,420,87,0,220,281.2413793103448,79,1497,10004.758620689656
1637164521,1,POST,/,0.300000,0.000000,240,240,1300,1300,1300,1300,1300,1300,1300,1300,1300,14,0,370,503.35714285714283,204,1345,9371.642857142857
1637164521,1,GET,/auth/find-friends/,1.100000,0.000000,130,170,220,240,250,430,430,430,430,430,430,176,0,210,233.7215909090909,36,1263,1974.0
1637164521,1,GET,/auth/login/,0.000000,0.000000,0,0,0,0,0,0,0,0,0,0,0,1,0,208,208.0,208,208,2961.0
1637164521,1,POST,/auth/login/,0.100000,0.000000,1000,1000,1000,1000,1000,1000,1000,1000,1000,1000,1000,16,0,500,621.125,114,1118,9769.875
1637164521,1,GET,/auth/logout/,0.100000,0.000000,300,300,300,300,300,300,300,300,300,300,300,16,0,130,305.5625,10,2509,1712.0
1637164521,1,POST,/auth/modify-friend/,0.500000,0.000000,130,150,160,160,270,270,270,270,270,270,270,88,0,180,206.5340909090909,48,715,1713.0
1637164521,1,GET,/public/,0.600000,0.000000,150,200,240,240,400,400,400,400,400,400,400,88,0,250,281.3863636363636,79,797,10209.863636363636
1637164521,1,,Aggregated,3.300000,0.000000,150,220,240,250,400,420,1300,1300,1300,1300,1300,486,0,220,268.7695473251029,10,2509,5318.77366255144
1637164522,1,GET,/,0.800000,0.000000,160,220,340,340,410,420,420,420,420,420,420,87,0,220,281.2413793103448,79,1497,10004.758620689656
1637164522,1,POST,/,0.300000,0.000000,240,240,1300,1300,1300,1300,1300,1300,1300,1300,1300,14,0,370,503.35714285714283,204,1345,9371.642857142857
1637164522,1,GET,/auth/find-friends/,1.200000,0.000000,130,170,220,240,250,430,430,430,430,430,430,176,0,210,233.7215909090909,36,1263,1974.0
1637164522,1,GET,/auth/login/,0.000000,0.000000,0,0,0,0,0,0,0,0,0,0,0,1,0,208,208.0,208,208,2961.0
1637164522,1,POST,/auth/login/,0.100000,0.000000,1000,1000,1000,1000,1000,1000,1000,1000,1000,1000,1000,17,0,500,606.3529411764706,114,1118,9809.588235294117
1637164522,1,GET,/auth/logout/,0.000000,0.000000,300,300,300,300,300,300,300,300,300,300,300,16,0,130,305.5625,10,2509,1712.0
1637164522,1,POST,/auth/modify-friend/,0.600000,0.000000,130,150,160,160,270,270,270,270,270,270,270,88,0,180,206.5340909090909,48,715,1713.0
1637164522,1,GET,/public/,0.600000,0.000000,150,200,240,240,400,400,400,400,400,400,400,88,0,250,281.3863636363636,79,797,10209.863636363636
1637164522,1,,Aggregated,3.600000,0.000000,130,170,240,240,370,420,1300,1300,1300,1300,1300,487,0,220,268.97741273100615,10,2509,5329.299794661191
1637164523,1,GET,/,1.200000,0.000000,160,260,310,340,410,420,420,420,420,420,420,88,0,220,280.96590909090907,79,1497,10009.96590909091
1637164523,1,POST,/,0.300000,0.000000,240,240,1300,1300,1300,1300,1300,1300,1300,1300,1300,14,0,370,503.35714285714283,204,1345,9371.642857142857
1637164523,1,GET,/auth/find-friends/,1.600000,0.000000,130,170,180,180,240,430,430,430,430,430,430,178,0,210,233.1011235955056,36,1263,1974.0
1637164523,1,GET,/auth/login/,0.000000,0.000000,0,0,0,0,0,0,0,0,0,0,0,1,0,208,208.0,208,208,2961.0
1637164523,1,POST,/auth/login/,0.000000,0.000000,1000,1000,1000,1000,1000,1000,1000,1000,1000,1000,1000,17,0,500,606.3529411764706,114,1118,9809.588235294117
1637164523,1,GET,/auth/logout/,0.100000,0.000000,300,300,300,300,300,300,300,300,300,300,300,16,0,130,305.5625,10,2509,1712.0
1637164523,1,POST,/auth/modify-friend/,0.800000,0.000000,130,150,160,160,280,280,280,280,280,280,280,89,0,190,207.3932584269663,48,715,1713.0
1637164523,1,GET,/public/,0.800000,0.000000,150,200,220,220,240,240,240,240,240,240,240,89,0,250,280.7415730337079,79,797,10211.112359550561
1637164523,1,,Aggregated,4.800000,0.000000,150,200,240,240,370,420,1300,1300,1300,1300,1300,492,0,220,268.5223577235772,10,2509,5328.890243902439
1637164524,1,GET,/,1.200000,0.000000,150,220,260,260,310,340,340,340,340,340,340,88,0,220,280.96590909090907,79,1497,10009.96590909091
1637164524,1,POST,/,0.300000,0.000000,240,240,1300,1300,1300,1300,1300,1300,1300,1300,1300,14,0,370,503.35714285714283,204,1345,9371.642857142857
1637164524,1,GET,/auth/find-friends/,1.600000,0.000000,130,170,180,180,240,430,430,430,430,430,430,178,0,210,233.1011235955056,36,1263,1974.0
1637164524,1,GET,/auth/login/,0.000000,0.000000,0,0,0,0,0,0,0,0,0,0,0,1,0,208,208.0,208,208,2961.0
1637164524,1,POST,/auth/login/,0.000000,0.000000,1000,1000,1000,1000,1000,1000,1000,1000,1000,1000,1000,17,0,500,606.3529411764706,114,1118,9809.588235294117
1637164524,1,GET,/auth/logout/,0.100000,0.000000,530,530,530,530,530,530,530,530,530,530,530,17,0,170,318.94117647058823,10,2509,1712.0
1637164524,1,POST,/auth/modify-friend/,0.800000,0.000000,130,150,160,160,280,280,280,280,280,280,280,89,0,190,207.3932584269663,48,715,1713.0
1637164524,1,GET,/public/,0.800000,0.000000,150,200,220,220,240,240,240,240,240,240,240,89,0,250,280.7415730337079,79,797,10211.112359550561
1637164524,1,,Aggregated,4.800000,0.000000,150,180,240,240,340,430,1300,1300,1300,1300,1300,493,0,220,269.05882352941177,10,2509,5321.553752535497
1637164525,1,GET,/,1.300000,0.000000,160,220,260,310,340,340,340,340,340,340,340,88,0,220,280.96590909090907,79,1497,10009.96590909091
1637164525,1,POST,/,0.300000,0.000000,240,240,240,240,240,240,240,240,240,240,240,14,0,370,503.35714285714283,204,1345,9371.642857142857
1637164525,1,GET,/auth/find-friends/,1.400000,0.000000,110,170,180,180,240,430,430,430,430,430,430,178,0,210,233.1011235955056,36,1263,1974.0
1637164525,1,GET,/auth/login/,0.000000,0.000000,0,0,0,0,0,0,0,0,0,0,0,1,0,208,208.0,208,208,2961.0
1637164525,1,POST,/auth/login/,0.100000,0.000000,370,370,370,370,370,370,370,370,370,370,370,18,0,450,589.8333333333334,114,1118,9841.666666666666
1637164525,1,GET,/auth/logout/,0.100000,0.000000,530,530,530,530,530,530,530,530,530,530,530,17,0,170,318.94117647058823,10,2509,1712.0
1637164525,1,POST,/auth/modify-friend/,0.600000,0.000000,150,150,160,160,280,280,280,280,280,280,280,89,0,190,207.3932584269663,48,715,1713.0
1637164525,1,GET,/public/,0.700000,0.000000,150,200,220,220,240,240,240,240,240,240,240,90,0,250,280.27777777777777,79,797,10209.133333333333
1637164525,1,,Aggregated,4.500000,0.000000,160,220,240,260,340,430,530,530,530,530,530,495,0,220,269.07878787878786,10,2509,5341.3050505050505
1637164526,1,GET,/,1.300000,0.000000,160,220,260,310,340,340,340,340,340,340,340,88,0,220,280.96590909090907,79,1497,10009.96590909091
1637164526,1,POST,/,0.300000,0.000000,240,240,240,240,240,240,240,240,240,240,240,14,0,370,503.35714285714283,204,1345,9371.642857142857
1637164526,1,GET,/auth/find-friends/,1.400000,0.000000,170,180,240,240,240,430,430,430,430,430,430,180,0,210,232.5611111111111,36,1263,1974.0
1637164526,1,GET,/auth/login/,0.000000,0.000000,0,0,0,0,0,0,0,0,0,0,0,1,0,208,208.0,208,208,2961.0
1637164526,1,POST,/auth/login/,0.100000,0.000000,370,370,370,370,370,370,370,370,370,370,370,18,0,450,589.8333333333334,114,1118,9841.666666666666
1637164526,1,GET,/auth/logout/,0.100000,0.000000,530,530,530,530,530,530,530,530,530,530,530,17,0,170,318.94117647058823,10,2509,1712.0
1637164526,1,POST,/auth/modify-friend/,0.600000,0.000000,160,160,220,220,280,280,280,280,280,280,280,90,0,190,207.5,48,715,1713.0
1637164526,1,GET,/public/,0.700000,0.000000,200,200,220,220,240,240,240,240,240,240,240,90,0,250,280.27777777777777,79,797,10209.133333333333
1637164526,1,,Aggregated,4.500000,0.000000,170,220,240,260,340,430,530,530,530,530,530,498,0,220,268.63453815261045,10,2509,5320.495983935743
1637164527,1,GET,/,1.100000,0.000000,220,260,310,340,620,620,620,620,620,620,620,89,0,220,284.8314606741573,79,1497,10015.033707865168
1637164527,1,POST,/,0.300000,0.000000,240,240,240,240,240,240,240,240,240,240,240,14,0,370,503.35714285714283,204,1345,9371.642857142857
1637164527,1,GET,/auth/find-friends/,1.400000,0.000000,180,210,240,240,240,430,430,430,430,430,430,182,0,210,232.02747252747253,36,1263,1974.0
1637164527,1,GET,/auth/login/,0.000000,0.000000,0,0,0,0,0,0,0,0,0,0,0,1,0,208,208.0,208,208,2961.0
1637164527,1,POST,/auth/login/,0.200000,0.000000,370,370,370,370,370,370,370,370,370,370,370,18,0,450,589.8333333333334,114,1118,9841.666666666666
1637164527,1,GET,/auth/logout/,0.200000,0.000000,530,530,530,530,530,530,530,530,530,530,530,17,0,170,318.94117647058823,10,2509,1712.0
1637164527,1,POST,/auth/modify-friend/,0.700000,0.000000,160,220,220,280,280,280,280,280,280,280,280,90,0,190,207.5,48,715,1713.0
1637164527,1,GET,/public/,0.700000,0.000000,200,220,240,240,260,260,260,260,260,260,260,91,0,250,280.05494505494505,79,797,10208.912087912087
1637164527,1,,Aggregated,4.600000,0.000000,210,240,260,310,370,530,620,620,620,620,620,502,0,220,268.99003984063745,10,2509,5327.101593625498
1637164528,1,GET,/,1.100000,0.000000,130,220,260,260,620,620,620,620,620,620,620,89,0,220,284.8314606741573,79,1497,10015.033707865168
1637164528,1,POST,/,0.300000,0.000000,240,240,240,240,240,240,240,240,240,240,240,14,0,370,503.35714285714283,204,1345,9371.642857142857
1637164528,1,GET,/auth/find-friends/,1.400000,0.000000,180,180,210,240,240,240,240,240,240,240,240,182,0,210,232.02747252747253,36,1263,1974.0
1637164528,1,GET,/auth/login/,0.000000,0.000000,0,0,0,0,0,0,0,0,0,0,0,1,0,208,208.0,208,208,2961.0
1637164528,1,POST,/auth/login/,0.200000,0.000000,370,370,370,370,370,370,370,370,370,370,370,18,0,450,589.8333333333334,114,1118,9841.666666666666
1637164528,1,GET,/auth/logout/,0.200000,0.000000,110,110,530,530,530,530,530,530,530,530,530,18,0,130,307.44444444444446,10,2509,1712.0
1637164528,1,POST,/auth/modify-friend/,0.700000,0.000000,220,280,280,280,280,280,280,280,280,280,280,91,0,190,208.24175824175825,48,715,1713.0
1637164528,1,GET,/public/,0.700000,0.000000,220,240,240,260,260,260,260,260,260,260,260,91,0,250,280.05494505494505,79,797,10208.912087912087
1637164528,1,,Aggregated,4.600000,0.000000,200,240,260,260,310,530,620,620,620,620,620,504,0,220,268.6904761904762,10,2509,5312.757936507936
1637164529,1,GET,/,0.900000,0.000000,140,180,260,260,620,620,620,620,620,620,620,91,0,220,282.032967032967,79,1497,10026.87912087912
1637164529,1,POST,/,0.100000,0.000000,240,240,240,240,240,240,240,240,240,240,240,14,0,370,503.35714285714283,204,1345,9371.642857142857
1637164529,1,GET,/auth/find-friends/,1.300000,0.000000,160,180,180,210,240,240,240,240,240,240,240,184,0,200,230.29891304347825,36,1263,1974.0
1637164529,1,GET,/auth/login/,0.000000,0.000000,0,0,0,0,0,0,0,0,0,0,0,1,0,208,208.0,208,208,2961.0
1637164529,1,POST,/auth/login/,0.200000,0.000000,310,310,370,370,370,370,370,370,370,370,370,19,0,450,568.2105263157895,114,1118,9879.157894736842
1637164529,1,GET,/auth/logout/,0.200000,0.000000,110,110,530,530,530,530,530,530,530,530,530,18,0,130,307.44444444444446,10,2509,1712.0
1637164529,1,POST,/auth/modify-friend/,0.600000,0.000000,220,280,280,280,280,280,280,280,280,280,280,92,0,190,206.6086956521739,48,715,1713.0
1637164529,1,GET,/public/,0.700000,0.000000,220,240,240,260,260,260,260,260,260,260,260,92,0,250,278.67391304347825,79,797,10210.282608695652
1637164529,1,,Aggregated,4.000000,0.000000,180,220,240,260,310,530,620,620,620,620,620,511,0,220,266.6751467710372,10,2509,5333.244618395303
1637164530,1,GET,/,0.900000,0.000000,140,180,260,260,620,620,620,620,620,620,620,91,0,220,282.032967032967,79,1497,10026.87912087912
1637164530,1,POST,/,0.100000,0.000000,240,240,240,240,240,240,240,240,240,240,240,14,0,370,503.35714285714283,204,1345,9371.642857142857
1637164530,1,GET,/auth/find-friends/,1.300000,0.000000,160,180,180,210,240,240,240,240,240,240,240,184,0,200,230.29891304347825,36,1263,1974.0
1637164530,1,GET,/auth/login/,0.000000,0.000000,0,0,0,0,0,0,0,0,0,0,0,1,0,208,208.0,208,208,2961.0
1637164530,1,POST,/auth/login/,0.200000,0.000000,310,310,370,370,370,370,370,370,370,370,370,19,0,450,568.2105263157895,114,1118,9879.157894736842
1637164530,1,GET,/auth/logout/,0.200000,0.000000,110,110,530,530,530,530,530,530,530,530,530,18,0,130,307.44444444444446,10,2509,1712.0
1637164530,1,POST,/auth/modify-friend/,0.600000,0.000000,220,280,280,280,280,280,280,280,280,280,280,92,0,190,206.6086956521739,48,715,1713.0
1637164530,1,GET,/public/,0.700000,0.000000,220,220,240,240,260,260,260,260,260,260,260,93,0,250,277.36559139784947,79,797,10210.344086021505
1637164530,1,,Aggregated,4.000000,0.000000,210,240,260,280,370,530,620,620,620,620,620,512,0,220,266.4609375,10,2509,5342.78125
1637164531,1,GET,/,0.900000,0.000000,180,180,260,260,620,620,620,620,620,620,620,93,0,220,278.97849462365593,79,1497,10036.645161290322
1637164531,1,POST,/,0.000000,0.000000,240,240,240,240,240,240,240,240,240,240,240,14,0,370,503.35714285714283,204,1345,9371.642857142857
1637164531,1,GET,/auth/find-friends/,1.000000,0.000000,160,180,210,210,240,1100,1100,1100,1100,1100,1100,188,0,200,232.60106382978722,36,1263,1974.0
1637164531,1,GET,/auth/login/,0.000000,0.000000,0,0,0,0,0,0,0,0,0,0,0,1,0,208,208.0,208,208,2961.0
1637164531,1,POST,/auth/login/,0.300000,0.000000,310,310,370,370,370,370,370,370,370,370,370,19,0,450,568.2105263157895,114,1118,9879.157894736842
1637164531,1,GET,/auth/logout/,0.300000,0.000000,530,530,530,530,530,530,530,530,530,530,530,18,0,130,307.44444444444446,10,2509,1712.0
1637164531,1,POST,/auth/modify-friend/,0.500000,0.000000,220,280,280,280,280,280,280,280,280,280,280,93,0,190,205.61290322580646,48,715,1713.0
1637164531,1,GET,/public/,0.500000,0.000000,220,220,240,240,260,260,260,260,260,260,260,94,0,240,275.59574468085106,79,797,10210.840425531915
1637164531,1,,Aggregated,3.500000,0.000000,180,220,240,260,310,620,1100,1100,1100,1100,1100,520,0,220,265.9365384615385,10,2509,5339.1
1637164532,1,GET,/,0.800000,0.000000,180,260,260,260,620,620,620,620,620,620,620,94,0,220,278.74468085106383,79,1497,10042.436170212766
1637164532,1,POST,/,0.000000,0.000000,240,240,240,240,240,240,240,240,240,240,240,14,0,370,503.35714285714283,204,1345,9371.642857142857
1637164532,1,GET,/auth/find-friends/,1.000000,0.000000,140,180,180,210,240,1100,1100,1100,1100,1100,1100,190,0,200,231.5,36,1263,1974.0
1637164532,1,GET,/auth/login/,0.000000,0.000000,0,0,0,0,0,0,0,0,0,0,0,1,0,208,208.0,208,208,2961.0
1637164532,1,POST,/auth/login/,0.300000,0.000000,310,310,310,310,310,310,310,310,310,310,310,19,0,450,568.2105263157895,114,1118,9879.157894736842
1637164532,1,GET,/auth/logout/,0.300000,0.000000,530,530,530,530,530,530,530,530,530,530,530,18,0,130,307.44444444444446,10,2509,1712.0
1637164532,1,POST,/auth/modify-friend/,0.500000,0.000000,110,220,280,280,280,280,280,280,280,280,280,95,0,180,202.97894736842105,48,715,1713.0
1637164532,1,GET,/public/,0.600000,0.000000,160,220,240,240,260,260,260,260,260,260,260,96,0,240,272.84375,79,797,10212.8125
1637164532,1,,Aggregated,3.500000,0.000000,150,180,240,260,310,620,1100,1100,1100,1100,1100,527,0,220,264.22770398481975,10,2509,5341.362428842504
1637164533,1,GET,/,0.500000,0.000000,220,260,260,260,620,620,620,620,620,620,620,95,0,220,278.11578947368423,79,1497,10047.621052631579
1637164533,1,POST,/,0.000000,0.000000,240,240,240,240,240,240,240,240,240,240,240,14,0,370,503.35714285714283,204,1345,9371.642857142857
1637164533,1,GET,/auth/find-friends/,1.000000,0.000000,120,140,160,160,240,1100,1100,1100,1100,1100,1100,194,0,200,228.83505154639175,36,1263,1974.0
1637164533,1,GET,/auth/login/,0.000000,0.000000,0,0,0,0,0,0,0,0,0,0,0,1,0,208,208.0,208,208,2961.0
1637164533,1,POST,/auth/login/,0.300000,0.000000,310,310,310,310,310,310,310,310,310,310,310,19,0,450,568.2105263157895,114,1118,9879.157894736842
1637164533,1,GET,/auth/logout/,0.200000,0.000000,530,530,530,530,530,530,530,530,530,530,530,18,0,130,307.44444444444446,10,2509,1712.0
1637164533,1,POST,/auth/modify-friend/,0.500000,0.000000,110,150,220,280,280,280,280,280,280,280,280,97,0,180,201.18556701030928,48,715,1713.0
1637164533,1,GET,/public/,0.500000,0.000000,160,160,240,240,260,260,260,260,260,260,260,97,0,240,271.7113402061856,79,797,10213.577319587628
1637164533,1,,Aggregated,3.000000,0.000000,140,160,210,220,260,310,1100,1100,1100,1100,1100,535,0,220,262.188785046729,10,2509,5321.573831775701
1637164534,1,GET,/,0.600000,0.000000,220,260,570,570,620,620,620,620,620,620,620,96,0,220,281.1145833333333,79,1497,10051.666666666666
1637164534,1,POST,/,0.000000,0.000000,240,240,240,240,240,240,240,240,240,240,240,14,0,370,503.35714285714283,204,1345,9371.642857142857
1637164534,1,GET,/auth/find-friends/,1.400000,0.000000,120,140,140,160,240,1100,1100,1100,1100,1100,1100,196,0,200,227.4591836734694,36,1263,1974.0
1637164534,1,GET,/auth/login/,0.000000,0.000000,0,0,0,0,0,0,0,0,0,0,0,1,0,208,208.0,208,208,2961.0
1637164534,1,POST,/auth/login/,0.200000,0.000000,310,310,310,310,310,310,310,310,310,310,310,19,0,450,568.2105263157895,114,1118,9879.157894736842
1637164534,1,GET,/auth/logout/,0.200000,0.000000,530,530,530,530,530,530,530,530,530,530,530,18,0,130,307.44444444444446,10,2509,1712.0
1637164534,1,POST,/auth/modify-friend/,0.700000,0.000000,110,130,150,220,280,280,280,280,280,280,280,98,0,180,200.5,48,715,1713.0
1637164534,1,GET,/public/,0.700000,0.000000,160,160,160,240,260,260,260,260,260,260,260,98,0,240,270.61224489795916,79,797,10213.510204081633
1637164534,1,,Aggregated,3.800000,0.000000,140,160,180,220,260,570,1100,1100,1100,1100,1100,540,0,220,261.7092592592593,10,2509,5321.011111111111
1637164535,1,GET,/,0.700000,0.000000,180,220,260,570,620,620,620,620,620,620,620,98,0,220,277.6734693877551,79,1497,10059.867346938776
1637164535,1,POST,/,0.000000,0.000000,300,300,300,300,300,300,300,300,300,300,300,15,0,370,489.53333333333336,204,1345,9442.0
1637164535,1,GET,/auth/find-friends/,1.400000,0.000000,120,140,140,160,300,1100,1100,1100,1100,1100,1100,198,0,200,226.92929292929293,36,1263,1974.0
1637164535,1,GET,/auth/login/,0.000000,0.000000,0,0,0,0,0,0,0,0,0,0,0,1,0,208,208.0,208,208,2961.0
1637164535,1,POST,/auth/login/,0.200000,0.000000,310,310,310,310,310,310,310,310,310,310,310,19,0,450,568.2105263157895,114,1118,9879.157894736842
1637164535,1,GET,/auth/logout/,0.200000,0.000000,110,110,110,110,110,110,110,110,110,110,110,18,0,130,307.44444444444446,10,2509,1712.0
1637164535,1,POST,/auth/modify-friend/,0.800000,0.000000,110,130,150,220,280,280,280,280,280,280,280,98,0,180,200.5,48,715,1713.0
1637164535,1,GET,/public/,0.700000,0.000000,150,160,160,160,260,260,260,260,260,260,260,99,0,240,269.030303030303,79,797,10213.454545454546
1637164535,1,,Aggregated,4.000000,0.000000,140,160,180,210,300,570,1100,1100,1100,1100,1100,546,0,220,260.6373626373626,10,2509,5345.85347985348
1637164536,1,GET,/,0.700000,0.000000,160,200,220,260,570,620,620,620,620,620,620,101,0,220,273.9207920792079,79,1497,10071.029702970298
1637164536,1,POST,/,0.000000,0.000000,300,300,300,300,300,300,300,300,300,300,300,15,0,370,489.53333333333336,204,1345,9442.0
1637164536,1,GET,/auth/find-friends/,1.800000,0.000000,82,120,140,140,300,1100,1100,1100,1100,1100,1100,200,0,190,225.225,36,1263,1974.0
1637164536,1,GET,/auth/login/,0.000000,0.000000,0,0,0,0,0,0,0,0,0,0,0,1,0,208,208.0,208,208,2961.0
1637164536,1,POST,/auth/login/,0.200000,0.000000,180,180,180,180,180,180,180,180,180,180,180,19,0,450,568.2105263157895,114,1118,9879.157894736842
1637164536,1,GET,/auth/logout/,0.100000,0.000000,110,110,110,110,110,110,110,110,110,110,110,19,0,130,294.2105263157895,10,2509,1712.0
1637164536,1,POST,/auth/modify-friend/,0.900000,0.000000,86,110,130,150,280,280,280,280,280,280,280,100,0,180,198.2,48,715,1713.0
1637164536,1,GET,/public/,0.900000,0.000000,160,160,160,160,260,260,260,260,260,260,260,100,0,240,267.92,79,797,10212.23
1637164536,1,,Aggregated,4.600000,0.000000,120,150,160,160,260,300,570,1100,1100,1100,1100,555,0,210,258.1261261261261,10,2509,5350.126126126126
1637164537,1,GET,/,0.700000,0.000000,160,180,220,220,260,570,570,570,570,570,570,101,0,220,273.9207920792079,79,1497,10071.029702970298
1637164537,1,POST,/,0.000000,0.000000,300,300,300,300,300,300,300,300,300,300,300,15,0,370,489.53333333333336,204,1345,9442.0
1637164537,1,GET,/auth/find-friends/,1.800000,0.000000,82,120,140,140,300,1100,1100,1100,1100,1100,1100,200,0,190,225.225,36,1263,1974.0
1637164537,1,GET,/auth/login/,0.000000,0.000000,0,0,0,0,0,0,0,0,0,0,0,1,0,208,208.0,208,208,2961.0
1637164537,1,POST,/auth/login/,0.200000,0.000000,180,180,180,180,180,180,180,180,180,180,180,19,0,450,568.2105263157895,114,1118,9879.157894736842
1637164537,1,GET,/auth/logout/,0.100000,0.000000,110,110,110,110,110,110,110,110,110,110,110,19,0,130,294.2105263157895,10,2509,1712.0
1637164537,1,POST,/auth/modify-friend/,0.900000,0.000000,86,110,130,150,280,280,280,280,280,280,280,100,0,180,198.2,48,715,1713.0
1637164537,1,GET,/public/,0.900000,0.000000,150,160,160,160,160,160,160,160,160,160,160,100,0,240,267.92,79,797,10212.23
1637164537,1,,Aggregated,4.600000,0.000000,120,140,160,160,220,300,570,1100,1100,1100,1100,555,0,210,258.1261261261261,10,2509,5350.126126126126
1637164538,1,GET,/,0.900000,0.000000,160,180,200,220,260,570,570,570,570,570,570,102,0,220,273.01960784313724,79,1497,10074.421568627451
1637164538,1,POST,/,0.100000,0.000000,300,300,300,300,300,300,300,300,300,300,300,15,0,370,489.53333333333336,204,1345,9442.0
1637164538,1,GET,/auth/find-friends/,1.800000,0.000000,82,120,140,140,300,1100,1100,1100,1100,1100,1100,200,0,190,225.225,36,1263,1974.0
1637164538,1,GET,/auth/login/,0.000000,0.000000,0,0,0,0,0,0,0,0,0,0,0,1,0,208,208.0,208,208,2961.0
1637164538,1,POST,/auth/login/,0.100000,0.000000,250,250,250,250,250,250,250,250,250,250,250,20,0,420,552.25,114,1118,9906.05
1637164538,1,GET,/auth/logout/,0.100000,0.000000,110,110,110,110,110,110,110,110,110,110,110,19,0,130,294.2105263157895,10,2509,1712.0
1637164538,1,POST,/auth/modify-friend/,0.900000,0.000000,85,86,110,130,150,150,150,150,150,150,150,100,0,180,198.2,48,715,1713.0
1637164538,1,GET,/public/,0.900000,0.000000,150,160,160,160,160,160,160,160,160,160,160,100,0,240,267.92,79,797,10212.23
1637164538,1,,Aggregated,4.800000,0.000000,120,150,160,160,260,300,1100,1100,1100,1100,1100,557,0,210,257.9730700179533,10,2509,5368.319569120287
1637164539,1,GET,/,1.200000,0.000000,160,200,220,220,260,570,570,570,570,570,570,102,0,220,273.01960784313724,79,1497,10074.421568627451
1637164539,1,POST,/,0.100000,0.000000,300,300,300,300,300,300,300,300,300,300,300,15,0,370,489.53333333333336,204,1345,9442.0
1637164539,1,GET,/auth/find-friends/,1.900000,0.000000,120,120,140,140,300,1100,1100,1100,1100,1100,1100,203,0,190,223.9064039408867,36,1263,1974.0
1637164539,1,GET,/auth/login/,0.000000,0.000000,0,0,0,0,0,0,0,0,0,0,0,1,0,208,208.0,208,208,2961.0
1637164539,1,POST,/auth/login/,0.100000,0.000000,250,250,250,250,250,250,250,250,250,250,250,20,0,420,552.25,114,1118,9906.05
1637164539,1,GET,/auth/logout/,0.200000,0.000000,110,110,110,110,110,110,110,110,110,110,110,19,0,130,294.2105263157895,10,2509,1712.0
1637164539,1,POST,/auth/modify-friend/,1.000000,0.000000,86,110,130,150,190,190,190,190,190,190,190,101,0,180,198.15841584158414,48,715,1713.0
1637164539,1,GET,/public/,0.900000,0.000000,160,160,160,160,180,900,900,900,900,900,900,102,0,240,273.27450980392155,79,901,10211.578431372549
1637164539,1,,Aggregated,5.400000,0.000000,120,150,180,190,260,570,900,1100,1100,1100,1100,563,0,210,258.21492007104797,10,2509,5360.829484902309
1637164540,1,GET,/,1.300000,0.000000,180,180,220,220,260,570,570,570,570,570,570,104,0,220,271.27884615384613,79,1497,10082.875
1637164540,1,POST,/,0.100000,0.000000,300,300,300,300,300,300,300,300,300,300,300,15,0,370,489.53333333333336,204,1345,9442.0
1637164540,1,GET,/auth/find-friends/,1.800000,0.000000,95,120,140,140,230,300,300,300,300,300,300,206,0,190,222.09708737864077,36,1263,1974.0
1637164540,1,GET,/auth/login/,0.000000,0.000000,0,0,0,0,0,0,0,0,0,0,0,1,0,208,208.0,208,208,2961.0
1637164540,1,POST,/auth/login/,0.200000,0.000000,250,250,250,250,250,250,250,250,250,250,250,20,0,420,552.25,114,1118,9906.05
1637164540,1,GET,/auth/logout/,0.100000,0.000000,110,110,110,110,110,110,110,110,110,110,110,19,0,130,294.2105263157895,10,2509,1712.0
1637164540,1,POST,/auth/modify-friend/,0.900000,0.000000,86,88,130,150,190,190,190,190,190,190,190,103,0,180,195.76699029126215,48,715,1713.0
1637164540,1,GET,/public/,0.900000,0.000000,160,160,170,180,900,900,900,900,900,900,900,103,0,240,272.24271844660194,79,901,10211.873786407767
1637164540,1,,Aggregated,5.300000,0.000000,120,150,180,180,250,300,570,900,900,900,900,571,0,210,256.3152364273205,10,2509,5356.85639229422
1637164541,1,GET,/,1.100000,0.000000,180,200,220,220,260,570,570,570,570,570,570,107,0,220,268.70093457943926,79,1497,10095.476635514018
1637164541,1,POST,/,0.100000,0.000000,300,300,300,300,300,300,300,300,300,300,300,15,0,370,489.53333333333336,204,1345,9442.0
1637164541,1,GET,/auth/find-friends/,1.900000,0.000000,95,120,140,140,230,300,300,300,300,300,300,206,0,190,222.09708737864077,36,1263,1974.0
1637164541,1,GET,/auth/login/,0.000000,0.000000,0,0,0,0,0,0,0,0,0,0,0,1,0,208,208.0,208,208,2961.0
1637164541,1,POST,/auth/login/,0.100000,0.000000,250,250,250,250,250,250,250,250,250,250,250,20,0,420,552.25,114,1118,9906.05
1637164541,1,GET,/auth/logout/,0.100000,0.000000,56,56,56,56,56,56,56,56,56,56,56,19,0,130,294.2105263157895,10,2509,1712.0
1637164541,1,POST,/auth/modify-friend/,0.900000,0.000000,88,130,150,150,190,190,190,190,190,190,190,103,0,180,195.76699029126215,48,715,1713.0
1637164541,1,GET,/public/,1.000000,0.000000,160,170,180,180,900,900,900,900,900,900,900,103,0,240,272.24271844660194,79,901,10211.873786407767
1637164541,1,,Aggregated,5.200000,0.000000,140,160,180,200,260,300,900,900,900,900,900,574,0,210,255.9128919860627,10,2509,5383.905923344948
1637164542,1,GET,/,1.200000,0.000000,180,180,220,220,260,570,570,570,570,570,570,109,0,220,266.9633027522936,79,1497,10104.19266055046
1637164542,1,POST,/,0.100000,0.000000,650,650,650,650,650,650,650,650,650,650,650,16,0,370,499.5,204,1345,9510.5625
1637164542,1,GET,/auth/find-friends/,2.000000,0.000000,95,120,140,140,230,300,300,300,300,300,300,208,0,190,220.96153846153845,36,1263,1974.0
1637164542,1,GET,/auth/login/,0.000000,0.000000,0,0,0,0,0,0,0,0,0,0,0,1,0,208,208.0,208,208,2961.0
1637164542,1,POST,/auth/login/,0.100000,0.000000,250,250,250,250,250,250,250,250,250,250,250,20,0,420,552.25,114,1118,9906.05
1637164542,1,GET,/auth/logout/,0.100000,0.000000,56,56,56,56,56,56,56,56,56,56,56,19,0,130,294.2105263157895,10,2509,1712.0
1637164542,1,POST,/auth/modify-friend/,1.000000,0.000000,88,93,130,130,190,190,190,190,190,190,190,104,0,180,194.77884615384616,48,715,1713.0
1637164542,1,GET,/public/,0.900000,0.000000,170,180,190,190,900,900,900,900,900,900,900,104,0,240,271.4519230769231,79,901,10210.798076923076
1637164542,1,,Aggregated,5.400000,0.000000,140,170,180,190,300,570,900,900,900,900,900,581,0,210,255.3907056798623,10,2509,5400.6936316695355
1637164543,1,GET,/,1.200000,0.000000,180,180,180,200,220,570,570,570,570,570,570,109,0,220,266.9633027522936,79,1497,10104.19266055046
1637164543,1,POST,/,0.100000,0.000000,650,650,650,650,650,650,650,650,650,650,650,16,0,370,499.5,204,1345,9510.5625
1637164543,1,GET,/auth/find-friends/,2.000000,0.000000,95,120,140,140,230,300,300,300,300,300,300,208,0,190,220.96153846153845,36,1263,1974.0
1637164543,1,GET,/auth/login/,0.000000,0.000000,0,0,0,0,0,0,0,0,0,0,0,1,0,208,208.0,208,208,2961.0
1637164543,1,POST,/auth/login/,0.100000,0.000000,250,250,250,250,250,250,250,250,250,250,250,20,0,420,552.25,114,1118,9906.05
1637164543,1,GET,/auth/logout/,0.100000,0.000000,56,56,56,56,56,56,56,56,56,56,56,19,0,130,294.2105263157895,10,2509,1712.0
1637164543,1,POST,/auth/modify-friend/,1.000000,0.000000,88,93,130,130,190,190,190,190,190,190,190,104,0,180,194.77884615384616,48,715,1713.0
1637164543,1,GET,/public/,0.900000,0.000000,170,180,190,190,900,900,900,900,900,900,900,104,0,240,271.4519230769231,79,901,10210.798076923076
1637164543,1,,Aggregated,5.400000,0.000000,160,180,190,200,300,570,900,900,900,900,900,581,0,210,255.3907056798623,10,2509,5400.6936316695355
1637164544,1,GET,/,1.400000,0.000000,180,180,200,220,320,1100,1100,1100,1100,1100,1100,112,0,220,274.1607142857143,79,1497,10115.55357142857
1637164544,1,POST,/,0.200000,0.000000,650,650,650,650,650,650,650,650,650,650,650,16,0,370,499.5,204,1345,9510.5625
1637164544,1,GET,/auth/find-friends/,1.600000,0.000000,95,120,120,140,230,300,300,300,300,300,300,210,0,180,219.81428571428572,36,1263,1974.0
1637164544,1,GET,/auth/login/,0.000000,0.000000,0,0,0,0,0,0,0,0,0,0,0,1,0,208,208.0,208,208,2961.0
1637164544,1,POST,/auth/login/,0.100000,0.000000,250,250,250,250,250,250,250,250,250,250,250,20,0,420,552.25,114,1118,9906.05
1637164544,1,GET,/auth/logout/,0.100000,0.000000,56,56,56,56,56,56,56,56,56,56,56,19,0,130,294.2105263157895,10,2509,1712.0
1637164544,1,POST,/auth/modify-friend/,0.800000,0.000000,88,93,150,150,190,190,190,190,190,190,190,105,0,180,194.35238095238094,48,715,1713.0
1637164544,1,GET,/public/,0.900000,0.000000,170,180,190,190,900,900,900,900,900,900,900,105,0,240,269.87619047619046,79,901,10211.190476190477
1637164544,1,,Aggregated,5.100000,0.000000,140,180,180,190,300,650,1100,1100,1100,1100,1100,588,0,210,255.86054421768708,10,2509,5417.178571428572
1637164545,1,GET,/,1.400000,0.000000,180,200,220,230,320,1100,1100,1100,1100,1100,1100,113,0,220,273.76106194690266,79,1497,10118.530973451327
1637164545,1,POST,/,0.200000,0.000000,650,650,650,650,650,650,650,650,650,650,650,16,0,370,499.5,204,1345,9510.5625
1637164545,1,GET,/auth/find-friends/,1.600000,0.000000,95,120,120,140,230,300,300,300,300,300,300,210,0,180,219.81428571428572,36,1263,1974.0
1637164545,1,GET,/auth/login/,0.000000,0.000000,0,0,0,0,0,0,0,0,0,0,0,1,0,208,208.0,208,208,2961.0
1637164545,1,POST,/auth/login/,0.100000,0.000000,250,250,250,250,250,250,250,250,250,250,250,20,0,420,552.25,114,1118,9906.05
1637164545,1,GET,/auth/logout/,0.100000,0.000000,190,190,190,190,190,190,190,190,190,190,190,20,0,130,289.15,10,2509,1712.0
1637164545,1,POST,/auth/modify-friend/,0.800000,0.000000,93,93,150,150,190,190,190,190,190,190,190,105,0,180,194.35238095238094,48,715,1713.0
1637164545,1,GET,/public/,0.800000,0.000000,170,180,190,190,900,900,900,900,900,900,900,105,0,240,269.87619047619046,79,901,10211.190476190477
1637164545,1,,Aggregated,5.000000,0.000000,160,180,190,220,320,900,1100,1100,1100,1100,1100,590,0,210,255.7084745762712,10,2509,5419.432203389831
1637164546,1,GET,/,1.400000,0.000000,180,180,230,230,320,1100,1100,1100,1100,1100,1100,113,0,220,273.76106194690266,79,1497,10118.530973451327
1637164546,1,POST,/,0.200000,0.000000,650,650,650,650,650,650,650,650,650,650,650,16,0,370,499.5,204,1345,9510.5625
1637164546,1,GET,/auth/find-friends/,1.600000,0.000000,120,120,120,140,230,230,230,230,230,230,230,210,0,180,219.81428571428572,36,1263,1974.0
1637164546,1,GET,/auth/login/,0.000000,0.000000,0,0,0,0,0,0,0,0,0,0,0,1,0,208,208.0,208,208,2961.0
1637164546,1,POST,/auth/login/,0.100000,0.000000,250,250,250,250,250,250,250,250,250,250,250,20,0,420,552.25,114,1118,9906.05
1637164546,1,GET,/auth/logout/,0.100000,0.000000,190,190,190,190,190,190,190,190,190,190,190,20,0,130,289.15,10,2509,1712.0
1637164546,1,POST,/auth/modify-friend/,0.800000,0.000000,93,93,150,150,190,190,190,190,190,190,190,105,0,180,194.35238095238094,48,715,1713.0
1637164546,1,GET,/public/,0.800000,0.000000,180,190,190,900,900,900,900,900,900,900,900,105,0,240,269.87619047619046,79,901,10211.190476190477
1637164546,1,,Aggregated,5.000000,0.000000,170,180,190,230,320,900,1100,1100,1100,1100,1100,590,0,210,255.7084745762712,10,2509,5419.432203389831
1637164547,1,GET,/,1.600000,0.000000,180,180,230,230,320,1100,1100,1100,1100,1100,1100,113,0,220,273.76106194690266,79,1497,10118.530973451327
1637164547,1,POST,/,0.100000,0.000000,650,650,650,650,650,650,650,650,650,650,650,16,0,370,499.5,204,1345,9510.5625
1637164547,1,GET,/auth/find-friends/,1.400000,0.000000,120,120,120,140,230,230,230,230,230,230,230,210,0,180,219.81428571428572,36,1263,1974.0
1637164547,1,GET,/auth/login/,0.000000,0.000000,0,0,0,0,0,0,0,0,0,0,0,1,0,208,208.0,208,208,2961.0
1637164547,1,POST,/auth/login/,0.100000,0.000000,770,770,770,770,770,770,770,770,770,770,770,21,0,450,562.7619047619048,114,1118,9947.285714285714
1637164547,1,GET,/auth/logout/,0.100000,0.000000,190,190,190,190,190,190,190,190,190,190,190,20,0,130,289.15,10,2509,1712.0
1637164547,1,POST,/auth/modify-friend/,0.700000,0.000000,93,150,150,190,190,190,190,190,190,190,190,105,0,180,194.35238095238094,48,715,1713.0
1637164547,1,GET,/public/,0.700000,0.000000,190,190,740,740,900,900,900,900,900,900,900,106,0,240,274.27358490566036,79,901,10213.67924528302
1637164547,1,,Aggregated,4.700000,0.000000,170,190,220,230,740,900,1100,1100,1100,1100,1100,592,0,210,257.3935810810811,10,2509,5437.013513513513
1637164548,1,GET,/,1.400000,0.000000,180,220,230,230,320,1100,1100,1100,1100,1100,1100,113,0,220,273.76106194690266,79,1497,10118.530973451327
1637164548,1,POST,/,0.100000,0.000000,650,650,650,650,650,650,650,650,650,650,650,16,0,370,499.5,204,1345,9510.5625
1637164548,1,GET,/auth/find-friends/,1.000000,0.000000,120,140,230,230,290,370,370,370,370,370,370,212,0,190,220.85849056603774,36,1263,1974.0
1637164548,1,GET,/auth/login/,0.000000,0.000000,0,0,0,0,0,0,0,0,0,0,0,1,0,208,208.0,208,208,2961.0
1637164548,1,POST,/auth/login/,0.100000,0.000000,770,770,770,770,770,770,770,770,770,770,770,21,0,450,562.7619047619048,114,1118,9947.285714285714
1637164548,1,GET,/auth/logout/,0.200000,0.000000,190,190,190,190,190,190,190,190,190,190,190,20,0,130,289.15,10,2509,1712.0
1637164548,1,POST,/auth/modify-friend/,0.600000,0.000000,93,150,150,190,190,190,190,190,190,190,190,105,0,180,194.35238095238094,48,715,1713.0
1637164548,1,GET,/public/,0.500000,0.000000,180,190,190,740,740,740,740,740,740,740,740,106,0,240,274.27358490566036,79,901,10213.67924528302
1637164548,1,,Aggregated,3.900000,0.000000,170,190,230,290,650,770,1100,1100,1100,1100,1100,594,0,210,257.63973063973066,10,2509,5425.353535353535
1637164549,1,GET,/,1.400000,0.000000,180,220,230,320,1100,1100,1100,1100,1100,1100,1100,113,0,220,273.76106194690266,79,1497,10118.530973451327
1637164549,1,POST,/,0.100000,0.000000,650,650,650,650,650,650,650,650,650,650,650,16,0,370,499.5,204,1345,9510.5625
1637164549,1,GET,/auth/find-friends/,1.000000,0.000000,120,140,290,290,370,370,370,370,370,370,370,212,0,190,220.85849056603774,36,1263,1974.0
1637164549,1,GET,/auth/login/,0.000000,0.000000,0,0,0,0,0,0,0,0,0,0,0,1,0,208,208.0,208,208,2961.0
1637164549,1,POST,/auth/login/,0.100000,0.000000,770,770,770,770,770,770,770,770,770,770,770,21,0,450,562.7619047619048,114,1118,9947.285714285714
1637164549,1,GET,/auth/logout/,0.200000,0.000000,190,190,190,190,190,190,190,190,190,190,190,20,0,130,289.15,10,2509,1712.0
1637164549,1,POST,/auth/modify-friend/,0.600000,0.000000,93,93,150,150,150,150,150,150,150,150,150,105,0,180,194.35238095238094,48,715,1713.0
1637164549,1,GET,/public/,0.500000,0.000000,190,190,740,740,740,740,740,740,740,740,740,106,0,240,274.27358490566036,79,901,10213.67924528302
1637164549,1,,Aggregated,3.900000,0.000000,170,190,290,320,740,770,1100,1100,1100,1100,1100,594,0,210,257.63973063973066,10,2509,5425.353535353535
1637164550,1,GET,/,1.100000,0.000000,230,320,370,370,1100,1100,1100,1100,1100,1100,1100,114,0,220,274.5701754385965,79,1497,10121.228070175439
1637164550,1,POST,/,0.100000,0.000000,650,650,650,650,650,650,650,650,650,650,650,16,0,370,499.5,204,1345,9510.5625
1637164550,1,GET,/auth/find-friends/,1.000000,0.000000,120,140,290,290,370,370,370,370,370,370,370,212,0,190,220.85849056603774,36,1263,1974.0
1637164550,1,GET,/auth/login/,0.000000,0.000000,0,0,0,0,0,0,0,0,0,0,0,1,0,208,208.0,208,208,2961.0
1637164550,1,POST,/auth/login/,0.100000,0.000000,770,770,770,770,770,770,770,770,770,770,770,21,0,450,562.7619047619048,114,1118,9947.285714285714
1637164550,1,GET,/auth/logout/,0.100000,0.000000,190,190,190,190,190,190,190,190,190,190,190,20,0,130,289.15,10,2509,1712.0
1637164550,1,POST,/auth/modify-friend/,0.500000,0.000000,150,150,1700,1700,1700,1700,1700,1700,1700,1700,1700,106,0,180,208.53773584905662,48,1698,1713.0
1637164550,1,GET,/public/,0.600000,0.000000,190,190,740,740,740,740,740,740,740,740,740,106,0,240,274.27358490566036,79,901,10213.67924528302
1637164550,1,,Aggregated,3.500000,0.000000,190,320,370,650,770,1100,1700,1700,1700,1700,1700,596,0,210,260.23825503355704,10,2509,5427.515100671141
1637164552,1,GET,/,1.100000,0.000000,320,370,370,1100,1100,1100,1100,1100,1100,1100,1100,114,0,220,274.5701754385965,79,1497,10121.228070175439
1637164552,1,POST,/,0.100000,0.000000,650,650,650,650,650,650,650,650,650,650,650,17,0,400,508.2352941176471,204,1345,9558.470588235294
1637164552,1,GET,/auth/find-friends/,1.100000,0.000000,140,270,290,290,370,370,370,370,370,370,370,213,0,190,221.1032863849765,36,1263,1974.0
1637164552,1,GET,/auth/login/,0.000000,0.000000,0,0,0,0,0,0,0,0,0,0,0,1,0,208,208.0,208,208,2961.0
1637164552,1,POST,/auth/login/,0.100000,0.000000,770,770,770,770,770,770,770,770,770,770,770,21,0,450,562.7619047619048,114,1118,9947.285714285714
1637164552,1,GET,/auth/logout/,0.100000,0.000000,190,190,190,190,190,190,190,190,190,190,190,20,0,130,289.15,10,2509,1712.0
1637164552,1,POST,/auth/modify-friend/,0.500000,0.000000,150,150,1700,1700,1700,1700,1700,1700,1700,1700,1700,106,0,180,208.53773584905662,48,1698,1713.0
1637164552,1,GET,/public/,0.500000,0.000000,320,320,740,740,740,740,740,740,740,740,740,107,0,240,274.66355140186914,79,901,10209.757009345794
1637164552,1,,Aggregated,3.500000,0.000000,320,370,650,740,1100,1700,1700,1700,1700,1700,1700,599,0,210,261.0,10,2509,5437.215358931552
1637164553,1,GET,/,1.000000,0.000000,300,320,320,370,370,370,370,370,370,370,370,116,0,220,274.2413793103448,79,1497,10122.706896551725
1637164553,1,POST,/,0.100000,0.000000,650,650,650,650,650,650,650,650,650,650,650,17,0,400,508.2352941176471,204,1345,9558.470588235294
1637164553,1,GET,/auth/find-friends/,0.800000,0.000000,290,290,370,370,440,440,440,440,440,440,440,214,0,190,222.10747663551402,36,1263,1974.0
1637164553,1,GET,/auth/login/,0.000000,0.000000,0,0,0,0,0,0,0,0,0,0,0,1,0,208,208.0,208,208,2961.0
1637164553,1,POST,/auth/login/,0.100000,0.000000,770,770,770,770,770,770,770,770,770,770,770,21,0,450,562.7619047619048,114,1118,9947.285714285714
1637164553,1,GET,/auth/logout/,0.100000,0.000000,190,190,190,190,190,190,190,190,190,190,190,20,0,130,289.15,10,2509,1712.0
1637164553,1,POST,/auth/modify-friend/,0.300000,0.000000,170,170,1700,1700,1700,1700,1700,1700,1700,1700,1700,107,0,180,208.21495327102804,48,1698,1713.0
1637164553,1,GET,/public/,0.400000,0.000000,320,320,740,740,740,740,740,740,740,740,740,107,0,240,274.66355140186914,79,901,10209.757009345794
1637164553,1,,Aggregated,2.800000,0.000000,300,370,440,650,770,1700,1700,1700,1700,1700,1700,603,0,210,261.1276948590381,10,2509,5441.116086235489
1637164554,1,GET,/,0.800000,0.000000,320,370,430,430,440,440,440,440,440,440,440,118,0,220,276.95762711864404,79,1497,10125.06779661017
1637164554,1,POST,/,0.100000,0.000000,650,650,650,650,650,650,650,650,650,650,650,17,0,400,508.2352941176471,204,1345,9558.470588235294
1637164554,1,GET,/auth/find-friends/,0.600000,0.000000,290,290,370,370,440,440,440,440,440,440,440,214,0,190,222.10747663551402,36,1263,1974.0
1637164554,1,GET,/auth/login/,0.000000,0.000000,0,0,0,0,0,0,0,0,0,0,0,1,0,208,208.0,208,208,2961.0
1637164554,1,POST,/auth/login/,0.100000,0.000000,770,770,770,770,770,770,770,770,770,770,770,21,0,450,562.7619047619048,114,1118,9947.285714285714
1637164554,1,GET,/auth/logout/,0.100000,0.000000,190,190,190,190,190,190,190,190,190,190,190,20,0,130,289.15,10,2509,1712.0
1637164554,1,POST,/auth/modify-friend/,0.300000,0.000000,170,170,1700,1700,1700,1700,1700,1700,1700,1700,1700,107,0,180,208.21495327102804,48,1698,1713.0
1637164554,1,GET,/public/,0.300000,0.000000,320,320,740,740,740,740,740,740,740,740,740,107,0,240,274.66355140186914,79,901,10209.757009345794
1637164554,1,,Aggregated,2.300000,0.000000,370,440,650,650,770,1700,1700,1700,1700,1700,1700,605,0,210,261.700826446281,10,2509,5457.052892561984
1637164555,1,GET,/,0.700000,0.000000,320,370,430,430,440,440,440,440,440,440,440,118,0,220,276.95762711864404,79,1497,10125.06779661017
1637164555,1,POST,/,0.100000,0.000000,650,650,650,650,650,650,650,650,650,650,650,17,0,400,508.2352941176471,204,1345,9558.470588235294
1637164555,1,GET,/auth/find-friends/,0.700000,0.000000,290,290,370,370,440,440,440,440,440,440,440,214,0,190,222.10747663551402,36,1263,1974.0
1637164555,1,GET,/auth/login/,0.000000,0.000000,0,0,0,0,0,0,0,0,0,0,0,1,0,208,208.0,208,208,2961.0
1637164555,1,POST,/auth/login/,0.100000,0.000000,770,770,770,770,770,770,770,770,770,770,770,21,0,450,562.7619047619048,114,1118,9947.285714285714
1637164555,1,GET,/auth/logout/,0.100000,0.000000,560,560,560,560,560,560,560,560,560,560,560,21,0,170,301.95238095238096,10,2509,1712.0
1637164555,1,POST,/auth/modify-friend/,0.300000,0.000000,170,170,1700,1700,1700,1700,1700,1700,1700,1700,1700,107,0,180,208.21495327102804,48,1698,1713.0
1637164555,1,GET,/public/,0.300000,0.000000,740,740,740,740,740,740,740,740,740,740,740,107,0,240,274.66355140186914,79,901,10209.757009345794
1637164555,1,,Aggregated,2.300000,0.000000,430,440,650,650,770,1700,1700,1700,1700,1700,1700,606,0,210,262.1897689768977,10,2509,5450.87293729373
1637164556,1,GET,/,0.700000,0.000000,320,370,430,430,440,440,440,440,440,440,440,118,0,220,276.95762711864404,79,1497,10125.06779661017
1637164556,1,POST,/,0.100000,0.000000,650,650,650,650,650,650,650,650,650,650,650,17,0,400,508.2352941176471,204,1345,9558.470588235294
1637164556,1,GET,/auth/find-friends/,0.700000,0.000000,370,370,440,440,440,440,440,440,440,440,440,214,0,190,222.10747663551402,36,1263,1974.0
1637164556,1,GET,/auth/login/,0.000000,0.000000,0,0,0,0,0,0,0,0,0,0,0,1,0,208,208.0,208,208,2961.0
1637164556,1,POST,/auth/login/,0.100000,0.000000,770,770,770,770,770,770,770,770,770,770,770,21,0,450,562.7619047619048,114,1118,9947.285714285714
1637164556,1,GET,/auth/logout/,0.100000,0.000000,560,560,560,560,560,560,560,560,560,560,560,21,0,170,301.95238095238096,10,2509,1712.0
1637164556,1,POST,/auth/modify-friend/,0.300000,0.000000,170,170,1700,1700,1700,1700,1700,1700,1700,1700,1700,107,0,180,208.21495327102804,48,1698,1713.0
1637164556,1,GET,/public/,0.300000,0.000000,740,740,740,740,740,740,740,740,740,740,740,107,0,240,274.66355140186914,79,901,10209.757009345794
1637164556,1,,Aggregated,2.300000,0.000000,370,440,560,650,740,1700,1700,1700,1700,1700,1700,606,0,210,262.1897689768977,10,2509,5450.87293729373
1637164557,1,GET,/,0.700000,0.000000,370,430,430,440,440,440,440,440,440,440,440,118,0,220,276.95762711864404,79,1497,10125.06779661017
1637164557,1,POST,/,0.100000,0.000000,650,650,650,650,650,650,650,650,650,650,650,17,0,400,508.2352941176471,204,1345,9558.470588235294
1637164557,1,GET,/auth/find-friends/,0.700000,0.000000,370,370,440,440,440,440,440,440,440,440,440,214,0,190,222.10747663551402,36,1263,1974.0
1637164557,1,GET,/auth/login/,0.000000,0.000000,0,0,0,0,0,0,0,0,0,0,0,1,0,208,208.0,208,208,2961.0
1637164557,1,POST,/auth/login/,0.100000,0.000000,770,770,770,770,770,770,770,770,770,770,770,21,0,450,562.7619047619048,114,1118,9947.285714285714
1637164557,1,GET,/auth/logout/,0.100000,0.000000,560,560,560,560,560,560,560,560,560,560,560,21,0,170,301.95238095238096,10,2509,1712.0
1637164557,1,POST,/auth/modify-friend/,0.300000,0.000000,1700,1700,1700,1700,1700,1700,1700,1700,1700,1700,1700,107,0,180,208.21495327102804,48,1698,1713.0
1637164557,1,GET,/public/,0.300000,0.000000,740,740,740,740,740,740,740,740,740,740,740,107,0,240,274.66355140186914,79,901,10209.757009345794
1637164557,1,,Aggregated,2.300000,0.000000,370,440,440,560,650,1700,1700,1700,1700,1700,1700,606,0,210,262.1897689768977,10,2509,5450.87293729373
1637164558,1,GET,/,0.500000,0.000000,370,430,430,440,440,440,440,440,440,440,440,118,0,220,276.95762711864404,79,1497,10125.06779661017
1637164558,1,POST,/,0.100000,0.000000,650,650,650,650,650,650,650,650,650,650,650,17,0,400,508.2352941176471,204,1345,9558.470588235294
1637164558,1,GET,/auth/find-friends/,0.400000,0.000000,370,370,440,440,440,440,440,440,440,440,440,214,0,190,222.10747663551402,36,1263,1974.0
1637164558,1,GET,/auth/login/,0.000000,0.000000,0,0,0,0,0,0,0,0,0,0,0,1,0,208,208.0,208,208,2961.0
1637164558,1,POST,/auth/login/,0.100000,0.000000,2500,2500,2500,2500,2500,2500,2500,2500,2500,2500,2500,22,0,450,650.3636363636364,114,2490,9971.272727272728
1637164558,1,GET,/auth/logout/,0.200000,0.000000,560,560,560,560,560,560,560,560,560,560,560,21,0,170,301.95238095238096,10,2509,1712.0
1637164558,1,POST,/auth/modify-friend/,0.200000,0.000000,1700,1700,1700,1700,1700,1700,1700,1700,1700,1700,1700,107,0,180,208.21495327102804,48,1698,1713.0
1637164558,1,GET,/public/,0.200000,0.000000,740,740,740,740,740,740,740,740,740,740,740,107,0,240,274.66355140186914,79,901,10209.757009345794
1637164558,1,,Aggregated,1.700000,0.000000,370,440,560,650,1700,2500,2500,2500,2500,2500,2500,607,0,210,265.85996705107084,10,2509,5459.1499176276775
1637164559,1,GET,/,0.500000,0.000000,390,390,430,430,440,440,440,440,440,440,440,119,0,220,277.92436974789916,79,1497,10126.991596638656
1637164559,1,POST,/,0.100000,0.000000,650,650,650,650,650,650,650,650,650,650,650,17,0,400,508.2352941176471,204,1345,9558.470588235294
1637164559,1,GET,/auth/find-friends/,0.400000,0.000000,440,440,440,440,440,440,440,440,440,440,440,214,0,190,222.10747663551402,36,1263,1974.0
1637164559,1,GET,/auth/login/,0.000000,0.000000,0,0,0,0,0,0,0,0,0,0,0,1,0,208,208.0,208,208,2961.0
1637164559,1,POST,/auth/login/,0.100000,0.000000,2500,2500,2500,2500,2500,2500,2500,2500,2500,2500,2500,22,0,450,650.3636363636364,114,2490,9971.272727272728
1637164559,1,GET,/auth/logout/,0.100000,0.000000,560,560,560,560,560,560,560,560,560,560,560,22,0,170,309.1363636363636,10,2509,1712.0
1637164559,1,POST,/auth/modify-friend/,0.200000,0.000000,1700,1700,1700,1700,1700,1700,1700,1700,1700,1700,1700,107,0,180,208.21495327102804,48,1698,1713.0
1637164559,1,GET,/public/,0.200000,0.000000,320,320,320,320,320,320,320,320,320,320,320,107,0,240,274.66355140186914,79,901,10209.757009345794
1637164559,1,,Aggregated,1.600000,0.000000,430,440,560,650,1700,2500,2500,2500,2500,2500,2500,609,0,210,266.3858784893268,10,2509,5461.0344827586205
1637164560,1,GET,/,0.500000,0.000000,390,390,430,430,440,440,440,440,440,440,440,119,0,220,277.92436974789916,79,1497,10126.991596638656
1637164560,1,POST,/,0.100000,0.000000,650,650,650,650,650,650,650,650,650,650,650,17,0,400,508.2352941176471,204,1345,9558.470588235294
1637164560,1,GET,/auth/find-friends/,0.400000,0.000000,440,440,440,440,440,440,440,440,440,440,440,214,0,190,222.10747663551402,36,1263,1974.0
1637164560,1,GET,/auth/login/,0.000000,0.000000,0,0,0,0,0,0,0,0,0,0,0,1,0,208,208.0,208,208,2961.0
1637164560,1,POST,/auth/login/,0.100000,0.000000,2500,2500,2500,2500,2500,2500,2500,2500,2500,2500,2500,22,0,450,650.3636363636364,114,2490,9971.272727272728
1637164560,1,GET,/auth/logout/,0.100000,0.000000,560,560,560,560,560,560,560,560,560,560,560,22,0,170,309.1363636363636,10,2509,1712.0
1637164560,1,POST,/auth/modify-friend/,0.200000,0.000000,1700,1700,1700,1700,1700,1700,1700,1700,1700,1700,1700,107,0,180,208.21495327102804,48,1698,1713.0
1637164560,1,GET,/public/,0.200000,0.000000,320,320,320,320,320,320,320,320,320,320,320,107,0,240,274.66355140186914,79,901,10209.757009345794
1637164560,1,,Aggregated,1.600000,0.000000,430,440,460,560,650,2500,2500,2500,2500,2500,2500,609,0,210,266.3858784893268,10,2509,5461.0344827586205
1637164561,1,GET,/,0.600000,0.000000,390,430,430,440,440,440,440,440,440,440,440,119,0,220,277.92436974789916,79,1497,10126.991596638656
1637164561,1,POST,/,0.100000,0.000000,650,650,650,650,650,650,650,650,650,650,650,17,0,400,508.2352941176471,204,1345,9558.470588235294
1637164561,1,GET,/auth/find-friends/,0.200000,0.000000,440,440,440,440,440,440,440,440,440,440,440,214,0,190,222.10747663551402,36,1263,1974.0
1637164561,1,GET,/auth/login/,0.000000,0.000000,0,0,0,0,0,0,0,0,0,0,0,1,0,208,208.0,208,208,2961.0
1637164561,1,POST,/auth/login/,0.100000,0.000000,2500,2500,2500,2500,2500,2500,2500,2500,2500,2500,2500,23,0,500,677.2173913043479,114,2490,10001.0
1637164561,1,GET,/auth/logout/,0.200000,0.000000,560,560,560,560,560,560,560,560,560,560,560,22,0,170,309.1363636363636,10,2509,1712.0
1637164561,1,POST,/auth/modify-friend/,0.200000,0.000000,170,170,170,170,170,170,170,170,170,170,170,107,0,180,208.21495327102804,48,1698,1713.0
1637164561,1,GET,/public/,0.100000,0.000000,320,320,320,320,320,320,320,320,320,320,320,107,0,240,274.66355140186914,79,901,10209.757009345794
1637164561,1,,Aggregated,1.500000,0.000000,440,460,560,560,1300,2500,2500,2500,2500,2500,2500,610,0,210,268.027868852459,10,2509,5469.549180327869
1637164562,1,GET,/,0.600000,0.000000,440,440,440,530,530,530,530,530,530,530,530,121,0,220,281.3801652892562,79,1497,10136.809917355371
1637164562,1,POST,/,0.100000,0.000000,650,650,650,650,650,650,650,650,650,650,650,17,0,400,508.2352941176471,204,1345,9558.470588235294
1637164562,1,GET,/auth/find-friends/,0.200000,0.000000,440,440,440,440,440,440,440,440,440,440,440,214,0,190,222.10747663551402,36,1263,1974.0
1637164562,1,GET,/auth/login/,0.000000,0.000000,0,0,0,0,0,0,0,0,0,0,0,1,0,208,208.0,208,208,2961.0
1637164562,1,POST,/auth/login/,0.100000,0.000000,2500,2500,2500,2500,2500,2500,2500,2500,2500,2500,2500,23,0,500,677.2173913043479,114,2490,10001.0
1637164562,1,GET,/auth/logout/,0.200000,0.000000,560,560,560,560,560,560,560,560,560,560,560,22,0,170,309.1363636363636,10,2509,1712.0
1637164562,1,POST,/auth/modify-friend/,0.200000,0.000000,170,170,170,170,170,170,170,170,170,170,170,107,0,180,208.21495327102804,48,1698,1713.0
1637164562,1,GET,/public/,0.100000,0.000000,320,320,320,320,320,320,320,320,320,320,320,107,0,240,274.66355140186914,79,901,10209.757009345794
1637164562,1,,Aggregated,1.500000,0.000000,460,530,560,1300,2500,2500,2500,2500,2500,2500,2500,612,0,210,268.7434640522876,10,2509,5486.7107843137255
1637164563,1,GET,/,0.500000,0.000000,440,440,440,530,530,530,530,530,530,530,530,121,0,220,281.3801652892562,79,1497,10136.809917355371
1637164563,1,POST,/,0.100000,0.000000,650,650,650,650,650,650,650,650,650,650,650,17,0,400,508.2352941176471,204,1345,9558.470588235294
1637164563,1,GET,/auth/find-friends/,0.200000,0.000000,440,440,510,510,510,510,510,510,510,510,510,216,0,190,223.39814814814815,36,1263,1974.0
1637164563,1,GET,/auth/login/,0.000000,0.000000,0,0,0,0,0,0,0,0,0,0,0,1,0,208,208.0,208,208,2961.0
1637164563,1,POST,/auth/login/,0.100000,0.000000,2500,2500,2500,2500,2500,2500,2500,2500,2500,2500,2500,23,0,500,677.2173913043479,114,2490,10001.0
1637164563,1,GET,/auth/logout/,0.200000,0.000000,560,560,560,560,560,560,560,560,560,560,560,22,0,170,309.1363636363636,10,2509,1712.0
1637164563,1,POST,/auth/modify-friend/,0.100000,0.000000,170,170,170,170,170,170,170,170,170,170,170,107,0,180,208.21495327102804,48,1698,1713.0
1637164563,1,GET,/public/,0.100000,0.000000,480,480,480,480,480,480,480,480,480,480,480,108,0,240,276.5925925925926,79,901,10211.685185185184
1637164563,1,,Aggregated,1.300000,0.000000,510,530,560,1300,2500,2500,2500,2500,2500,2500,2500,615,0,210,269.39349593495933,10,2509,5483.30569105691
1637164564,1,GET,/,0.600000,0.000000,440,440,440,530,530,530,530,530,530,530,530,121,0,220,281.3801652892562,79,1497,10136.809917355371
1637164564,1,POST,/,0.000000,0.000000,650,650,650,650,650,650,650,650,650,650,650,17,0,400,508.2352941176471,204,1345,9558.470588235294
1637164564,1,GET,/auth/find-friends/,0.100000,0.000000,440,440,510,510,510,510,510,510,510,510,510,217,0,190,223.6635944700461,36,1263,1974.0
1637164564,1,GET,/auth/login/,0.000000,0.000000,0,0,0,0,0,0,0,0,0,0,0,1,0,208,208.0,208,208,2961.0
1637164564,1,POST,/auth/login/,0.200000,0.000000,2500,2500,2500,2500,2500,2500,2500,2500,2500,2500,2500,23,0,500,677.2173913043479,114,2490,10001.0
1637164564,1,GET,/auth/logout/,0.200000,0.000000,560,560,560,560,560,560,560,560,560,560,560,22,0,170,309.1363636363636,10,2509,1712.0
1637164564,1,POST,/auth/modify-friend/,0.100000,0.000000,230,230,230,230,230,230,230,230,230,230,230,108,0,180,208.38888888888889,48,1698,1713.0
1637164564,1,GET,/public/,0.000000,0.000000,470,470,480,480,480,480,480,480,480,480,480,109,0,240,278.39449541284404,79,901,10213.08256880734
1637164564,1,,Aggregated,1.200000,0.000000,470,510,530,560,1300,2500,2500,2500,2500,2500,2500,618,0,210,269.6731391585761,10,2509,5479.423948220065
1637164565,1,GET,/,0.600000,0.000000,440,440,530,530,530,530,530,530,530,530,530,121,0,220,281.3801652892562,79,1497,10136.809917355371
1637164565,1,POST,/,0.000000,0.000000,650,650,650,650,650,650,650,650,650,650,650,17,0,400,508.2352941176471,204,1345,9558.470588235294
1637164565,1,GET,/auth/find-friends/,0.100000,0.000000,310,440,440,510,510,510,510,510,510,510,510,218,0,190,224.04128440366972,36,1263,1974.0
1637164565,1,GET,/auth/login/,0.000000,0.000000,0,0,0,0,0,0,0,0,0,0,0,1,0,208,208.0,208,208,2961.0
1637164565,1,POST,/auth/login/,0.200000,0.000000,2500,2500,2500,2500,2500,2500,2500,2500,2500,2500,2500,23,0,500,677.2173913043479,114,2490,10001.0
1637164565,1,GET,/auth/logout/,0.200000,0.000000,560,560,560,560,560,560,560,560,560,560,560,22,0,170,309.1363636363636,10,2509,1712.0
1637164565,1,POST,/auth/modify-friend/,0.100000,0.000000,230,230,380,380,380,380,380,380,380,380,380,109,0,180,209.954128440367,48,1698,1713.0
1637164565,1,GET,/public/,0.000000,0.000000,470,470,480,480,480,480,480,480,480,480,480,109,0,240,278.39449541284404,79,901,10213.08256880734
1637164565,1,,Aggregated,1.200000,0.000000,460,480,510,530,1300,2500,2500,2500,2500,2500,2500,620,0,220,269.90806451612906,10,2509,5467.695161290322
1637164566,1,GET,/,0.600000,0.000000,440,440,530,530,530,530,530,530,530,530,530,121,0,220,281.3801652892562,79,1497,10136.809917355371
1637164566,1,POST,/,0.000000,0.000000,650,650,650,650,650,650,650,650,650,650,650,17,0,400,508.2352941176471,204,1345,9558.470588235294
1637164566,1,GET,/auth/find-friends/,0.100000,0.000000,310,440,440,510,510,510,510,510,510,510,510,218,0,190,224.04128440366972,36,1263,1974.0
1637164566,1,GET,/auth/login/,0.000000,0.000000,0,0,0,0,0,0,0,0,0,0,0,1,0,208,208.0,208,208,2961.0
1637164566,1,POST,/auth/login/,0.200000,0.000000,2500,2500,2500,2500,2500,2500,2500,2500,2500,2500,2500,23,0,500,677.2173913043479,114,2490,10001.0
1637164566,1,GET,/auth/logout/,0.200000,0.000000,460,460,460,460,460,460,460,460,460,460,460,22,0,170,309.1363636363636,10,2509,1712.0
1637164566,1,POST,/auth/modify-friend/,0.100000,0.000000,230,230,380,380,380,380,380,380,380,380,380,109,0,180,209.954128440367,48,1698,1713.0
1637164566,1,GET,/public/,0.000000,0.000000,480,480,480,480,480,480,480,480,480,480,480,109,0,240,278.39449541284404,79,901,10213.08256880734
1637164566,1,,Aggregated,1.200000,0.000000,460,480,510,530,1300,2500,2500,2500,2500,2500,2500,620,0,220,269.90806451612906,10,2509,5467.695161290322
1637164567,1,GET,/,0.600000,0.000000,440,440,530,530,530,530,530,530,530,530,530,121,0,220,281.3801652892562,79,1497,10136.809917355371
1637164567,1,POST,/,0.000000,0.000000,650,650,650,650,650,650,650,650,650,650,650,17,0,400,508.2352941176471,204,1345,9558.470588235294
1637164567,1,GET,/auth/find-friends/,0.100000,0.000000,310,310,510,510,510,510,510,510,510,510,510,218,0,190,224.04128440366972,36,1263,1974.0
1637164567,1,GET,/auth/login/,0.000000,0.000000,0,0,0,0,0,0,0,0,0,0,0,1,0,208,208.0,208,208,2961.0
1637164567,1,POST,/auth/login/,0.200000,0.000000,2500,2500,2500,2500,2500,2500,2500,2500,2500,2500,2500,23,0,500,677.2173913043479,114,2490,10001.0
1637164567,1,GET,/auth/logout/,0.200000,0.000000,460,460,460,460,460,460,460,460,460,460,460,22,0,170,309.1363636363636,10,2509,1712.0
1637164567,1,POST,/auth/modify-friend/,0.100000,0.000000,380,380,380,380,380,380,380,380,380,380,380,109,0,180,209.954128440367,48,1698,1713.0
1637164567,1,GET,/public/,0.000000,0.000000,480,480,480,480,480,480,480,480,480,480,480,109,0,240,278.39449541284404,79,901,10213.08256880734
1637164567,1,,Aggregated,1.200000,0.000000,440,470,480,510,530,1300,1300,1300,1300,1300,1300,620,0,220,269.90806451612906,10,2509,5467.695161290322
1637164568,1,GET,/,0.300000,0.000000,530,620,620,2800,2800,2800,2800,2800,2800,2800,2800,123,0,220,304.2682926829268,79,2761,10142.60162601626
1637164568,1,POST,/,0.000000,0.000000,650,650,650,650,650,650,650,650,650,650,650,17,0,400,508.2352941176471,204,1345,9558.470588235294
1637164568,1,GET,/auth/find-friends/,0.400000,0.000000,310,310,510,510,510,510,510,510,510,510,510,218,0,190,224.04128440366972,36,1263,1974.0
1637164568,1,GET,/auth/login/,0.000000,0.000000,0,0,0,0,0,0,0,0,0,0,0,1,0,208,208.0,208,208,2961.0
1637164568,1,POST,/auth/login/,0.200000,0.000000,2500,2500,2500,2500,2500,2500,2500,2500,2500,2500,2500,23,0,500,677.2173913043479,114,2490,10001.0
1637164568,1,GET,/auth/logout/,0.100000,0.000000,460,460,460,460,460,460,460,460,460,460,460,22,0,170,309.1363636363636,10,2509,1712.0
1637164568,1,POST,/auth/modify-friend/,0.200000,0.000000,380,380,380,380,380,380,380,380,380,380,380,109,0,180,209.954128440367,48,1698,1713.0
1637164568,1,GET,/public/,0.200000,0.000000,480,480,480,480,480,480,480,480,480,480,480,109,0,240,278.39449541284404,79,901,10213.08256880734
1637164568,1,,Aggregated,1.400000,0.000000,460,480,530,620,1300,2800,2800,2800,2800,2800,2800,622,0,220,274.4710610932476,10,2761,5483.853697749196
1637164569,1,GET,/,0.300000,0.000000,620,620,2800,2800,2800,2800,2800,2800,2800,2800,2800,123,0,220,304.2682926829268,79,2761,10142.60162601626
1637164569,1,POST,/,0.000000,0.000000,0,0,0,0,0,0,0,0,0,0,0,17,0,400,508.2352941176471,204,1345,9558.470588235294
1637164569,1,GET,/auth/find-friends/,0.400000,0.000000,280,280,310,310,510,510,510,510,510,510,510,220,0,200,224.35454545454544,36,1263,1974.0
1637164569,1,GET,/auth/login/,0.000000,0.000000,0,0,0,0,0,0,0,0,0,0,0,1,0,208,208.0,208,208,2961.0
1637164569,1,POST,/auth/login/,0.200000,0.000000,1300,1300,1300,1300,1300,1300,1300,1300,1300,1300,1300,23,0,500,677.2173913043479,114,2490,10001.0
1637164569,1,GET,/auth/logout/,0.100000,0.000000,460,460,460,460,460,460,460,460,460,460,460,22,0,170,309.1363636363636,10,2509,1712.0
1637164569,1,POST,/auth/modify-friend/,0.200000,0.000000,380,380,380,380,380,380,380,380,380,380,380,109,0,180,209.954128440367,48,1698,1713.0
1637164569,1,GET,/public/,0.200000,0.000000,470,470,480,480,480,480,480,480,480,480,480,110,0,240,279.8727272727273,79,901,10214.927272727273
1637164569,1,,Aggregated,1.400000,0.000000,440,480,530,530,1300,2800,2800,2800,2800,2800,2800,625,0,220,274.6864,10,2761,5480.5136
1637164570,1,GET,/,0.400000,0.000000,440,530,620,620,2800,2800,2800,2800,2800,2800,2800,126,0,220,302.6031746031746,79,2761,10156.103174603175
1637164570,1,POST,/,0.000000,0.000000,0,0,0,0,0,0,0,0,0,0,0,17,0,400,508.2352941176471,204,1345,9558.470588235294
1637164570,1,GET,/auth/find-friends/,0.400000,0.000000,280,280,310,310,510,510,510,510,510,510,510,220,0,200,224.35454545454544,36,1263,1974.0
1637164570,1,GET,/auth/login/,0.000000,0.000000,0,0,0,0,0,0,0,0,0,0,0,1,0,208,208.0,208,208,2961.0
1637164570,1,POST,/auth/login/,0.100000,0.000000,1300,1300,1300,1300,1300,1300,1300,1300,1300,1300,1300,23,0,500,677.2173913043479,114,2490,10001.0
1637164570,1,GET,/auth/logout/,0.100000,0.000000,460,460,460,460,460,460,460,460,460,460,460,22,0,170,309.1363636363636,10,2509,1712.0
1637164570,1,POST,/auth/modify-friend/,0.200000,0.000000,310,310,380,380,380,380,380,380,380,380,380,110,0,180,210.87272727272727,48,1698,1713.0
1637164570,1,GET,/public/,0.200000,0.000000,470,470,480,480,480,480,480,480,480,480,480,110,0,240,279.8727272727273,79,901,10214.927272727273
1637164570,1,,Aggregated,1.400000,0.000000,380,470,510,530,1300,2800,2800,2800,2800,2800,2800,629,0,220,274.5516693163752,10,2761,5499.464228934818
1637164571,1,GET,/,0.400000,0.000000,310,530,620,620,2800,2800,2800,2800,2800,2800,2800,127,0,220,301.6377952755906,79,2761,10161.464566929133
1637164571,1,POST,/,0.000000,0.000000,0,0,0,0,0,0,0,0,0,0,0,17,0,400,508.2352941176471,204,1345,9558.470588235294
1637164571,1,GET,/auth/find-friends/,0.400000,0.000000,260,260,280,310,510,510,510,510,510,510,510,224,0,190,222.20089285714286,36,1263,1974.0
1637164571,1,GET,/auth/login/,0.000000,0.000000,0,0,0,0,0,0,0,0,0,0,0,1,0,208,208.0,208,208,2961.0
1637164571,1,POST,/auth/login/,0.100000,0.000000,1300,1300,1300,1300,1300,1300,1300,1300,1300,1300,1300,23,0,500,677.2173913043479,114,2490,10001.0
1637164571,1,GET,/auth/logout/,0.000000,0.000000,460,460,460,460,460,460,460,460,460,460,460,22,0,170,309.1363636363636,10,2509,1712.0
1637164571,1,POST,/auth/modify-friend/,0.200000,0.000000,310,310,380,380,380,380,380,380,380,380,380,111,0,180,210.2972972972973,48,1698,1713.0
1637164571,1,GET,/public/,0.300000,0.000000,440,470,470,480,480,480,480,480,480,480,480,112,0,240,278.2767857142857,79,901,10219.232142857143
1637164571,1,,Aggregated,1.400000,0.000000,260,310,440,470,530,620,2800,2800,2800,2800,2800,637,0,210,272.86656200941917,10,2761,5495.32339089482
1637164572,1,GET,/,0.500000,0.000000,310,530,620,620,2800,2800,2800,2800,2800,2800,2800,127,0,220,301.6377952755906,79,2761,10161.464566929133
1637164572,1,POST,/,0.000000,0.000000,0,0,0,0,0,0,0,0,0,0,0,17,0,400,508.2352941176471,204,1345,9558.470588235294
1637164572,1,GET,/auth/find-friends/,0.600000,0.000000,260,260,280,310,510,510,510,510,510,510,510,224,0,190,222.20089285714286,36,1263,1974.0
1637164572,1,GET,/auth/login/,0.000000,0.000000,0,0,0,0,0,0,0,0,0,0,0,1,0,208,208.0,208,208,2961.0
1637164572,1,POST,/auth/login/,0.100000,0.000000,1300,1300,1300,1300,1300,1300,1300,1300,1300,1300,1300,23,0,500,677.2173913043479,114,2490,10001.0
1637164572,1,GET,/auth/logout/,0.000000,0.000000,460,460,460,460,460,460,460,460,460,460,460,23,0,190,310.04347826086956,10,2509,1712.0
1637164572,1,POST,/auth/modify-friend/,0.300000,0.000000,230,310,310,380,380,380,380,380,380,380,380,112,0,180,210.29464285714286,48,1698,1713.0
1637164572,1,GET,/public/,0.300000,0.000000,440,440,470,470,470,470,470,470,470,470,470,112,0,240,278.2767857142857,79,901,10219.232142857143
1637164572,1,,Aggregated,1.800000,0.000000,260,310,330,380,510,620,2800,2800,2800,2800,2800,639,0,210,272.85758998435057,10,2761,5483.483568075118
1637164573,1,GET,/,0.500000,0.000000,310,530,620,620,2800,2800,2800,2800,2800,2800,2800,127,0,220,301.6377952755906,79,2761,10161.464566929133
1637164573,1,POST,/,0.000000,0.000000,0,0,0,0,0,0,0,0,0,0,0,17,0,400,508.2352941176471,204,1345,9558.470588235294
1637164573,1,GET,/auth/find-friends/,0.600000,0.000000,260,260,280,280,310,310,310,310,310,310,310,224,0,190,222.20089285714286,36,1263,1974.0
1637164573,1,GET,/auth/login/,0.000000,0.000000,0,0,0,0,0,0,0,0,0,0,0,1,0,208,208.0,208,208,2961.0
1637164573,1,POST,/auth/login/,0.100000,0.000000,1300,1300,1300,1300,1300,1300,1300,1300,1300,1300,1300,23,0,500,677.2173913043479,114,2490,10001.0
1637164573,1,GET,/auth/logout/,0.000000,0.000000,460,460,460,460,460,460,460,460,460,460,460,23,0,190,310.04347826086956,10,2509,1712.0
1637164573,1,POST,/auth/modify-friend/,0.300000,0.000000,310,310,380,380,380,380,380,380,380,380,380,112,0,180,210.29464285714286,48,1698,1713.0
1637164573,1,GET,/public/,0.300000,0.000000,440,440,470,470,470,470,470,470,470,470,470,112,0,240,278.2767857142857,79,901,10219.232142857143
1637164573,1,,Aggregated,1.800000,0.000000,260,310,310,330,440,620,2800,2800,2800,2800,2800,639,0,210,272.85758998435057,10,2761,5483.483568075118
1637164574,1,GET,/,0.700000,0.000000,310,310,620,620,2800,2800,2800,2800,2800,2800,2800,127,0,220,301.6377952755906,79,2761,10161.464566929133
1637164574,1,POST,/,0.000000,0.000000,0,0,0,0,0,0,0,0,0,0,0,17,0,400,508.2352941176471,204,1345,9558.470588235294
1637164574,1,GET,/auth/find-friends/,1.000000,0.000000,260,260,280,280,310,310,310,310,310,310,310,224,0,190,222.20089285714286,36,1263,1974.0
1637164574,1,GET,/auth/login/,0.000000,0.000000,0,0,0,0,0,0,0,0,0,0,0,1,0,208,208.0,208,208,2961.0
1637164574,1,POST,/auth/login/,0.000000,0.000000,1300,1300,1300,1300,1300,1300,1300,1300,1300,1300,1300,24,0,500,683.3333333333334,114,2490,10024.541666666666
1637164574,1,GET,/auth/logout/,0.000000,0.000000,460,460,460,460,460,460,460,460,460,460,460,23,0,190,310.04347826086956,10,2509,1712.0
1637164574,1,POST,/auth/modify-friend/,0.500000,0.000000,310,310,380,380,380,380,380,380,380,380,380,112,0,180,210.29464285714286,48,1698,1713.0
1637164574,1,GET,/public/,0.500000,0.000000,440,470,470,470,470,470,470,470,470,470,470,113,0,240,279.9646017699115,79,901,10217.946902654867
1637164574,1,,Aggregated,2.700000,0.000000,260,310,380,440,620,820,2800,2800,2800,2800,2800,641,0,220,274.02340093603743,10,2761,5498.5741029641185
1637164575,1,GET,/,0.700000,0.000000,310,310,620,620,2800,2800,2800,2800,2800,2800,2800,127,0,220,301.6377952755906,79,2761,10161.464566929133
1637164575,1,POST,/,0.000000,0.000000,0,0,0,0,0,0,0,0,0,0,0,17,0,400,508.2352941176471,204,1345,9558.470588235294
1637164575,1,GET,/auth/find-friends/,1.000000,0.000000,260,260,280,300,310,310,310,310,310,310,310,226,0,190,222.58849557522123,36,1263,1974.0
1637164575,1,GET,/auth/login/,0.000000,0.000000,0,0,0,0,0,0,0,0,0,0,0,1,0,208,208.0,208,208,2961.0
1637164575,1,POST,/auth/login/,0.000000,0.000000,1300,1300,1300,1300,1300,1300,1300,1300,1300,1300,1300,24,0,500,683.3333333333334,114,2490,10024.541666666666
1637164575,1,GET,/auth/logout/,0.000000,0.000000,330,330,330,330,330,330,330,330,330,330,330,23,0,190,310.04347826086956,10,2509,1712.0
1637164575,1,POST,/auth/modify-friend/,0.500000,0.000000,310,310,380,380,380,380,380,380,380,380,380,112,0,180,210.29464285714286,48,1698,1713.0
1637164575,1,GET,/public/,0.500000,0.000000,440,440,470,470,470,470,470,470,470,470,470,113,0,240,279.9646017699115,79,901,10217.946902654867
1637164575,1,,Aggregated,2.700000,0.000000,230,310,330,440,620,820,2800,2800,2800,2800,2800,643,0,220,273.9984447900467,10,2761,5487.611197511664
1637164576,1,GET,/,0.700000,0.000000,310,310,620,620,2800,2800,2800,2800,2800,2800,2800,127,0,220,301.6377952755906,79,2761,10161.464566929133
1637164576,1,POST,/,0.000000,0.000000,0,0,0,0,0,0,0,0,0,0,0,17,0,400,508.2352941176471,204,1345,9558.470588235294
1637164576,1,GET,/auth/find-friends/,1.000000,0.000000,230,260,260,260,300,300,300,300,300,300,300,226,0,190,222.58849557522123,36,1263,1974.0
1637164576,1,GET,/auth/login/,0.000000,0.000000,0,0,0,0,0,0,0,0,0,0,0,1,0,208,208.0,208,208,2961.0
1637164576,1,POST,/auth/login/,0.000000,0.000000,1300,1300,1300,1300,1300,1300,1300,1300,1300,1300,1300,24,0,500,683.3333333333334,114,2490,10024.541666666666
1637164576,1,GET,/auth/logout/,0.000000,0.000000,330,330,330,330,330,330,330,330,330,330,330,23,0,190,310.04347826086956,10,2509,1712.0
1637164576,1,POST,/auth/modify-friend/,0.500000,0.000000,210,210,310,310,310,310,310,310,310,310,310,112,0,180,210.29464285714286,48,1698,1713.0
1637164576,1,GET,/public/,0.500000,0.000000,440,440,470,470,470,470,470,470,470,470,470,113,0,240,279.9646017699115,79,901,10217.946902654867
1637164576,1,,Aggregated,2.700000,0.000000,230,310,330,440,620,820,2800,2800,2800,2800,2800,643,0,220,273.9984447900467,10,2761,5487.611197511664
1637164577,1,GET,/,0.700000,0.000000,200,310,310,620,620,620,620,620,620,620,620,127,0,220,301.6377952755906,79,2761,10161.464566929133
1637164577,1,POST,/,0.000000,0.000000,0,0,0,0,0,0,0,0,0,0,0,17,0,400,508.2352941176471,204,1345,9558.470588235294
1637164577,1,GET,/auth/find-friends/,1.000000,0.000000,230,260,260,260,300,300,300,300,300,300,300,226,0,190,222.58849557522123,36,1263,1974.0
1637164577,1,GET,/auth/login/,0.000000,0.000000,0,0,0,0,0,0,0,0,0,0,0,1,0,208,208.0,208,208,2961.0
1637164577,1,POST,/auth/login/,0.000000,0.000000,820,820,820,820,820,820,820,820,820,820,820,24,0,500,683.3333333333334,114,2490,10024.541666666666
1637164577,1,GET,/auth/logout/,0.000000,0.000000,330,330,330,330,330,330,330,330,330,330,330,23,0,190,310.04347826086956,10,2509,1712.0
1637164577,1,POST,/auth/modify-friend/,0.500000,0.000000,210,210,310,310,310,310,310,310,310,310,310,112,0,180,210.29464285714286,48,1698,1713.0
1637164577,1,GET,/public/,0.500000,0.000000,440,440,470,470,470,470,470,470,470,470,470,113,0,240,279.9646017699115,79,901,10217.946902654867
1637164577,1,,Aggregated,2.700000,0.000000,230,300,310,330,470,620,820,820,820,820,820,643,0,220,273.9984447900467,10,2761,5487.611197511664
1637164578,1,GET,/,0.700000,0.000000,200,200,310,310,310,310,310,310,310,310,310,127,0,220,301.6377952755906,79,2761,10161.464566929133
1637164578,1,POST,/,0.000000,0.000000,0,0,0,0,0,0,0,0,0,0,0,17,0,400,508.2352941176471,204,1345,9558.470588235294
1637164578,1,GET,/auth/find-friends/,1.000000,0.000000,230,260,260,260,300,300,300,300,300,300,300,226,0,190,222.58849557522123,36,1263,1974.0
1637164578,1,GET,/auth/login/,0.000000,0.000000,0,0,0,0,0,0,0,0,0,0,0,1,0,208,208.0,208,208,2961.0
1637164578,1,POST,/auth/login/,0.000000,0.000000,820,820,820,820,820,820,820,820,820,820,820,24,0,500,683.3333333333334,114,2490,10024.541666666666
1637164578,1,GET,/auth/logout/,0.000000,0.000000,330,330,330,330,330,330,330,330,330,330,330,23,0,190,310.04347826086956,10,2509,1712.0
1637164578,1,POST,/auth/modify-friend/,0.500000,0.000000,210,210,310,310,310,310,310,310,310,310,310,112,0,180,210.29464285714286,48,1698,1713.0
1637164578,1,GET,/public/,0.500000,0.000000,440,440,470,470,470,470,470,470,470,470,470,113,0,240,279.9646017699115,79,901,10217.946902654867
1637164578,1,,Aggregated,2.700000,0.000000,210,260,310,310,470,820,820,820,820,820,820,643,0,220,273.9984447900467,10,2761,5487.611197511664
1637164579,1,GET,/,0.600000,0.000000,220,220,310,310,310,310,310,310,310,310,310,128,0,220,300.9765625,79,2761,10162.515625
1637164579,1,POST,/,0.000000,0.000000,0,0,0,0,0,0,0,0,0,0,0,17,0,400,508.2352941176471,204,1345,9558.470588235294
1637164579,1,GET,/auth/find-friends/,0.800000,0.000000,130,130,230,230,300,300,300,300,300,300,300,226,0,190,222.58849557522123,36,1263,1974.0
1637164579,1,GET,/auth/login/,0.000000,0.000000,0,0,0,0,0,0,0,0,0,0,0,1,0,208,208.0,208,208,2961.0
1637164579,1,POST,/auth/login/,0.100000,0.000000,820,820,820,820,820,820,820,820,820,820,820,24,0,500,683.3333333333334,114,2490,10024.541666666666
1637164579,1,GET,/auth/logout/,0.100000,0.000000,330,330,330,330,330,330,330,330,330,330,330,23,0,190,310.04347826086956,10,2509,1712.0
1637164579,1,POST,/auth/modify-friend/,0.300000,0.000000,310,310,4300,4300,4300,4300,4300,4300,4300,4300,4300,113,0,180,246.84070796460176,48,4340,1713.0
1637164579,1,GET,/public/,0.400000,0.000000,200,200,470,470,470,470,470,470,470,470,470,113,0,240,279.9646017699115,79,901,10217.946902654867
1637164579,1,,Aggregated,2.300000,0.000000,210,230,310,330,820,4300,4300,4300,4300,4300,4300,645,0,220,280.2139534883721,10,4340,5489.213953488372
1637164580,1,GET,/,0.500000,0.000000,220,220,310,310,310,310,310,310,310,310,310,128,0,220,300.9765625,79,2761,10162.515625
1637164580,1,POST,/,0.000000,0.000000,450,450,450,450,450,450,450,450,450,450,450,18,0,400,504.94444444444446,204,1345,9601.333333333334
1637164580,1,GET,/auth/find-friends/,0.800000,0.000000,170,170,230,230,300,300,300,300,300,300,300,228,0,190,222.00438596491227,36,1263,1974.0
1637164580,1,GET,/auth/login/,0.000000,0.000000,0,0,0,0,0,0,0,0,0,0,0,1,0,208,208.0,208,208,2961.0
1637164580,1,POST,/auth/login/,0.100000,0.000000,820,820,820,820,820,820,820,820,820,820,820,24,0,500,683.3333333333334,114,2490,10024.541666666666
1637164580,1,GET,/auth/logout/,0.100000,0.000000,330,330,330,330,330,330,330,330,330,330,330,24,0,170,302.8333333333333,10,2509,1712.0
1637164580,1,POST,/auth/modify-friend/,0.300000,0.000000,210,210,4300,4300,4300,4300,4300,4300,4300,4300,4300,114,0,180,246.16666666666666,48,4340,1713.0
1637164580,1,GET,/public/,0.400000,0.000000,190,190,470,470,470,470,470,470,470,470,470,114,0,240,278.7368421052632,79,901,10215.938596491229
1637164580,1,,Aggregated,2.200000,0.000000,210,230,330,450,820,4300,4300,4300,4300,4300,4300,651,0,220,279.4869431643625,10,4340,5481.159754224271
1637164581,1,GET,/,0.400000,0.000000,220,220,310,310,310,310,310,310,310,310,310,128,0,220,300.9765625,79,2761,10162.515625
1637164581,1,POST,/,0.000000,0.000000,450,450,450,450,450,450,450,450,450,450,450,18,0,400,504.94444444444446,204,1345,9601.333333333334
1637164581,1,GET,/auth/find-friends/,0.800000,0.000000,170,170,230,230,300,300,300,300,300,300,300,228,0,190,222.00438596491227,36,1263,1974.0
1637164581,1,GET,/auth/login/,0.000000,0.000000,0,0,0,0,0,0,0,0,0,0,0,1,0,208,208.0,208,208,2961.0
1637164581,1,POST,/auth/login/,0.100000,0.000000,820,820,820,820,820,820,820,820,820,820,820,25,0,500,661.28,114,2490,10035.04
1637164581,1,GET,/auth/logout/,0.100000,0.000000,330,330,330,330,330,330,330,330,330,330,330,24,0,170,302.8333333333333,10,2509,1712.0
1637164581,1,POST,/auth/modify-friend/,0.300000,0.000000,210,210,4300,4300,4300,4300,4300,4300,4300,4300,4300,114,0,180,246.16666666666666,48,4340,1713.0
1637164581,1,GET,/public/,0.300000,0.000000,190,190,470,470,470,470,470,470,470,470,470,114,0,240,278.7368421052632,79,901,10215.938596491229
1637164581,1,,Aggregated,2.000000,0.000000,230,330,450,470,820,4300,4300,4300,4300,4300,4300,652,0,210,279.26073619631904,10,4340,5488.5306748466255
1637164582,1,GET,/,0.400000,0.000000,200,220,220,310,310,310,310,310,310,310,310,129,0,220,299.3720930232558,79,2761,10163.480620155038
1637164582,1,POST,/,0.000000,0.000000,450,450,450,450,450,450,450,450,450,450,450,18,0,400,504.94444444444446,204,1345,9601.333333333334
1637164582,1,GET,/auth/find-friends/,0.800000,0.000000,230,230,300,300,300,300,300,300,300,300,300,228,0,190,222.00438596491227,36,1263,1974.0
1637164582,1,GET,/auth/login/,0.000000,0.000000,0,0,0,0,0,0,0,0,0,0,0,1,0,208,208.0,208,208,2961.0
1637164582,1,POST,/auth/login/,0.100000,0.000000,820,820,820,820,820,820,820,820,820,820,820,25,0,500,661.28,114,2490,10035.04
1637164582,1,GET,/auth/logout/,0.100000,0.000000,140,140,330,330,330,330,330,330,330,330,330,25,0,170,291.96,10,2509,1712.0
1637164582,1,POST,/auth/modify-friend/,0.300000,0.000000,210,210,4300,4300,4300,4300,4300,4300,4300,4300,4300,114,0,180,246.16666666666666,48,4340,1713.0
1637164582,1,GET,/public/,0.300000,0.000000,470,470,470,470,470,470,470,470,470,470,470,114,0,240,278.7368421052632,79,901,10215.938596491229
1637164582,1,,Aggregated,2.000000,0.000000,170,230,450,470,820,4300,4300,4300,4300,4300,4300,654,0,210,278.5978593272171,10,4340,5490.093272171253
1637164583,1,GET,/,0.100000,0.000000,180,200,220,220,310,310,310,310,310,310,310,131,0,220,296.19083969465646,79,2761,10166.229007633588
1637164583,1,POST,/,0.100000,0.000000,450,450,450,450,450,450,450,450,450,450,450,19,0,400,488.36842105263156,190,1345,9640.105263157895
1637164583,1,GET,/auth/find-friends/,0.600000,0.000000,230,230,300,300,300,300,300,300,300,300,300,228,0,190,222.00438596491227,36,1263,1974.0
1637164583,1,GET,/auth/login/,0.000000,0.000000,0,0,0,0,0,0,0,0,0,0,0,1,0,208,208.0,208,208,2961.0
1637164583,1,POST,/auth/login/,0.100000,0.000000,200,200,820,820,820,820,820,820,820,820,820,26,0,450,643.5769230769231,114,2490,10048.153846153846
1637164583,1,GET,/auth/logout/,0.200000,0.000000,140,140,330,330,330,330,330,330,330,330,330,26,0,140,282.0769230769231,10,2509,1712.0
1637164583,1,POST,/auth/modify-friend/,0.400000,0.000000,210,210,4300,4300,4300,4300,4300,4300,4300,4300,4300,114,0,180,246.16666666666666,48,4340,1713.0
1637164583,1,GET,/public/,0.300000,0.000000,470,470,470,470,470,470,470,470,470,470,470,114,0,240,278.7368421052632,79,901,10215.938596491229
1637164583,1,,Aggregated,1.800000,0.000000,170,200,230,300,470,4300,4300,4300,4300,4300,4300,659,0,210,277.40667678300457,10,4340,5513.860394537178
1637164584,1,GET,/,0.100000,0.000000,94,94,220,220,220,220,220,220,220,220,220,131,0,220,296.19083969465646,79,2761,10166.229007633588
1637164584,1,POST,/,0.100000,0.000000,450,450,450,450,450,450,450,450,450,450,450,19,0,400,488.36842105263156,190,1345,9640.105263157895
1637164584,1,GET,/auth/find-friends/,0.600000,0.000000,230,230,300,300,300,300,300,300,300,300,300,228,0,190,222.00438596491227,36,1263,1974.0
1637164584,1,GET,/auth/login/,0.000000,0.000000,0,0,0,0,0,0,0,0,0,0,0,1,0,208,208.0,208,208,2961.0
1637164584,1,POST,/auth/login/,0.100000,0.000000,200,200,820,820,820,820,820,820,820,820,820,26,0,450,643.5769230769231,114,2490,10048.153846153846
1637164584,1,GET,/auth/logout/,0.200000,0.000000,140,140,330,330,330,330,330,330,330,330,330,26,0,140,282.0769230769231,10,2509,1712.0
1637164584,1,POST,/auth/modify-friend/,0.400000,0.000000,210,210,4300,4300,4300,4300,4300,4300,4300,4300,4300,114,0,180,246.16666666666666,48,4340,1713.0
1637164584,1,GET,/public/,0.300000,0.000000,470,470,470,470,470,470,470,470,470,470,470,114,0,240,278.7368421052632,79,901,10215.938596491229
1637164584,1,,Aggregated,1.800000,0.000000,170,200,230,300,470,4300,4300,4300,4300,4300,4300,659,0,210,277.40667678300457,10,4340,5513.860394537178
1637164585,1,GET,/,0.200000,0.000000,94,220,220,360,360,360,360,360,360,360,360,132,0,220,296.6515151515151,79,2761,10169.704545454546
1637164585,1,POST,/,0.100000,0.000000,450,450,450,450,450,450,450,450,450,450,450,19,0,400,488.36842105263156,190,1345,9640.105263157895
1637164585,1,GET,/auth/find-friends/,0.400000,0.000000,230,230,300,300,300,300,300,300,300,300,300,228,0,190,222.00438596491227,36,1263,1974.0
1637164585,1,GET,/auth/login/,0.000000,0.000000,0,0,0,0,0,0,0,0,0,0,0,1,0,208,208.0,208,208,2961.0
1637164585,1,POST,/auth/login/,0.200000,0.000000,750,750,820,820,820,820,820,820,820,820,820,27,0,500,647.5555555555555,114,2490,10067.111111111111
1637164585,1,GET,/auth/logout/,0.200000,0.000000,140,140,330,330,330,330,330,330,330,330,330,26,0,140,282.0769230769231,10,2509,1712.0
1637164585,1,POST,/auth/modify-friend/,0.200000,0.000000,4300,4300,4300,4300,4300,4300,4300,4300,4300,4300,4300,114,0,180,246.16666666666666,48,4340,1713.0
1637164585,1,GET,/public/,0.200000,0.000000,230,230,470,470,470,470,470,470,470,470,470,115,0,240,278.3391304347826,79,901,10217.130434782608
1637164585,1,,Aggregated,1.500000,0.000000,190,230,300,360,470,750,4300,4300,4300,4300,4300,662,0,210,278.1752265861027,10,4340,5536.513595166163
1637164586,1,GET,/,0.400000,0.000000,220,220,300,300,360,360,360,360,360,360,360,133,0,220,296.7142857142857,79,2761,10173.037593984962
1637164586,1,POST,/,0.200000,0.000000,450,450,450,450,450,450,450,450,450,450,450,19,0,400,488.36842105263156,190,1345,9640.105263157895
1637164586,1,GET,/auth/find-friends/,0.400000,0.000000,230,230,260,260,300,300,300,300,300,300,300,230,0,190,221.64347826086956,36,1263,1974.0
1637164586,1,GET,/auth/login/,0.000000,0.000000,0,0,0,0,0,0,0,0,0,0,0,1,0,208,208.0,208,208,2961.0
1637164586,1,POST,/auth/login/,0.200000,0.000000,750,750,820,820,820,820,820,820,820,820,820,27,0,500,647.5555555555555,114,2490,10067.111111111111
1637164586,1,GET,/auth/logout/,0.300000,0.000000,35,35,140,140,140,140,140,140,140,140,140,26,0,140,282.0769230769231,10,2509,1712.0
1637164586,1,POST,/auth/modify-friend/,0.200000,0.000000,190,190,4300,4300,4300,4300,4300,4300,4300,4300,4300,115,0,180,245.69565217391303,48,4340,1713.0
1637164586,1,GET,/public/,0.200000,0.000000,230,230,470,470,470,470,470,470,470,470,470,115,0,240,278.3391304347826,79,901,10217.130434782608
1637164586,1,,Aggregated,1.900000,0.000000,170,220,260,300,450,750,4300,4300,4300,4300,4300,666,0,210,277.7927927927928,10,4340,5527.696696696697
1637164587,1,GET,/,0.400000,0.000000,220,300,320,320,360,360,360,360,360,360,360,134,0,220,296.8955223880597,79,2761,10176.007462686568
1637164587,1,POST,/,0.200000,0.000000,450,450,450,450,450,450,450,450,450,450,450,19,0,400,488.36842105263156,190,1345,9640.105263157895
1637164587,1,GET,/auth/find-friends/,0.200000,0.000000,170,260,260,310,310,310,310,310,310,310,310,231,0,190,222.017316017316,36,1263,1974.0
1637164587,1,GET,/auth/login/,0.000000,0.000000,0,0,0,0,0,0,0,0,0,0,0,1,0,208,208.0,208,208,2961.0
1637164587,1,POST,/auth/login/,0.200000,0.000000,200,200,750,750,750,750,750,750,750,750,750,27,0,500,647.5555555555555,114,2490,10067.111111111111
1637164587,1,GET,/auth/logout/,0.300000,0.000000,35,35,140,140,140,140,140,140,140,140,140,26,0,140,282.0769230769231,10,2509,1712.0
1637164587,1,POST,/auth/modify-friend/,0.200000,0.000000,190,190,4300,4300,4300,4300,4300,4300,4300,4300,4300,115,0,180,245.69565217391303,48,4340,1713.0
1637164587,1,GET,/public/,0.100000,0.000000,230,230,410,410,410,410,410,410,410,410,410,116,0,240,279.4913793103448,79,901,10217.629310344828
1637164587,1,,Aggregated,1.600000,0.000000,190,260,310,320,450,750,4300,4300,4300,4300,4300,669,0,210,278.1031390134529,10,4340,5537.019431988042
1637164589,1,GET,/,0.500000,0.000000,220,300,320,320,360,360,360,360,360,360,360,134,0,220,296.8955223880597,79,2761,10176.007462686568
1637164589,1,POST,/,0.200000,0.000000,450,450,450,450,450,450,450,450,450,450,450,19,0,400,488.36842105263156,190,1345,9640.105263157895
1637164589,1,GET,/auth/find-friends/,0.200000,0.000000,170,170,260,260,310,310,310,310,310,310,310,232,0,190,221.70258620689654,36,1263,1974.0
1637164589,1,GET,/auth/login/,0.000000,0.000000,0,0,0,0,0,0,0,0,0,0,0,1,0,208,208.0,208,208,2961.0
1637164589,1,POST,/auth/login/,0.300000,0.000000,200,200,750,750,750,750,750,750,750,750,750,27,0,500,647.5555555555555,114,2490,10067.111111111111
1637164589,1,GET,/auth/logout/,0.300000,0.000000,35,35,140,140,140,140,140,140,140,140,140,26,0,140,282.0769230769231,10,2509,1712.0
1637164589,1,POST,/auth/modify-friend/,0.200000,0.000000,170,170,190,190,190,190,190,190,190,190,190,116,0,180,245.02586206896552,48,4340,1713.0
1637164589,1,GET,/public/,0.200000,0.000000,230,230,410,410,410,410,410,410,410,410,410,116,0,240,279.4913793103448,79,901,10217.629310344828
1637164589,1,,Aggregated,1.900000,0.000000,170,200,260,310,360,410,750,750,750,750,750,671,0,210,277.74664679582713,10,4340,5526.01043219076
1637164590,1,GET,/,0.500000,0.000000,300,300,320,320,360,360,360,360,360,360,360,134,0,220,296.8955223880597,79,2761,10176.007462686568
1637164590,1,POST,/,0.200000,0.000000,450,450,450,450,450,450,450,450,450,450,450,19,0,400,488.36842105263156,190,1345,9640.105263157895
1637164590,1,GET,/auth/find-friends/,0.200000,0.000000,170,170,260,260,310,310,310,310,310,310,310,232,0,190,221.70258620689654,36,1263,1974.0
1637164590,1,GET,/auth/login/,0.000000,0.000000,0,0,0,0,0,0,0,0,0,0,0,1,0,208,208.0,208,208,2961.0
1637164590,1,POST,/auth/login/,0.300000,0.000000,200,200,750,750,750,750,750,750,750,750,750,27,0,500,647.5555555555555,114,2490,10067.111111111111
1637164590,1,GET,/auth/logout/,0.300000,0.000000,35,35,35,35,35,35,35,35,35,35,35,26,0,140,282.0769230769231,10,2509,1712.0
1637164590,1,POST,/auth/modify-friend/,0.200000,0.000000,170,170,190,190,190,190,190,190,190,190,190,116,0,180,245.02586206896552,48,4340,1713.0
1637164590,1,GET,/public/,0.200000,0.000000,230,230,410,410,410,410,410,410,410,410,410,116,0,240,279.4913793103448,79,901,10217.629310344828
1637164590,1,,Aggregated,1.900000,0.000000,190,260,310,320,410,750,750,750,750,750,750,671,0,210,277.74664679582713,10,4340,5526.01043219076
1637164591,1,GET,/,0.500000,0.000000,300,300,320,320,360,360,360,360,360,360,360,134,0,220,296.8955223880597,79,2761,10176.007462686568
1637164591,1,POST,/,0.200000,0.000000,190,190,190,190,190,190,190,190,190,190,190,19,0,400,488.36842105263156,190,1345,9640.105263157895
1637164591,1,GET,/auth/find-friends/,0.200000,0.000000,170,170,260,260,310,310,310,310,310,310,310,232,0,190,221.70258620689654,36,1263,1974.0
1637164591,1,GET,/auth/login/,0.000000,0.000000,0,0,0,0,0,0,0,0,0,0,0,1,0,208,208.0,208,208,2961.0
1637164591,1,POST,/auth/login/,0.300000,0.000000,200,200,750,750,750,750,750,750,750,750,750,27,0,500,647.5555555555555,114,2490,10067.111111111111
1637164591,1,GET,/auth/logout/,0.300000,0.000000,35,35,35,35,35,35,35,35,35,35,35,26,0,140,282.0769230769231,10,2509,1712.0
1637164591,1,POST,/auth/modify-friend/,0.200000,0.000000,170,170,190,190,190,190,190,190,190,190,190,116,0,180,245.02586206896552,48,4340,1713.0
1637164591,1,GET,/public/,0.200000,0.000000,230,230,410,410,410,410,410,410,410,410,410,116,0,240,279.4913793103448,79,901,10217.629310344828
1637164591,1,,Aggregated,1.900000,0.000000,190,260,310,320,410,750,750,750,750,750,750,671,0,210,277.74664679582713,10,4340,5526.01043219076
1637164592,1,GET,/,0.700000,0.000000,300,320,360,360,3400,3400,3400,3400,3400,3400,3400,136,0,220,320.0147058823529,79,3450,10184.948529411764
1637164592,1,POST,/,0.200000,0.000000,190,190,190,190,190,190,190,190,190,190,190,19,0,400,488.36842105263156,190,1345,9640.105263157895
1637164592,1,GET,/auth/find-friends/,0.600000,0.000000,170,170,260,260,310,310,310,310,310,310,310,232,0,190,221.70258620689654,36,1263,1974.0
1637164592,1,GET,/auth/login/,0.000000,0.000000,0,0,0,0,0,0,0,0,0,0,0,1,0,208,208.0,208,208,2961.0
1637164592,1,POST,/auth/login/,0.300000,0.000000,750,750,750,750,750,750,750,750,750,750,750,27,0,500,647.5555555555555,114,2490,10067.111111111111
1637164592,1,GET,/auth/logout/,0.300000,0.000000,35,35,35,35,35,35,35,35,35,35,35,26,0,140,282.0769230769231,10,2509,1712.0
1637164592,1,POST,/auth/modify-friend/,0.400000,0.000000,170,170,190,190,190,190,190,190,190,190,190,116,0,180,245.02586206896552,48,4340,1713.0
1637164592,1,GET,/public/,0.300000,0.000000,410,410,410,410,410,410,410,410,410,410,410,116,0,240,279.4913793103448,79,901,10217.629310344828
1637164592,1,,Aggregated,2.800000,0.000000,230,300,320,360,750,3400,3400,3400,3400,3400,3400,673,0,210,282.47548291233284,10,4340,5541.635958395245
1637164593,1,GET,/,0.600000,0.000000,300,320,360,360,3400,3400,3400,3400,3400,3400,3400,136,0,220,320.0147058823529,79,3450,10184.948529411764
1637164593,1,POST,/,0.100000,0.000000,190,190,190,190,190,190,190,190,190,190,190,19,0,400,488.36842105263156,190,1345,9640.105263157895
1637164593,1,GET,/auth/find-friends/,0.600000,0.000000,200,200,260,260,310,310,310,310,310,310,310,234,0,190,221.35897435897436,36,1263,1974.0
1637164593,1,GET,/auth/login/,0.000000,0.000000,0,0,0,0,0,0,0,0,0,0,0,1,0,208,208.0,208,208,2961.0
1637164593,1,POST,/auth/login/,0.300000,0.000000,750,750,750,750,750,750,750,750,750,750,750,27,0,500,647.5555555555555,114,2490,10067.111111111111
1637164593,1,GET,/auth/logout/,0.300000,0.000000,35,35,35,35,35,35,35,35,35,35,35,26,0,140,282.0769230769231,10,2509,1712.0
1637164593,1,POST,/auth/modify-friend/,0.300000,0.000000,190,190,350,350,350,350,350,350,350,350,350,117,0,180,245.94871794871796,48,4340,1713.0
1637164593,1,GET,/public/,0.300000,0.000000,250,250,410,410,410,410,410,410,410,410,410,117,0,240,279.20512820512823,79,901,10217.905982905982
1637164593,1,,Aggregated,2.500000,0.000000,230,300,320,350,410,750,3400,3400,3400,3400,3400,677,0,210,282.2274741506647,10,4340,5532.395864106352
1637164594,1,GET,/,0.700000,0.000000,320,360,360,3400,3400,3400,3400,3400,3400,3400,3400,136,0,220,320.0147058823529,79,3450,10184.948529411764
1637164594,1,POST,/,0.100000,0.000000,190,190,190,190,190,190,190,190,190,190,190,19,0,400,488.36842105263156,190,1345,9640.105263157895
1637164594,1,GET,/auth/find-friends/,0.400000,0.000000,260,310,360,360,550,550,550,550,550,550,550,236,0,190,223.33898305084745,36,1263,1974.0
1637164594,1,GET,/auth/login/,0.000000,0.000000,0,0,0,0,0,0,0,0,0,0,0,1,0,208,208.0,208,208,2961.0
1637164594,1,POST,/auth/login/,0.200000,0.000000,750,750,750,750,750,750,750,750,750,750,750,27,0,500,647.5555555555555,114,2490,10067.111111111111
1637164594,1,GET,/auth/logout/,0.100000,0.000000,35,35,35,35,35,35,35,35,35,35,35,26,0,140,282.0769230769231,10,2509,1712.0
1637164594,1,POST,/auth/modify-friend/,0.200000,0.000000,190,190,350,350,350,350,350,350,350,350,350,117,0,180,245.94871794871796,48,4340,1713.0
1637164594,1,GET,/public/,0.200000,0.000000,290,290,410,410,410,410,410,410,410,410,410,118,0,240,279.271186440678,79,901,10220.271186440677
1637164594,1,,Aggregated,1.900000,0.000000,290,320,360,360,550,750,3400,3400,3400,3400,3400,680,0,220,282.74264705882354,10,4340,5529.230882352941
1637164595,1,GET,/,0.700000,0.000000,320,320,3400,3400,3400,3400,3400,3400,3400,3400,3400,136,0,220,320.0147058823529,79,3450,10184.948529411764
1637164595,1,POST,/,0.100000,0.000000,190,190,190,190,190,190,190,190,190,190,190,19,0,400,488.36842105263156,190,1345,9640.105263157895
1637164595,1,GET,/auth/find-friends/,0.400000,0.000000,260,310,360,360,550,550,550,550,550,550,550,236,0,190,223.33898305084745,36,1263,1974.0
1637164595,1,GET,/auth/login/,0.000000,0.000000,0,0,0,0,0,0,0,0,0,0,0,1,0,208,208.0,208,208,2961.0
1637164595,1,POST,/auth/login/,0.200000,0.000000,750,750,750,750,750,750,750,750,750,750,750,27,0,500,647.5555555555555,114,2490,10067.111111111111
1637164595,1,GET,/auth/logout/,0.100000,0.000000,35,35,35,35,35,35,35,35,35,35,35,26,0,140,282.0769230769231,10,2509,1712.0
1637164595,1,POST,/auth/modify-friend/,0.200000,0.000000,280,280,350,350,350,350,350,350,350,350,350,118,0,180,246.1949152542373,48,4340,1713.0
1637164595,1,GET,/public/,0.200000,0.000000,290,410,410,560,560,560,560,560,560,560,560,119,0,240,281.60504201680675,79,901,10224.01680672269
1637164595,1,,Aggregated,1.900000,0.000000,290,320,360,410,560,3400,3400,3400,3400,3400,3400,682,0,220,283.133431085044,10,4340,5531.16715542522
1637164596,1,GET,/,0.700000,0.000000,320,320,3400,3400,3400,3400,3400,3400,3400,3400,3400,136,0,220,320.0147058823529,79,3450,10184.948529411764
1637164596,1,POST,/,0.100000,0.000000,190,190,190,190,190,190,190,190,190,190,190,19,0,400,488.36842105263156,190,1345,9640.105263157895
1637164596,1,GET,/auth/find-friends/,0.600000,0.000000,340,360,420,420,550,550,550,550,550,550,550,238,0,200,224.65546218487395,36,1263,1974.0
1637164596,1,GET,/auth/login/,0.000000,0.000000,0,0,0,0,0,0,0,0,0,0,0,1,0,208,208.0,208,208,2961.0
1637164596,1,POST,/auth/login/,0.200000,0.000000,750,750,750,750,750,750,750,750,750,750,750,27,0,500,647.5555555555555,114,2490,10067.111111111111
1637164596,1,GET,/auth/logout/,0.100000,0.000000,35,35,35,35,35,35,35,35,35,35,35,26,0,140,282.0769230769231,10,2509,1712.0
1637164596,1,POST,/auth/modify-friend/,0.300000,0.000000,220,280,280,350,350,350,350,350,350,350,350,119,0,180,245.9327731092437,48,4340,1713.0
1637164596,1,GET,/public/,0.300000,0.000000,410,410,560,560,560,560,560,560,560,560,560,119,0,240,281.60504201680675,79,901,10224.01680672269
1637164596,1,,Aggregated,2.300000,0.000000,310,350,410,420,560,3400,3400,3400,3400,3400,3400,685,0,220,283.3167883211679,10,4340,5515.207299270073
1637164597,1,GET,/,0.500000,0.000000,320,320,330,330,3400,3400,3400,3400,3400,3400,3400,139,0,220,318.568345323741,79,3450,10198.669064748201
1637164597,1,POST,/,0.000000,0.000000,190,190,190,190,190,190,190,190,190,190,190,19,0,400,488.36842105263156,190,1345,9640.105263157895
1637164597,1,GET,/auth/find-friends/,0.700000,0.000000,340,360,420,420,550,550,550,550,550,550,550,238,0,200,224.65546218487395,36,1263,1974.0
1637164597,1,GET,/auth/login/,0.000000,0.000000,0,0,0,0,0,0,0,0,0,0,0,1,0,208,208.0,208,208,2961.0
1637164597,1,POST,/auth/login/,0.100000,0.000000,750,750,750,750,750,750,750,750,750,750,750,27,0,500,647.5555555555555,114,2490,10067.111111111111
1637164597,1,GET,/auth/logout/,0.000000,0.000000,35,35,35,35,35,35,35,35,35,35,35,26,0,140,282.0769230769231,10,2509,1712.0
1637164597,1,POST,/auth/modify-friend/,0.300000,0.000000,280,280,350,350,350,350,350,350,350,350,350,119,0,180,245.9327731092437,48,4340,1713.0
1637164597,1,GET,/public/,0.400000,0.000000,290,410,410,560,560,560,560,560,560,560,560,120,0,240,280.94166666666666,79,901,10227.3
1637164597,1,,Aggregated,2.000000,0.000000,290,340,360,420,560,3400,3400,3400,3400,3400,3400,689,0,220,283.066763425254,10,4340,5545.714078374455
1637164598,1,GET,/,0.500000,0.000000,320,320,330,330,3400,3400,3400,3400,3400,3400,3400,139,0,220,318.568345323741,79,3450,10198.669064748201
1637164598,1,POST,/,0.000000,0.000000,190,190,190,190,190,190,190,190,190,190,190,19,0,400,488.36842105263156,190,1345,9640.105263157895
1637164598,1,GET,/auth/find-friends/,0.800000,0.000000,340,360,420,550,600,600,600,600,600,600,600,240,0,200,225.90833333333333,36,1263,1974.0
1637164598,1,GET,/auth/login/,0.000000,0.000000,0,0,0,0,0,0,0,0,0,0,0,1,0,208,208.0,208,208,2961.0
1637164598,1,POST,/auth/login/,0.100000,0.000000,750,750,750,750,750,750,750,750,750,750,750,27,0,500,647.5555555555555,114,2490,10067.111111111111
1637164598,1,GET,/auth/logout/,0.000000,0.000000,35,35,35,35,35,35,35,35,35,35,35,26,0,140,282.0769230769231,10,2509,1712.0
1637164598,1,POST,/auth/modify-friend/,0.400000,0.000000,220,280,280,350,350,350,350,350,350,350,350,120,0,180,245.46666666666667,48,4340,1713.0
1637164598,1,GET,/public/,0.500000,0.000000,290,410,410,560,560,560,560,560,560,560,560,120,0,240,280.94166666666666,79,901,10227.3
1637164598,1,,Aggregated,2.300000,0.000000,280,340,360,420,560,600,3400,3400,3400,3400,3400,692,0,220,283.19797687861274,10,4340,5529.85260115607
1637164599,1,GET,/,0.500000,0.000000,290,330,330,3400,3400,3400,3400,3400,3400,3400,3400,139,0,220,318.568345323741,79,3450,10198.669064748201
1637164599,1,POST,/,0.000000,0.000000,190,190,190,190,190,190,190,190,190,190,190,19,0,400,488.36842105263156,190,1345,9640.105263157895
1637164599,1,GET,/auth/find-friends/,0.800000,0.000000,340,360,420,550,600,600,600,600,600,600,600,240,0,200,225.90833333333333,36,1263,1974.0
1637164599,1,GET,/auth/login/,0.000000,0.000000,0,0,0,0,0,0,0,0,0,0,0,1,0,208,208.0,208,208,2961.0
1637164599,1,POST,/auth/login/,0.100000,0.000000,750,750,750,750,750,750,750,750,750,750,750,27,0,500,647.5555555555555,114,2490,10067.111111111111
1637164599,1,GET,/auth/logout/,0.000000,0.000000,35,35,35,35,35,35,35,35,35,35,35,26,0,140,282.0769230769231,10,2509,1712.0
1637164599,1,POST,/auth/modify-friend/,0.400000,0.000000,220,280,280,350,350,350,350,350,350,350,350,120,0,180,245.46666666666667,48,4340,1713.0
1637164599,1,GET,/public/,0.500000,0.000000,290,290,560,560,560,560,560,560,560,560,560,120,0,240,280.94166666666666,79,901,10227.3
1637164599,1,,Aggregated,2.300000,0.000000,290,340,360,420,560,600,3400,3400,3400,3400,3400,692,0,220,283.19797687861274,10,4340,5529.85260115607
1637164600,1,GET,/,0.500000,0.000000,290,330,330,3400,3400,3400,3400,3400,3400,3400,3400,139,0,220,318.568345323741,79,3450,10198.669064748201
1637164600,1,POST,/,0.000000,0.000000,190,190,190,190,190,190,190,190,190,190,190,19,0,400,488.36842105263156,190,1345,9640.105263157895
1637164600,1,GET,/auth/find-friends/,0.800000,0.000000,360,420,550,550,600,600,600,600,600,600,600,240,0,200,225.90833333333333,36,1263,1974.0
1637164600,1,GET,/auth/login/,0.000000,0.000000,0,0,0,0,0,0,0,0,0,0,0,1,0,208,208.0,208,208,2961.0
1637164600,1,POST,/auth/login/,0.100000,0.000000,750,750,750,750,750,750,750,750,750,750,750,27,0,500,647.5555555555555,114,2490,10067.111111111111
1637164600,1,GET,/auth/logout/,0.000000,0.000000,35,35,35,35,35,35,35,35,35,35,35,26,0,140,282.0769230769231,10,2509,1712.0
1637164600,1,POST,/auth/modify-friend/,0.400000,0.000000,280,280,350,350,350,350,350,350,350,350,350,120,0,180,245.46666666666667,48,4340,1713.0
1637164600,1,GET,/public/,0.500000,0.000000,290,290,560,560,560,560,560,560,560,560,560,120,0,240,280.94166666666666,79,901,10227.3
1637164600,1,,Aggregated,2.300000,0.000000,290,340,360,420,560,600,3400,3400,3400,3400,3400,692,0,220,283.19797687861274,10,4340,5529.85260115607
1637164601,1,GET,/,0.500000,0.000000,330,330,2500,2500,3400,3400,3400,3400,3400,3400,3400,140,0,220,334.39285714285717,79,3450,10198.914285714285
1637164601,1,POST,/,0.000000,0.000000,0,0,0,0,0,0,0,0,0,0,0,19,0,400,488.36842105263156,190,1345,9640.105263157895
1637164601,1,GET,/auth/find-friends/,0.900000,0.000000,360,420,550,550,600,600,600,600,600,600,600,240,0,200,225.90833333333333,36,1263,1974.0
1637164601,1,GET,/auth/login/,0.000000,0.000000,0,0,0,0,0,0,0,0,0,0,0,1,0,208,208.0,208,208,2961.0
1637164601,1,POST,/auth/login/,0.000000,0.000000,750,750,750,750,750,750,750,750,750,750,750,27,0,500,647.5555555555555,114,2490,10067.111111111111
1637164601,1,GET,/auth/logout/,0.000000,0.000000,190,190,190,190,190,190,190,190,190,190,190,27,0,170,278.6296296296296,10,2509,1712.0
1637164601,1,POST,/auth/modify-friend/,0.500000,0.000000,280,280,350,350,350,350,350,350,350,350,350,120,0,180,245.46666666666667,48,4340,1713.0
1637164601,1,GET,/public/,0.400000,0.000000,290,290,560,560,560,560,560,560,560,560,560,120,0,240,280.94166666666666,79,901,10227.3
1637164601,1,,Aggregated,2.300000,0.000000,280,340,360,420,560,600,2500,2500,2500,2500,2500,694,0,220,286.30547550432277,10,4340,5531.128242074928
1637164602,1,GET,/,0.500000,0.000000,330,370,2500,2500,3400,3400,3400,3400,3400,3400,3400,141,0,220,334.65248226950354,79,3450,10198.347517730497
1637164602,1,POST,/,0.000000,0.000000,0,0,0,0,0,0,0,0,0,0,0,19,0,400,488.36842105263156,190,1345,9640.105263157895
1637164602,1,GET,/auth/find-friends/,0.800000,0.000000,420,420,550,550,600,600,600,600,600,600,600,240,0,200,225.90833333333333,36,1263,1974.0
1637164602,1,GET,/auth/login/,0.000000,0.000000,0,0,0,0,0,0,0,0,0,0,0,1,0,208,208.0,208,208,2961.0
1637164602,1,POST,/auth/login/,0.000000,0.000000,750,750,750,750,750,750,750,750,750,750,750,28,0,450,638.3214285714286,114,2490,10068.785714285714
1637164602,1,GET,/auth/logout/,0.000000,0.000000,190,190,190,190,190,190,190,190,190,190,190,27,0,170,278.6296296296296,10,2509,1712.0
1637164602,1,POST,/auth/modify-friend/,0.400000,0.000000,280,280,350,350,350,350,350,350,350,350,350,120,0,180,245.46666666666667,48,4340,1713.0
1637164602,1,GET,/public/,0.400000,0.000000,290,290,560,560,560,560,560,560,560,560,560,120,0,240,280.94166666666666,79,901,10227.3
1637164602,1,,Aggregated,2.100000,0.000000,330,370,420,550,600,2500,2500,2500,2500,2500,2500,696,0,220,286.57471264367814,10,4340,5544.30459770115
1637164603,1,GET,/,0.600000,0.000000,330,330,370,370,2500,2500,2500,2500,2500,2500,2500,142,0,220,333.32394366197184,79,3450,10198.06338028169
1637164603,1,POST,/,0.000000,0.000000,330,330,330,330,330,330,330,330,330,330,330,20,0,370,480.65,190,1345,9673.8
1637164603,1,GET,/auth/find-friends/,0.800000,0.000000,340,420,550,550,600,600,600,600,600,600,600,242,0,190,224.9917355371901,36,1263,1974.0
1637164603,1,GET,/auth/login/,0.000000,0.000000,0,0,0,0,0,0,0,0,0,0,0,1,0,208,208.0,208,208,2961.0
1637164603,1,POST,/auth/login/,0.000000,0.000000,390,390,390,390,390,390,390,390,390,390,390,28,0,450,638.3214285714286,114,2490,10068.785714285714
1637164603,1,GET,/auth/logout/,0.100000,0.000000,190,190,190,190,190,190,190,190,190,190,190,27,0,170,278.6296296296296,10,2509,1712.0
1637164603,1,POST,/auth/modify-friend/,0.400000,0.000000,220,220,280,280,280,280,280,280,280,280,280,121,0,180,244.0,48,4340,1713.0
1637164603,1,GET,/public/,0.400000,0.000000,200,200,560,560,560,560,560,560,560,560,560,121,0,240,280.0330578512397,79,901,10227.322314049587
1637164603,1,,Aggregated,2.300000,0.000000,220,340,390,420,560,600,2500,2500,2500,2500,2500,702,0,220,285.47720797720797,10,4340,5548.716524216524
1637164604,1,GET,/,0.400000,0.000000,210,220,330,370,2500,2500,2500,2500,2500,2500,2500,146,0,220,328.527397260274,79,3450,10206.698630136987
1637164604,1,POST,/,0.000000,0.000000,330,330,330,330,330,330,330,330,330,330,330,20,0,370,480.65,190,1345,9673.8
1637164604,1,GET,/auth/find-friends/,0.800000,0.000000,340,340,420,420,600,600,600,600,600,600,600,242,0,190,224.9917355371901,36,1263,1974.0
1637164604,1,GET,/auth/login/,0.000000,0.000000,0,0,0,0,0,0,0,0,0,0,0,1,0,208,208.0,208,208,2961.0
1637164604,1,POST,/auth/login/,0.100000,0.000000,390,390,390,390,390,390,390,390,390,390,390,28,0,450,638.3214285714286,114,2490,10068.785714285714
1637164604,1,GET,/auth/logout/,0.100000,0.000000,190,190,190,190,190,190,190,190,190,190,190,28,0,140,272.35714285714283,10,2509,1712.0
1637164604,1,POST,/auth/modify-friend/,0.400000,0.000000,190,190,220,220,220,220,220,220,220,220,220,121,0,180,244.0,48,4340,1713.0
1637164604,1,GET,/public/,0.400000,0.000000,200,200,560,560,560,560,560,560,560,560,560,121,0,240,280.0330578512397,79,901,10227.322314049587
1637164604,1,,Aggregated,2.200000,0.000000,190,220,330,370,420,600,2500,2500,2500,2500,2500,707,0,210,284.4992927864215,10,4340,5571.377652050919
1637164605,1,GET,/,0.600000,0.000000,210,220,330,370,2500,2500,2500,2500,2500,2500,2500,146,0,220,328.527397260274,79,3450,10206.698630136987
1637164605,1,POST,/,0.100000,0.000000,330,330,330,330,330,330,330,330,330,330,330,20,0,370,480.65,190,1345,9673.8
1637164605,1,GET,/auth/find-friends/,0.600000,0.000000,340,340,420,420,600,600,600,600,600,600,600,242,0,190,224.9917355371901,36,1263,1974.0
1637164605,1,GET,/auth/login/,0.000000,0.000000,0,0,0,0,0,0,0,0,0,0,0,1,0,208,208.0,208,208,2961.0
1637164605,1,POST,/auth/login/,0.100000,0.000000,390,390,390,390,390,390,390,390,390,390,390,29,0,450,625.1724137931035,114,2490,10090.48275862069
1637164605,1,GET,/auth/logout/,0.100000,0.000000,190,190,190,190,190,190,190,190,190,190,190,28,0,140,272.35714285714283,10,2509,1712.0
1637164605,1,POST,/auth/modify-friend/,0.300000,0.000000,190,190,220,220,220,220,220,220,220,220,220,121,0,180,244.0,48,4340,1713.0
1637164605,1,GET,/public/,0.400000,0.000000,200,200,200,200,200,200,200,200,200,200,200,121,0,240,280.0330578512397,79,901,10227.322314049587
1637164605,1,,Aggregated,2.200000,0.000000,190,220,330,330,390,600,2500,2500,2500,2500,2500,708,0,210,284.46045197740114,10,4340,5578.618644067797
1637164606,1,GET,/,1.000000,0.000000,220,300,370,370,480,2500,2500,2500,2500,2500,2500,148,0,220,329.3378378378378,79,3450,10213.358108108108
1637164606,1,POST,/,0.100000,0.000000,330,330,330,330,330,330,330,330,330,330,330,20,0,370,480.65,190,1345,9673.8
1637164606,1,GET,/auth/find-friends/,0.700000,0.000000,160,160,600,600,600,600,600,600,600,600,600,242,0,190,224.9917355371901,36,1263,1974.0
1637164606,1,GET,/auth/login/,0.000000,0.000000,0,0,0,0,0,0,0,0,0,0,0,1,0,208,208.0,208,208,2961.0
1637164606,1,POST,/auth/login/,0.100000,0.000000,390,390,390,390,390,390,390,390,390,390,390,29,0,450,625.1724137931035,114,2490,10090.48275862069
1637164606,1,GET,/auth/logout/,0.100000,0.000000,190,190,190,190,190,190,190,190,190,190,190,28,0,140,272.35714285714283,10,2509,1712.0
1637164606,1,POST,/auth/modify-friend/,0.400000,0.000000,190,190,190,190,190,190,190,190,190,190,190,121,0,180,244.0,48,4340,1713.0
1637164606,1,GET,/public/,0.300000,0.000000,200,200,200,200,200,200,200,200,200,200,200,121,0,240,280.0330578512397,79,901,10227.322314049587
1637164606,1,,Aggregated,2.700000,0.000000,180,260,330,370,480,600,2500,2500,2500,2500,2500,710,0,220,284.7535211267606,10,4340,5593.043661971831
1637164607,1,GET,/,1.000000,0.000000,220,300,370,370,480,2500,2500,2500,2500,2500,2500,148,0,220,329.3378378378378,79,3450,10213.358108108108
1637164607,1,POST,/,0.100000,0.000000,330,330,330,330,330,330,330,330,330,330,330,20,0,370,480.65,190,1345,9673.8
1637164607,1,GET,/auth/find-friends/,0.600000,0.000000,310,310,470,470,600,600,600,600,600,600,600,244,0,200,226.3237704918033,36,1263,1974.0
1637164607,1,GET,/auth/login/,0.000000,0.000000,0,0,0,0,0,0,0,0,0,0,0,1,0,208,208.0,208,208,2961.0
1637164607,1,POST,/auth/login/,0.100000,0.000000,390,390,390,390,390,390,390,390,390,390,390,29,0,450,625.1724137931035,114,2490,10090.48275862069
1637164607,1,GET,/auth/logout/,0.200000,0.000000,190,190,190,190,190,190,190,190,190,190,190,28,0,140,272.35714285714283,10,2509,1712.0
1637164607,1,POST,/auth/modify-friend/,0.300000,0.000000,190,190,190,190,190,190,190,190,190,190,190,121,0,180,244.0,48,4340,1713.0
1637164607,1,GET,/public/,0.200000,0.000000,200,200,450,450,450,450,450,450,450,450,450,122,0,240,281.44262295081967,79,901,10227.926229508197
1637164607,1,,Aggregated,2.500000,0.000000,190,310,390,450,480,600,2500,2500,2500,2500,2500,713,0,220,285.27629733520337,10,4340,5589.495091164095
1637164608,1,GET,/,1.100000,0.000000,180,300,370,480,2500,2500,2500,2500,2500,2500,2500,148,0,220,329.3378378378378,79,3450,10213.358108108108
1637164608,1,POST,/,0.100000,0.000000,330,330,330,330,330,330,330,330,330,330,330,20,0,370,480.65,190,1345,9673.8
1637164608,1,GET,/auth/find-friends/,0.400000,0.000000,310,470,550,550,600,600,600,600,600,600,600,245,0,200,227.62857142857143,36,1263,1974.0
1637164608,1,GET,/auth/login/,0.000000,0.000000,0,0,0,0,0,0,0,0,0,0,0,1,0,208,208.0,208,208,2961.0
1637164608,1,POST,/auth/login/,0.200000,0.000000,390,390,390,390,390,390,390,390,390,390,390,29,0,450,625.1724137931035,114,2490,10090.48275862069
1637164608,1,GET,/auth/logout/,0.200000,0.000000,190,190,190,190,190,190,190,190,190,190,190,28,0,140,272.35714285714283,10,2509,1712.0
1637164608,1,POST,/auth/modify-friend/,0.200000,0.000000,190,190,230,230,230,230,230,230,230,230,230,122,0,180,243.90983606557376,48,4340,1713.0
1637164608,1,GET,/public/,0.200000,0.000000,340,340,450,450,450,450,450,450,450,450,450,123,0,240,281.9105691056911,79,901,10227.439024390244
1637164608,1,,Aggregated,2.400000,0.000000,260,330,390,450,480,550,2500,2500,2500,2500,2500,716,0,220,285.64245810055866,10,4340,5585.425977653631
1637164609,1,GET,/,0.900000,0.000000,180,300,370,480,2500,2500,2500,2500,2500,2500,2500,148,0,220,329.3378378378378,79,3450,10213.358108108108
1637164609,1,POST,/,0.100000,0.000000,330,330,330,330,330,330,330,330,330,330,330,20,0,370,480.65,190,1345,9673.8
1637164609,1,GET,/auth/find-friends/,0.400000,0.000000,350,470,550,550,600,600,600,600,600,600,600,246,0,200,228.1382113821138,36,1263,1974.0
1637164609,1,GET,/auth/login/,0.000000,0.000000,0,0,0,0,0,0,0,0,0,0,0,1,0,208,208.0,208,208,2961.0
1637164609,1,POST,/auth/login/,0.200000,0.000000,390,390,390,390,390,390,390,390,390,390,390,29,0,450,625.1724137931035,114,2490,10090.48275862069
1637164609,1,GET,/auth/logout/,0.200000,0.000000,190,190,330,330,330,330,330,330,330,330,330,29,0,170,274.3103448275862,10,2509,1712.0
1637164609,1,POST,/auth/modify-friend/,0.200000,0.000000,230,230,310,310,310,310,310,310,310,310,310,123,0,180,244.41463414634146,48,4340,1713.0
1637164609,1,GET,/public/,0.200000,0.000000,340,340,450,450,450,450,450,450,450,450,450,123,0,240,281.9105691056911,79,901,10227.439024390244
1637164609,1,,Aggregated,2.200000,0.000000,300,330,370,390,480,550,2500,2500,2500,2500,2500,719,0,220,285.8247566063978,10,4340,5569.6300417246175
1637164610,1,GET,/,0.900000,0.000000,180,300,370,480,2500,2500,2500,2500,2500,2500,2500,148,0,220,329.3378378378378,79,3450,10213.358108108108
1637164610,1,POST,/,0.100000,0.000000,330,330,330,330,330,330,330,330,330,330,330,20,0,370,480.65,190,1345,9673.8
1637164610,1,GET,/auth/find-friends/,0.400000,0.000000,350,350,470,470,550,550,550,550,550,550,550,246,0,200,228.1382113821138,36,1263,1974.0
1637164610,1,GET,/auth/login/,0.000000,0.000000,0,0,0,0,0,0,0,0,0,0,0,1,0,208,208.0,208,208,2961.0
1637164610,1,POST,/auth/login/,0.200000,0.000000,390,390,390,390,390,390,390,390,390,390,390,29,0,450,625.1724137931035,114,2490,10090.48275862069
1637164610,1,GET,/auth/logout/,0.200000,0.000000,190,190,330,330,330,330,330,330,330,330,330,29,0,170,274.3103448275862,10,2509,1712.0
1637164610,1,POST,/auth/modify-friend/,0.200000,0.000000,230,230,310,310,310,310,310,310,310,310,310,123,0,180,244.41463414634146,48,4340,1713.0
1637164610,1,GET,/public/,0.200000,0.000000,340,340,450,450,450,450,450,450,450,450,450,123,0,240,281.9105691056911,79,901,10227.439024390244
1637164610,1,,Aggregated,2.200000,0.000000,300,330,350,390,470,480,550,550,550,550,550,719,0,220,285.8247566063978,10,4340,5569.6300417246175
1637164611,1,GET,/,0.900000,0.000000,180,300,370,370,480,480,480,480,480,480,480,148,0,220,329.3378378378378,79,3450,10213.358108108108
1637164611,1,POST,/,0.100000,0.000000,330,330,330,330,330,330,330,330,330,330,330,20,0,370,480.65,190,1345,9673.8
1637164611,1,GET,/auth/find-friends/,0.600000,0.000000,310,350,470,470,550,550,550,550,550,550,550,247,0,200,228.25506072874495,36,1263,1974.0
1637164611,1,GET,/auth/login/,0.000000,0.000000,0,0,0,0,0,0,0,0,0,0,0,1,0,208,208.0,208,208,2961.0
1637164611,1,POST,/auth/login/,0.200000,0.000000,390,390,390,390,390,390,390,390,390,390,390,30,0,420,617.4666666666667,114,2490,10099.933333333332
1637164611,1,GET,/auth/logout/,0.200000,0.000000,190,190,330,330,330,330,330,330,330,330,330,29,0,170,274.3103448275862,10,2509,1712.0
1637164611,1,POST,/auth/modify-friend/,0.200000,0.000000,230,230,310,310,310,310,310,310,310,310,310,123,0,180,244.41463414634146,48,4340,1713.0
1637164611,1,GET,/public/,0.300000,0.000000,340,340,450,450,450,450,450,450,450,450,450,124,0,240,282.0403225806452,79,901,10226.266129032258
1637164611,1,,Aggregated,2.500000,0.000000,300,330,350,370,470,480,550,550,550,550,550,722,0,220,285.9515235457064,10,4340,5577.554016620498
1637164612,1,GET,/,0.900000,0.000000,180,260,300,300,480,480,480,480,480,480,480,149,0,220,328.8590604026846,79,3450,10215.21476510067
1637164612,1,POST,/,0.100000,0.000000,330,330,330,330,330,330,330,330,330,330,330,20,0,370,480.65,190,1345,9673.8
1637164612,1,GET,/auth/find-friends/,0.600000,0.000000,350,380,470,470,550,550,550,550,550,550,550,248,0,200,228.86693548387098,36,1263,1974.0
1637164612,1,GET,/auth/login/,0.000000,0.000000,0,0,0,0,0,0,0,0,0,0,0,1,0,208,208.0,208,208,2961.0
1637164612,1,POST,/auth/login/,0.200000,0.000000,390,390,390,390,390,390,390,390,390,390,390,30,0,420,617.4666666666667,114,2490,10099.933333333332
1637164612,1,GET,/auth/logout/,0.300000,0.000000,330,330,330,330,330,330,330,330,330,330,330,29,0,170,274.3103448275862,10,2509,1712.0
1637164612,1,POST,/auth/modify-friend/,0.300000,0.000000,260,260,310,310,310,310,310,310,310,310,310,124,0,180,244.53225806451613,48,4340,1713.0
1637164612,1,GET,/public/,0.300000,0.000000,300,340,340,450,450,450,450,450,450,450,450,125,0,240,281.512,79,901,10225.904
1637164612,1,,Aggregated,2.700000,0.000000,260,310,350,380,470,480,550,550,550,550,550,726,0,220,285.90909090909093,10,4340,5580.3746556473825
1637164613,1,GET,/,0.800000,0.000000,180,260,300,300,480,480,480,480,480,480,480,149,0,220,328.8590604026846,79,3450,10215.21476510067
1637164613,1,POST,/,0.100000,0.000000,330,330,330,330,330,330,330,330,330,330,330,20,0,370,480.65,190,1345,9673.8
1637164613,1,GET,/auth/find-friends/,0.600000,0.000000,340,350,380,470,550,550,550,550,550,550,550,250,0,200,228.928,36,1263,1974.0
1637164613,1,GET,/auth/login/,0.000000,0.000000,0,0,0,0,0,0,0,0,0,0,0,1,0,208,208.0,208,208,2961.0
1637164613,1,POST,/auth/login/,0.300000,0.000000,390,390,390,390,390,390,390,390,390,390,390,30,0,420,617.4666666666667,114,2490,10099.933333333332
1637164613,1,GET,/auth/logout/,0.200000,0.000000,330,330,330,330,330,330,330,330,330,330,330,29,0,170,274.3103448275862,10,2509,1712.0
1637164613,1,POST,/auth/modify-friend/,0.300000,0.000000,260,310,310,440,440,440,440,440,440,440,440,125,0,190,246.136,48,4340,1713.0
1637164613,1,GET,/public/,0.300000,0.000000,300,340,340,450,450,450,450,450,450,450,450,125,0,240,281.512,79,901,10225.904
1637164613,1,,Aggregated,2.600000,0.000000,310,350,390,440,470,480,550,550,550,550,550,729,0,220,285.9917695473251,10,4340,5565.175582990398
1637164614,1,GET,/,0.800000,0.000000,300,300,480,480,480,480,480,480,480,480,480,149,0,220,328.8590604026846,79,3450,10215.21476510067
1637164614,1,POST,/,0.100000,0.000000,330,330,330,330,330,330,330,330,330,330,330,20,0,370,480.65,190,1345,9673.8
1637164614,1,GET,/auth/find-friends/,0.800000,0.000000,350,380,440,440,470,550,550,550,550,550,550,252,0,200,230.61904761904762,36,1263,1974.0
1637164614,1,GET,/auth/login/,0.000000,0.000000,0,0,0,0,0,0,0,0,0,0,0,1,0,208,208.0,208,208,2961.0
1637164614,1,POST,/auth/login/,0.200000,0.000000,390,390,390,390,390,390,390,390,390,390,390,30,0,420,617.4666666666667,114,2490,10099.933333333332
1637164614,1,GET,/auth/logout/,0.200000,0.000000,330,330,330,330,330,330,330,330,330,330,330,29,0,170,274.3103448275862,10,2509,1712.0
1637164614,1,POST,/auth/modify-friend/,0.300000,0.000000,260,310,310,440,440,440,440,440,440,440,440,125,0,190,246.136,48,4340,1713.0
1637164614,1,GET,/public/,0.400000,0.000000,320,340,340,450,450,450,450,450,450,450,450,126,0,240,281.8412698412698,79,901,10226.142857142857
1637164614,1,,Aggregated,2.800000,0.000000,330,380,440,440,470,480,550,550,550,550,550,732,0,220,286.46857923497265,10,4340,5561.771857923497
1637164615,1,GET,/,0.700000,0.000000,300,300,390,390,390,390,390,390,390,390,390,150,0,220,329.24666666666667,79,3450,10217.266666666666
1637164615,1,POST,/,0.000000,0.000000,330,330,330,330,330,330,330,330,330,330,330,20,0,370,480.65,190,1345,9673.8
1637164615,1,GET,/auth/find-friends/,0.900000,0.000000,380,440,440,470,550,550,550,550,550,550,550,252,0,200,230.61904761904762,36,1263,1974.0
1637164615,1,GET,/auth/login/,0.000000,0.000000,0,0,0,0,0,0,0,0,0,0,0,1,0,208,208.0,208,208,2961.0
1637164615,1,POST,/auth/login/,0.200000,0.000000,390,390,390,390,390,390,390,390,390,390,390,30,0,420,617.4666666666667,114,2490,10099.933333333332
1637164615,1,GET,/auth/logout/,0.200000,0.000000,330,330,330,330,330,330,330,330,330,330,330,29,0,170,274.3103448275862,10,2509,1712.0
1637164615,1,POST,/auth/modify-friend/,0.400000,0.000000,310,310,310,440,440,440,440,440,440,440,440,126,0,190,246.61904761904762,48,4340,1713.0
1637164615,1,GET,/public/,0.400000,0.000000,320,340,340,450,450,450,450,450,450,450,450,126,0,240,281.8412698412698,79,901,10226.142857142857
1637164615,1,,Aggregated,2.800000,0.000000,330,380,390,440,450,470,550,550,550,550,550,734,0,220,286.63351498637604,10,4340,5563.287465940054
1637164616,1,GET,/,0.300000,0.000000,300,300,390,390,390,390,390,390,390,390,390,150,0,220,329.24666666666667,79,3450,10217.266666666666
1637164616,1,POST,/,0.000000,0.000000,630,630,630,630,630,630,630,630,630,630,630,21,0,400,487.85714285714283,190,1345,9719.666666666666
1637164616,1,GET,/auth/find-friends/,0.800000,0.000000,350,380,440,440,470,550,550,550,550,550,550,254,0,200,230.79527559055117,36,1263,1974.0
1637164616,1,GET,/auth/login/,0.000000,0.000000,0,0,0,0,0,0,0,0,0,0,0,1,0,208,208.0,208,208,2961.0
1637164616,1,POST,/auth/login/,0.200000,0.000000,390,390,390,390,390,390,390,390,390,390,390,30,0,420,617.4666666666667,114,2490,10099.933333333332
1637164616,1,GET,/auth/logout/,0.200000,0.000000,330,330,330,330,330,330,330,330,330,330,330,29,0,170,274.3103448275862,10,2509,1712.0
1637164616,1,POST,/auth/modify-friend/,0.400000,0.000000,310,310,310,440,440,440,440,440,440,440,440,126,0,190,246.61904761904762,48,4340,1713.0
1637164616,1,GET,/public/,0.500000,0.000000,300,320,320,340,340,340,340,340,340,340,340,127,0,240,281.15748031496065,79,901,10228.417322834646
1637164616,1,,Aggregated,2.400000,0.000000,320,350,390,440,470,550,630,630,630,630,630,738,0,220,286.8861788617886,10,4340,5567.1449864498645
1637164617,1,GET,/,0.300000,0.000000,300,300,390,390,390,390,390,390,390,390,390,151,0,220,328.4370860927152,79,3450,10220.543046357616
1637164617,1,POST,/,0.000000,0.000000,630,630,630,630,630,630,630,630,630,630,630,21,0,400,487.85714285714283,190,1345,9719.666666666666
1637164617,1,GET,/auth/find-friends/,1.000000,0.000000,340,350,440,440,440,550,550,550,550,550,550,256,0,200,229.43359375,36,1263,1974.0
1637164617,1,GET,/auth/login/,0.000000,0.000000,0,0,0,0,0,0,0,0,0,0,0,1,0,208,208.0,208,208,2961.0
1637164617,1,POST,/auth/login/,0.200000,0.000000,390,390,390,390,390,390,390,390,390,390,390,30,0,420,617.4666666666667,114,2490,10099.933333333332
1637164617,1,GET,/auth/logout/,0.100000,0.000000,330,330,330,330,330,330,330,330,330,330,330,29,0,170,274.3103448275862,10,2509,1712.0
1637164617,1,POST,/auth/modify-friend/,0.400000,0.000000,310,310,310,310,440,440,440,440,440,440,440,128,0,190,245.921875,48,4340,1713.0
1637164617,1,GET,/public/,0.500000,0.000000,300,300,320,320,340,340,340,340,340,340,340,128,0,240,280.8046875,79,901,10230.7890625
1637164617,1,,Aggregated,2.500000,0.000000,310,340,380,390,440,550,630,630,630,630,630,744,0,220,285.86290322580646,10,4340,5560.7137096774195
1637164618,1,GET,/,0.300000,0.000000,300,300,390,390,390,390,390,390,390,390,390,151,0,220,328.4370860927152,79,3450,10220.543046357616
1637164618,1,POST,/,0.000000,0.000000,460,460,630,630,630,630,630,630,630,630,630,22,0,400,486.45454545454544,190,1345,9763.59090909091
1637164618,1,GET,/auth/find-friends/,1.000000,0.000000,300,350,380,440,440,550,550,550,550,550,550,257,0,200,229.69649805447472,36,1263,1974.0
1637164618,1,GET,/auth/login/,0.000000,0.000000,0,0,0,0,0,0,0,0,0,0,0,1,0,208,208.0,208,208,2961.0
1637164618,1,POST,/auth/login/,0.100000,0.000000,390,390,390,390,390,390,390,390,390,390,390,30,0,420,617.4666666666667,114,2490,10099.933333333332
1637164618,1,GET,/auth/logout/,0.100000,0.000000,330,330,330,330,330,330,330,330,330,330,330,29,0,170,274.3103448275862,10,2509,1712.0
1637164618,1,POST,/auth/modify-friend/,0.500000,0.000000,310,310,310,310,440,440,440,440,440,440,440,128,0,190,245.921875,48,4340,1713.0
1637164618,1,GET,/public/,0.500000,0.000000,240,300,320,320,340,340,340,340,340,340,340,129,0,240,279.968992248062,79,901,10231.67441860465
1637164618,1,,Aggregated,2.500000,0.000000,300,320,380,390,440,460,630,630,630,630,630,747,0,220,285.95582329317267,10,4340,5569.178045515395
1637164619,1,GET,/,0.200000,0.000000,260,260,390,390,390,390,390,390,390,390,390,151,0,220,328.4370860927152,79,3450,10220.543046357616
1637164619,1,POST,/,0.100000,0.000000,630,630,630,630,630,630,630,630,630,630,630,22,0,400,486.45454545454544,190,1345,9763.59090909091
1637164619,1,GET,/auth/find-friends/,1.200000,0.000000,300,340,410,410,440,440,440,440,440,440,440,258,0,200,230.4108527131783,36,1263,1974.0
1637164619,1,GET,/auth/login/,0.000000,0.000000,0,0,0,0,0,0,0,0,0,0,0,1,0,208,208.0,208,208,2961.0
1637164619,1,POST,/auth/login/,0.100000,0.000000,390,390,390,390,390,390,390,390,390,390,390,30,0,420,617.4666666666667,114,2490,10099.933333333332
1637164619,1,GET,/auth/logout/,0.100000,0.000000,330,330,330,330,330,330,330,330,330,330,330,29,0,170,274.3103448275862,10,2509,1712.0
1637164619,1,POST,/auth/modify-friend/,0.500000,0.000000,310,310,310,310,440,440,440,440,440,440,440,129,0,190,246.2248062015504,48,4340,1713.0
1637164619,1,GET,/public/,0.500000,0.000000,240,300,320,320,320,320,320,320,320,320,320,130,0,240,280.24615384615385,79,901,10230.969230769231
1637164619,1,,Aggregated,2.700000,0.000000,300,320,390,390,440,460,630,630,630,630,630,750,0,220,286.1653333333333,10,4340,5565.337333333333
1637164620,1,GET,/,0.300000,0.000000,260,260,390,390,390,390,390,390,390,390,390,151,0,220,328.4370860927152,79,3450,10220.543046357616
1637164620,1,POST,/,0.100000,0.000000,630,630,630,630,630,630,630,630,630,630,630,22,0,400,486.45454545454544,190,1345,9763.59090909091
1637164620,1,GET,/auth/find-friends/,1.200000,0.000000,340,380,410,440,440,700,700,700,700,700,700,260,0,200,232.66923076923078,36,1263,1974.0
1637164620,1,GET,/auth/login/,0.000000,0.000000,0,0,0,0,0,0,0,0,0,0,0,1,0,208,208.0,208,208,2961.0
1637164620,1,POST,/auth/login/,0.100000,0.000000,390,390,390,390,390,390,390,390,390,390,390,30,0,420,617.4666666666667,114,2490,10099.933333333332
1637164620,1,GET,/auth/logout/,0.100000,0.000000,330,330,330,330,330,330,330,330,330,330,330,29,0,170,274.3103448275862,10,2509,1712.0
1637164620,1,POST,/auth/modify-friend/,0.600000,0.000000,310,310,310,310,440,440,440,440,440,440,440,129,0,190,246.2248062015504,48,4340,1713.0
1637164620,1,GET,/public/,0.500000,0.000000,240,300,320,320,320,320,320,320,320,320,320,130,0,240,280.24615384615385,79,901,10230.969230769231
1637164620,1,,Aggregated,2.900000,0.000000,300,340,390,410,440,630,700,700,700,700,700,752,0,220,286.79787234042556,10,4340,5555.785904255319
1637164621,1,GET,/,0.300000,0.000000,260,260,390,390,390,390,390,390,390,390,390,151,0,220,328.4370860927152,79,3450,10220.543046357616
1637164621,1,POST,/,0.200000,0.000000,630,630,630,630,630,630,630,630,630,630,630,22,0,400,486.45454545454544,190,1345,9763.59090909091
1637164621,1,GET,/auth/find-friends/,1.100000,0.000000,340,340,440,440,440,700,700,700,700,700,700,260,0,200,232.66923076923078,36,1263,1974.0
1637164621,1,GET,/auth/login/,0.000000,0.000000,0,0,0,0,0,0,0,0,0,0,0,1,0,208,208.0,208,208,2961.0
1637164621,1,POST,/auth/login/,0.100000,0.000000,390,390,390,390,390,390,390,390,390,390,390,30,0,420,617.4666666666667,114,2490,10099.933333333332
1637164621,1,GET,/auth/logout/,0.100000,0.000000,330,330,330,330,330,330,330,330,330,330,330,29,0,170,274.3103448275862,10,2509,1712.0
1637164621,1,POST,/auth/modify-friend/,0.600000,0.000000,310,310,440,440,500,500,500,500,500,500,500,130,0,190,248.16923076923078,48,4340,1713.0
1637164621,1,GET,/public/,0.600000,0.000000,240,240,320,320,320,320,320,320,320,320,320,130,0,240,280.24615384615385,79,901,10230.969230769231
1637164621,1,,Aggregated,3.000000,0.000000,310,340,410,440,500,630,700,700,700,700,700,753,0,220,287.0796812749004,10,4340,5550.682602921646
1637164622,1,GET,/,0.300000,0.000000,260,260,390,390,390,390,390,390,390,390,390,151,0,220,328.4370860927152,79,3450,10220.543046357616
1637164622,1,POST,/,0.200000,0.000000,630,630,630,630,630,630,630,630,630,630,630,22,0,400,486.45454545454544,190,1345,9763.59090909091
1637164622,1,GET,/auth/find-friends/,1.200000,0.000000,340,360,410,440,440,700,700,700,700,700,700,262,0,200,233.3053435114504,36,1263,1974.0
1637164622,1,GET,/auth/login/,0.000000,0.000000,0,0,0,0,0,0,0,0,0,0,0,1,0,208,208.0,208,208,2961.0
1637164622,1,POST,/auth/login/,0.100000,0.000000,390,390,390,390,390,390,390,390,390,390,390,30,0,420,617.4666666666667,114,2490,10099.933333333332
1637164622,1,GET,/auth/logout/,0.000000,0.000000,330,330,330,330,330,330,330,330,330,330,330,29,0,170,274.3103448275862,10,2509,1712.0
1637164622,1,POST,/auth/modify-friend/,0.600000,0.000000,310,310,440,440,500,500,500,500,500,500,500,131,0,190,247.4351145038168,48,4340,1713.0
1637164622,1,GET,/public/,0.700000,0.000000,320,320,320,320,920,920,920,920,920,920,920,131,0,240,285.1145038167939,79,918,10229.625954198473
1637164622,1,,Aggregated,3.100000,0.000000,320,360,440,440,630,700,920,920,920,920,920,757,0,220,287.8110964332893,10,4340,5542.113606340819
1637164624,1,GET,/,0.300000,0.000000,260,390,390,420,420,420,420,420,420,420,420,154,0,220,327.96753246753246,79,3450,10221.98051948052
1637164624,1,POST,/,0.200000,0.000000,630,630,630,630,630,630,630,630,630,630,630,22,0,400,486.45454545454544,190,1345,9763.59090909091
1637164624,1,GET,/auth/find-friends/,1.400000,0.000000,340,360,440,440,440,700,700,700,700,700,700,262,0,200,233.3053435114504,36,1263,1974.0
1637164624,1,GET,/auth/login/,0.000000,0.000000,0,0,0,0,0,0,0,0,0,0,0,1,0,208,208.0,208,208,2961.0
1637164624,1,POST,/auth/login/,0.000000,0.000000,390,390,390,390,390,390,390,390,390,390,390,30,0,420,617.4666666666667,114,2490,10099.933333333332
1637164624,1,GET,/auth/logout/,0.000000,0.000000,330,330,330,330,330,330,330,330,330,330,330,29,0,170,274.3103448275862,10,2509,1712.0
1637164624,1,POST,/auth/modify-friend/,0.600000,0.000000,310,310,310,310,500,500,500,500,500,500,500,131,0,190,247.4351145038168,48,4340,1713.0
1637164624,1,GET,/public/,0.700000,0.000000,240,320,320,920,920,920,920,920,920,920,920,131,0,240,285.1145038167939,79,918,10229.625954198473
1637164624,1,,Aggregated,3.200000,0.000000,300,340,410,420,630,700,920,920,920,920,920,760,0,220,287.87631578947367,10,4340,5560.872368421053
1637164625,1,GET,/,0.300000,0.000000,260,390,390,420,420,420,420,420,420,420,420,154,0,220,327.96753246753246,79,3450,10221.98051948052
1637164625,1,POST,/,0.200000,0.000000,630,630,630,630,630,630,630,630,630,630,630,22,0,400,486.45454545454544,190,1345,9763.59090909091
1637164625,1,GET,/auth/find-friends/,1.200000,0.000000,300,340,360,410,700,700,700,700,700,700,700,262,0,200,233.3053435114504,36,1263,1974.0
1637164625,1,GET,/auth/login/,0.000000,0.000000,0,0,0,0,0,0,0,0,0,0,0,1,0,208,208.0,208,208,2961.0
1637164625,1,POST,/auth/login/,0.000000,0.000000,390,390,390,390,390,390,390,390,390,390,390,30,0,420,617.4666666666667,114,2490,10099.933333333332
1637164625,1,GET,/auth/logout/,0.000000,0.000000,350,350,350,350,350,350,350,350,350,350,350,30,0,170,276.8333333333333,10,2509,1712.0
1637164625,1,POST,/auth/modify-friend/,0.700000,0.000000,310,310,310,310,500,500,500,500,500,500,500,131,0,190,247.4351145038168,48,4340,1713.0
1637164625,1,GET,/public/,0.600000,0.000000,240,320,320,920,920,920,920,920,920,920,920,131,0,240,285.1145038167939,79,918,10229.625954198473
1637164625,1,,Aggregated,3.000000,0.000000,290,340,410,420,630,700,920,920,920,920,920,761,0,220,287.957950065703,10,4340,5555.814717477004
1637164626,1,GET,/,0.200000,0.000000,260,260,420,420,420,420,420,420,420,420,420,154,0,220,327.96753246753246,79,3450,10221.98051948052
1637164626,1,POST,/,0.200000,0.000000,630,630,630,630,630,630,630,630,630,630,630,22,0,400,486.45454545454544,190,1345,9763.59090909091
1637164626,1,GET,/auth/find-friends/,1.300000,0.000000,340,360,410,410,700,700,700,700,700,700,700,262,0,200,233.3053435114504,36,1263,1974.0
1637164626,1,GET,/auth/login/,0.000000,0.000000,0,0,0,0,0,0,0,0,0,0,0,1,0,208,208.0,208,208,2961.0
1637164626,1,POST,/auth/login/,0.000000,0.000000,390,390,390,390,390,390,390,390,390,390,390,31,0,420,608.9354838709677,114,2490,10100.90322580645
1637164626,1,GET,/auth/logout/,0.000000,0.000000,350,350,350,350,350,350,350,350,350,350,350,30,0,170,276.8333333333333,10,2509,1712.0
1637164626,1,POST,/auth/modify-friend/,0.700000,0.000000,280,310,310,500,500,500,500,500,500,500,500,131,0,190,247.4351145038168,48,4340,1713.0
1637164626,1,GET,/public/,0.600000,0.000000,320,320,920,920,920,920,920,920,920,920,920,131,0,240,285.1145038167939,79,918,10229.625954198473
1637164626,1,,Aggregated,3.000000,0.000000,310,350,410,420,500,700,920,920,920,920,920,762,0,220,288.04330708661416,10,4340,5561.817585301837
1637164627,1,GET,/,0.500000,0.000000,260,360,420,420,520,520,520,520,520,520,520,157,0,220,328.12738853503186,79,3450,10221.770700636942
1637164627,1,POST,/,0.200000,0.000000,460,460,460,460,460,460,460,460,460,460,460,23,0,400,481.30434782608694,190,1345,9782.695652173914
1637164627,1,GET,/auth/find-friends/,1.200000,0.000000,360,360,410,410,700,700,700,700,700,700,700,262,0,200,233.3053435114504,36,1263,1974.0
1637164627,1,GET,/auth/login/,0.000000,0.000000,0,0,0,0,0,0,0,0,0,0,0,1,0,208,208.0,208,208,2961.0
1637164627,1,POST,/auth/login/,0.000000,0.000000,350,350,350,350,350,350,350,350,350,350,350,31,0,420,608.9354838709677,114,2490,10100.90322580645
1637164627,1,GET,/auth/logout/,0.000000,0.000000,350,350,350,350,350,350,350,350,350,350,350,30,0,170,276.8333333333333,10,2509,1712.0
1637164627,1,POST,/auth/modify-friend/,0.600000,0.000000,280,310,310,500,500,500,500,500,500,500,500,131,0,190,247.4351145038168,48,4340,1713.0
1637164627,1,GET,/public/,0.500000,0.000000,320,320,920,920,920,920,920,920,920,920,920,131,0,240,285.1145038167939,79,918,10229.625954198473
1637164627,1,,Aggregated,3.000000,0.000000,350,370,420,460,520,700,920,920,920,920,920,766,0,220,288.3368146214099,10,4340,5586.084856396867
1637164628,1,GET,/,0.400000,0.000000,230,260,360,420,520,520,520,520,520,520,520,159,0,220,325.8490566037736,79,3450,10224.100628930817
1637164628,1,POST,/,0.200000,0.000000,460,460,460,460,460,460,460,460,460,460,460,23,0,400,481.30434782608694,190,1345,9782.695652173914
1637164628,1,GET,/auth/find-friends/,1.000000,0.000000,270,340,360,410,700,700,700,700,700,700,700,266,0,200,231.31954887218046,36,1263,1974.0
1637164628,1,GET,/auth/login/,0.000000,0.000000,0,0,0,0,0,0,0,0,0,0,0,1,0,208,208.0,208,208,2961.0
1637164628,1,POST,/auth/login/,0.100000,0.000000,350,350,350,350,350,350,350,350,350,350,350,31,0,420,608.9354838709677,114,2490,10100.90322580645
1637164628,1,GET,/auth/logout/,0.100000,0.000000,350,350,350,350,350,350,350,350,350,350,350,30,0,170,276.8333333333333,10,2509,1712.0
1637164628,1,POST,/auth/modify-friend/,0.500000,0.000000,280,280,500,500,500,500,500,500,500,500,500,132,0,190,246.4090909090909,48,4340,1713.0
1637164628,1,GET,/public/,0.500000,0.000000,320,320,920,920,920,920,920,920,920,920,920,133,0,240,282.90977443609023,79,918,10229.586466165414
1637164628,1,,Aggregated,2.800000,0.000000,280,350,370,410,520,700,920,920,920,920,920,775,0,220,286.3922580645161,10,4340,5586.861935483871
1637164629,1,GET,/,0.400000,0.000000,210,260,360,360,420,520,520,520,520,520,520,161,0,220,323.2857142857143,79,3450,10228.391304347826
1637164629,1,POST,/,0.200000,0.000000,460,460,460,460,460,460,460,460,460,460,460,23,0,400,481.30434782608694,190,1345,9782.695652173914
1637164629,1,GET,/auth/find-friends/,1.000000,0.000000,270,270,340,360,700,700,700,700,700,700,700,268,0,200,230.69402985074626,27,1263,1974.0
1637164629,1,GET,/auth/login/,0.000000,0.000000,0,0,0,0,0,0,0,0,0,0,0,1,0,208,208.0,208,208,2961.0
1637164629,1,POST,/auth/login/,0.100000,0.000000,350,350,350,350,350,350,350,350,350,350,350,31,0,420,608.9354838709677,114,2490,10100.90322580645
1637164629,1,GET,/auth/logout/,0.100000,0.000000,350,350,350,350,350,350,350,350,350,350,350,30,0,170,276.8333333333333,10,2509,1712.0
1637164629,1,POST,/auth/modify-friend/,0.500000,0.000000,160,160,280,280,500,500,500,500,500,500,500,134,0,180,244.33582089552237,48,4340,1713.0
1637164629,1,GET,/public/,0.500000,0.000000,180,320,320,920,920,920,920,920,920,920,920,134,0,240,281.84328358208955,79,918,10231.26119402985
1637164629,1,,Aggregated,2.800000,0.000000,180,340,360,360,500,700,920,920,920,920,920,782,0,220,284.96547314578004,10,4340,5586.681585677749
1637164630,1,GET,/,0.800000,0.000000,230,260,380,380,420,520,520,520,520,520,520,163,0,220,322.39877300613495,79,3450,10233.503067484662
1637164630,1,POST,/,0.200000,0.000000,370,370,460,460,460,460,460,460,460,460,460,24,0,370,468.9166666666667,184,1345,9817.875
1637164630,1,GET,/auth/find-friends/,0.800000,0.000000,150,270,340,340,360,700,700,700,700,700,700,270,0,200,229.5222222222222,27,1263,1974.0
1637164630,1,GET,/auth/login/,0.000000,0.000000,0,0,0,0,0,0,0,0,0,0,0,1,0,208,208.0,208,208,2961.0
1637164630,1,POST,/auth/login/,0.100000,0.000000,350,350,350,350,350,350,350,350,350,350,350,31,0,420,608.9354838709677,114,2490,10100.90322580645
1637164630,1,GET,/auth/logout/,0.100000,0.000000,350,350,350,350,350,350,350,350,350,350,350,30,0,170,276.8333333333333,10,2509,1712.0
1637164630,1,POST,/auth/modify-friend/,0.400000,0.000000,150,150,160,160,500,500,500,500,500,500,500,135,0,180,243.03703703703704,48,4340,1713.0
1637164630,1,GET,/public/,0.500000,0.000000,140,180,180,920,920,920,920,920,920,920,920,135,0,240,280.8074074074074,79,918,10232.585185185186
1637164630,1,,Aggregated,2.900000,0.000000,150,260,350,360,420,520,920,920,920,920,920,789,0,220,283.75792141951837,10,4340,5597.9378960709755
1637164631,1,GET,/,1.000000,0.000000,140,230,360,360,420,520,520,520,520,520,520,167,0,220,317.251497005988,79,3450,10242.79640718563
1637164631,1,POST,/,0.100000,0.000000,370,370,460,460,460,460,460,460,460,460,460,24,0,370,468.9166666666667,184,1345,9817.875
1637164631,1,GET,/auth/find-friends/,1.100000,0.000000,84,120,150,270,270,360,360,360,360,360,360,274,0,200,227.34671532846716,27,1263,1974.0
1637164631,1,GET,/auth/login/,0.000000,0.000000,0,0,0,0,0,0,0,0,0,0,0,1,0,208,208.0,208,208,2961.0
1637164631,1,POST,/auth/login/,0.100000,0.000000,350,350,350,350,350,350,350,350,350,350,350,31,0,420,608.9354838709677,114,2490,10100.90322580645
1637164631,1,GET,/auth/logout/,0.100000,0.000000,350,350,350,350,350,350,350,350,350,350,350,30,0,170,276.8333333333333,10,2509,1712.0
1637164631,1,POST,/auth/modify-friend/,0.600000,0.000000,89,110,150,150,160,160,160,160,160,160,160,137,0,180,240.44525547445255,42,4340,1713.0
1637164631,1,GET,/public/,0.500000,0.000000,140,160,180,180,920,920,920,920,920,920,920,137,0,240,278.51824817518246,79,918,10232.985401459853
1637164631,1,,Aggregated,3.500000,0.000000,140,160,260,270,370,420,920,920,920,920,920,801,0,220,280.9188514357054,10,4340,5606.867665418227
1637164632,1,GET,/,1.200000,0.000000,140,230,260,360,420,520,520,520,520,520,520,168,0,220,316.04761904761904,79,3450,10243.875
1637164632,1,POST,/,0.200000,0.000000,370,370,370,370,370,370,370,370,370,370,370,24,0,370,468.9166666666667,184,1345,9817.875
1637164632,1,GET,/auth/find-friends/,1.200000,0.000000,84,120,150,170,270,360,360,360,360,360,360,278,0,190,225.5179856115108,27,1263,1974.0
1637164632,1,GET,/auth/login/,0.000000,0.000000,0,0,0,0,0,0,0,0,0,0,0,1,0,208,208.0,208,208,2961.0
1637164632,1,POST,/auth/login/,0.100000,0.000000,350,350,350,350,350,350,350,350,350,350,350,31,0,420,608.9354838709677,114,2490,10100.90322580645
1637164632,1,GET,/auth/logout/,0.100000,0.000000,350,350,350,350,350,350,350,350,350,350,350,30,0,170,276.8333333333333,10,2509,1712.0
1637164632,1,POST,/auth/modify-friend/,0.500000,0.000000,88,89,110,150,160,160,160,160,160,160,160,139,0,180,238.23741007194243,42,4340,1713.0
1637164632,1,GET,/public/,0.500000,0.000000,140,140,160,180,920,920,920,920,920,920,920,139,0,240,275.9712230215827,79,918,10229.942446043166
1637164632,1,,Aggregated,3.800000,0.000000,120,140,160,180,350,380,420,520,520,520,520,810,0,210,278.9,10,4340,5596.16049382716
1637164633,1,GET,/,1.400000,0.000000,140,160,260,360,420,520,520,520,520,520,520,169,0,220,315.02366863905326,79,3450,10244.236686390532
1637164633,1,POST,/,0.200000,0.000000,370,370,370,370,370,370,370,370,370,370,370,24,0,370,468.9166666666667,184,1345,9817.875
1637164633,1,GET,/auth/find-friends/,1.400000,0.000000,83,120,150,170,270,270,360,360,360,360,360,282,0,190,223.56737588652481,24,1263,1974.0
1637164633,1,GET,/auth/login/,0.000000,0.000000,0,0,0,0,0,0,0,0,0,0,0,1,0,208,208.0,208,208,2961.0
1637164633,1,POST,/auth/login/,0.100000,0.000000,350,350,350,350,350,350,350,350,350,350,350,31,0,420,608.9354838709677,114,2490,10100.90322580645
1637164633,1,GET,/auth/logout/,0.100000,0.000000,350,350,350,350,350,350,350,350,350,350,350,30,0,170,276.8333333333333,10,2509,1712.0
1637164633,1,POST,/auth/modify-friend/,0.700000,0.000000,88,110,110,110,150,160,160,160,160,160,160,141,0,180,236.17730496453902,42,4340,1713.0
1637164633,1,GET,/public/,0.700000,0.000000,140,140,160,160,180,920,920,920,920,920,920,142,0,240,272.5422535211268,79,918,10222.661971830987
1637164633,1,,Aggregated,4.600000,0.000000,110,140,150,160,350,370,380,520,520,520,520,820,0,210,276.7451219512195,10,4340,5590.45487804878
1637164634,1,GET,/,1.600000,0.000000,140,140,160,360,380,520,520,520,520,520,520,169,0,220,315.02366863905326,79,3450,10244.236686390532
1637164634,1,POST,/,0.200000,0.000000,370,370,370,370,370,370,370,370,370,370,370,24,0,370,468.9166666666667,184,1345,9817.875
1637164634,1,GET,/auth/find-friends/,1.800000,0.000000,83,120,150,150,180,220,270,270,270,270,270,286,0,190,222.32517482517483,24,1263,1974.0
1637164634,1,GET,/auth/login/,0.000000,0.000000,0,0,0,0,0,0,0,0,0,0,0,1,0,208,208.0,208,208,2961.0
1637164634,1,POST,/auth/login/,0.100000,0.000000,350,350,350,350,350,350,350,350,350,350,350,31,0,420,608.9354838709677,114,2490,10100.90322580645
1637164634,1,GET,/auth/logout/,0.100000,0.000000,350,350,350,350,350,350,350,350,350,350,350,30,0,170,276.8333333333333,10,2509,1712.0
1637164634,1,POST,/auth/modify-friend/,0.800000,0.000000,88,89,110,110,120,160,160,160,160,160,160,143,0,180,234.2237762237762,42,4340,1713.0
1637164634,1,GET,/public/,0.900000,0.000000,140,140,160,160,160,180,180,180,180,180,180,143,0,240,271.72027972027973,79,918,10221.321678321678
1637164634,1,,Aggregated,5.500000,0.000000,120,140,150,160,220,360,380,520,520,520,520,827,0,210,275.4752116082225,10,4340,5568.955259975816
1637164635,1,GET,/,1.600000,0.000000,140,140,160,360,380,520,520,520,520,520,520,169,0,220,315.02366863905326,79,3450,10244.236686390532
1637164635,1,POST,/,0.200000,0.000000,370,370,370,370,370,370,370,370,370,370,370,24,0,370,468.9166666666667,184,1345,9817.875
1637164635,1,GET,/auth/find-friends/,1.800000,0.000000,83,120,150,150,180,220,270,270,270,270,270,288,0,180,221.29861111111111,24,1263,1974.0
1637164635,1,GET,/auth/login/,0.000000,0.000000,0,0,0,0,0,0,0,0,0,0,0,1,0,208,208.0,208,208,2961.0
1637164635,1,POST,/auth/login/,0.100000,0.000000,350,350,350,350,350,350,350,350,350,350,350,31,0,420,608.9354838709677,114,2490,10100.90322580645
1637164635,1,GET,/auth/logout/,0.100000,0.000000,350,350,350,350,350,350,350,350,350,350,350,31,0,170,268.64516129032256,10,2509,1712.0
1637164635,1,POST,/auth/modify-friend/,0.800000,0.000000,86,89,110,110,120,160,160,160,160,160,160,144,0,180,232.9375,42,4340,1713.0
1637164635,1,GET,/public/,0.900000,0.000000,140,150,160,160,180,200,200,200,200,200,200,144,0,230,271.1875,79,918,10220.243055555555
1637164635,1,,Aggregated,5.500000,0.000000,110,140,150,160,200,360,380,520,520,520,520,832,0,210,274.31971153846155,10,4340,5556.448317307692
1637164636,1,GET,/,1.600000,0.000000,140,140,140,140,160,380,380,380,380,380,380,169,0,220,315.02366863905326,79,3450,10244.236686390532
1637164636,1,POST,/,0.200000,0.000000,370,370,370,370,370,370,370,370,370,370,370,24,0,370,468.9166666666667,184,1345,9817.875
1637164636,1,GET,/auth/find-friends/,1.800000,0.000000,83,120,150,150,180,220,270,270,270,270,270,288,0,180,221.29861111111111,24,1263,1974.0
1637164636,1,GET,/auth/login/,0.000000,0.000000,0,0,0,0,0,0,0,0,0,0,0,1,0,208,208.0,208,208,2961.0
1637164636,1,POST,/auth/login/,0.100000,0.000000,350,350,350,350,350,350,350,350,350,350,350,31,0,420,608.9354838709677,114,2490,10100.90322580645
1637164636,1,GET,/auth/logout/,0.100000,0.000000,350,350,350,350,350,350,350,350,350,350,350,31,0,170,268.64516129032256,10,2509,1712.0
1637164636,1,POST,/auth/modify-friend/,0.800000,0.000000,86,89,110,110,120,160,160,160,160,160,160,144,0,180,232.9375,42,4340,1713.0
1637164636,1,GET,/public/,0.900000,0.000000,140,150,160,160,180,200,200,200,200,200,200,144,0,230,271.1875,79,918,10220.243055555555
1637164636,1,,Aggregated,5.500000,0.000000,110,140,150,150,180,200,270,380,380,380,380,832,0,210,274.31971153846155,10,4340,5556.448317307692
1637164637,1,GET,/,1.500000,0.000000,120,140,140,140,380,380,380,380,380,380,380,169,0,220,315.02366863905326,79,3450,10244.236686390532
1637164637,1,POST,/,0.200000,0.000000,180,180,180,180,180,180,180,180,180,180,180,24,0,370,468.9166666666667,184,1345,9817.875
1637164637,1,GET,/auth/find-friends/,2.600000,0.000000,83,120,150,150,180,220,270,270,270,270,270,288,0,180,221.29861111111111,24,1263,1974.0
1637164637,1,GET,/auth/login/,0.000000,0.000000,0,0,0,0,0,0,0,0,0,0,0,1,0,208,208.0,208,208,2961.0
1637164637,1,POST,/auth/login/,0.100000,0.000000,890,890,890,890,890,890,890,890,890,890,890,32,0,420,617.8125,114,2490,10106.8125
1637164637,1,GET,/auth/logout/,0.100000,0.000000,350,350,350,350,350,350,350,350,350,350,350,31,0,170,268.64516129032256,10,2509,1712.0
1637164637,1,POST,/auth/modify-friend/,1.300000,0.000000,86,88,110,110,120,160,160,160,160,160,160,144,0,180,232.9375,42,4340,1713.0
1637164637,1,GET,/public/,1.300000,0.000000,140,150,160,160,200,800,800,800,800,800,800,145,0,240,274.8,79,918,10220.655172413793
1637164637,1,,Aggregated,7.100000,0.000000,100,140,150,150,180,270,800,890,890,890,890,834,0,210,275.68585131894486,10,4340,5567.787769784172
1637164638,1,GET,/,1.500000,0.000000,120,140,140,140,380,380,380,380,380,380,380,169,0,220,315.02366863905326,79,3450,10244.236686390532
1637164638,1,POST,/,0.200000,0.000000,180,180,180,180,180,180,180,180,180,180,180,24,0,370,468.9166666666667,184,1345,9817.875
1637164638,1,GET,/auth/find-friends/,2.600000,0.000000,83,120,150,150,180,220,470,470,470,470,470,289,0,190,222.16608996539793,24,1263,1974.0
1637164638,1,GET,/auth/login/,0.000000,0.000000,0,0,0,0,0,0,0,0,0,0,0,1,0,208,208.0,208,208,2961.0
1637164638,1,POST,/auth/login/,0.100000,0.000000,890,890,890,890,890,890,890,890,890,890,890,32,0,420,617.8125,114,2490,10106.8125
1637164638,1,GET,/auth/logout/,0.100000,0.000000,350,350,350,350,350,350,350,350,350,350,350,31,0,170,268.64516129032256,10,2509,1712.0
1637164638,1,POST,/auth/modify-friend/,1.300000,0.000000,86,88,110,110,120,160,160,160,160,160,160,144,0,180,232.9375,42,4340,1713.0
1637164638,1,GET,/public/,1.300000,0.000000,140,160,160,160,200,800,800,800,800,800,800,145,0,240,274.8,79,918,10220.655172413793
1637164638,1,,Aggregated,7.100000,0.000000,110,120,150,160,200,470,800,890,890,890,890,835,0,210,275.9209580838323,10,4340,5563.48383233533
1637164639,1,GET,/,1.200000,0.000000,120,120,140,140,140,140,140,140,140,140,140,169,0,220,315.02366863905326,79,3450,10244.236686390532
1637164639,1,POST,/,0.100000,0.000000,180,180,180,180,180,180,180,180,180,180,180,24,0,370,468.9166666666667,184,1345,9817.875
1637164639,1,GET,/auth/find-friends/,2.600000,0.000000,120,150,170,180,470,940,940,940,940,940,940,290,0,190,224.64137931034483,24,1263,1974.0
1637164639,1,GET,/auth/login/,0.000000,0.000000,0,0,0,0,0,0,0,0,0,0,0,1,0,208,208.0,208,208,2961.0
1637164639,1,POST,/auth/login/,0.100000,0.000000,890,890,890,890,890,890,890,890,890,890,890,32,0,420,617.8125,114,2490,10106.8125
1637164639,1,GET,/auth/logout/,0.100000,0.000000,23,23,23,23,23,23,23,23,23,23,23,31,0,170,268.64516129032256,10,2509,1712.0
1637164639,1,POST,/auth/modify-friend/,1.300000,0.000000,86,89,110,110,120,540,540,540,540,540,540,145,0,180,235.05517241379312,42,4340,1713.0
1637164639,1,GET,/public/,1.300000,0.000000,150,160,160,200,800,800,800,800,800,800,800,145,0,240,274.8,79,918,10220.655172413793
1637164639,1,,Aggregated,6.700000,0.000000,110,140,150,160,470,800,940,940,940,940,940,837,0,210,277.0298685782557,10,4340,5554.594982078853
1637164640,1,GET,/,1.000000,0.000000,120,120,140,140,140,140,140,140,140,140,140,169,0,220,315.02366863905326,79,3450,10244.236686390532
1637164640,1,POST,/,0.100000,0.000000,180,180,180,180,180,180,180,180,180,180,180,24,0,370,468.9166666666667,184,1345,9817.875
1637164640,1,GET,/auth/find-friends/,2.500000,0.000000,150,170,180,220,480,940,940,940,940,940,940,291,0,190,225.5189003436426,24,1263,1974.0
1637164640,1,GET,/auth/login/,0.000000,0.000000,0,0,0,0,0,0,0,0,0,0,0,1,0,208,208.0,208,208,2961.0
1637164640,1,POST,/auth/login/,0.100000,0.000000,890,890,890,890,890,890,890,890,890,890,890,32,0,420,617.8125,114,2490,10106.8125
1637164640,1,GET,/auth/logout/,0.100000,0.000000,23,23,23,23,23,23,23,23,23,23,23,31,0,170,268.64516129032256,10,2509,1712.0
1637164640,1,POST,/auth/modify-friend/,1.200000,0.000000,86,88,110,120,540,540,540,540,540,540,540,145,0,180,235.05517241379312,42,4340,1713.0
1637164640,1,GET,/public/,1.200000,0.000000,150,160,200,660,800,800,800,800,800,800,800,146,0,240,277.472602739726,79,918,10222.123287671233
1637164640,1,,Aggregated,6.200000,0.000000,120,150,170,200,540,800,940,940,940,940,940,839,0,210,277.7342073897497,10,4340,5556.1442193087005
1637164641,1,GET,/,0.800000,0.000000,140,140,140,140,140,140,140,140,140,140,140,169,0,220,315.02366863905326,79,3450,10244.236686390532
1637164641,1,POST,/,0.100000,0.000000,180,180,180,180,180,180,180,180,180,180,180,24,0,370,468.9166666666667,184,1345,9817.875
1637164641,1,GET,/auth/find-friends/,2.200000,0.000000,150,220,470,480,550,940,940,940,940,940,940,292,0,190,226.6164383561644,24,1263,1974.0
1637164641,1,GET,/auth/login/,0.000000,0.000000,0,0,0,0,0,0,0,0,0,0,0,1,0,208,208.0,208,208,2961.0
1637164641,1,POST,/auth/login/,0.100000,0.000000,890,890,890,890,890,890,890,890,890,890,890,32,0,420,617.8125,114,2490,10106.8125
1637164641,1,GET,/auth/logout/,0.100000,0.000000,23,23,23,23,23,23,23,23,23,23,23,31,0,170,268.64516129032256,10,2509,1712.0
1637164641,1,POST,/auth/modify-friend/,1.000000,0.000000,110,120,530,530,540,540,540,540,540,540,540,146,0,180,237.07534246575344,42,4340,1713.0
1637164641,1,GET,/public/,1.100000,0.000000,160,200,660,660,800,800,800,800,800,800,800,146,0,240,277.472602739726,79,918,10222.123287671233
1637164641,1,,Aggregated,5.400000,0.000000,140,180,470,530,660,890,940,940,940,940,940,841,0,210,278.35315101070154,10,4340,5547.315101070155
1637164642,1,GET,/,0.600000,0.000000,140,140,140,140,140,140,140,140,140,140,140,169,0,220,315.02366863905326,79,3450,10244.236686390532
1637164642,1,POST,/,0.000000,0.000000,180,180,180,180,180,180,180,180,180,180,180,24,0,370,468.9166666666667,184,1345,9817.875
1637164642,1,GET,/auth/find-friends/,2.000000,0.000000,180,470,480,550,940,940,940,940,940,940,940,292,0,190,226.6164383561644,24,1263,1974.0
1637164642,1,GET,/auth/login/,0.000000,0.000000,0,0,0,0,0,0,0,0,0,0,0,1,0,208,208.0,208,208,2961.0
1637164642,1,POST,/auth/login/,0.100000,0.000000,890,890,890,890,890,890,890,890,890,890,890,32,0,420,617.8125,114,2490,10106.8125
1637164642,1,GET,/auth/logout/,0.100000,0.000000,23,23,23,23,23,23,23,23,23,23,23,31,0,170,268.64516129032256,10,2509,1712.0
1637164642,1,POST,/auth/modify-friend/,1.100000,0.000000,120,530,530,540,540,540,540,540,540,540,540,146,0,180,237.07534246575344,42,4340,1713.0
1637164642,1,GET,/public/,1.100000,0.000000,660,660,670,670,800,800,800,800,800,800,800,147,0,240,280.1292517006803,79,918,10224.619047619048
1637164642,1,,Aggregated,5.000000,0.000000,180,480,550,660,800,890,940,940,940,940,940,842,0,210,278.8159144893112,10,4340,5553.302850356295
1637164643,1,GET,/,0.400000,0.000000,140,140,140,140,140,140,140,140,140,140,140,169,0,220,315.02366863905326,79,3450,10244.236686390532
1637164643,1,POST,/,0.000000,0.000000,180,180,180,180,180,180,180,180,180,180,180,24,0,370,468.9166666666667,184,1345,9817.875
1637164643,1,GET,/auth/find-friends/,1.800000,0.000000,470,480,550,800,940,940,940,940,940,940,940,294,0,190,229.16666666666666,24,1263,1974.0
1637164643,1,GET,/auth/login/,0.000000,0.000000,0,0,0,0,0,0,0,0,0,0,0,1,0,208,208.0,208,208,2961.0
1637164643,1,POST,/auth/login/,0.100000,0.000000,890,890,890,890,890,890,890,890,890,890,890,32,0,420,617.8125,114,2490,10106.8125
1637164643,1,GET,/auth/logout/,0.100000,0.000000,23,23,23,23,23,23,23,23,23,23,23,31,0,170,268.64516129032256,10,2509,1712.0
1637164643,1,POST,/auth/modify-friend/,0.900000,0.000000,530,530,540,540,540,540,540,540,540,540,540,146,0,180,237.07534246575344,42,4340,1713.0
1637164643,1,GET,/public/,0.900000,0.000000,670,670,800,800,800,800,800,800,800,800,800,147,0,240,280.1292517006803,79,918,10224.619047619048
1637164643,1,,Aggregated,4.200000,0.000000,480,550,670,800,890,940,940,940,940,940,940,844,0,210,279.5805687203791,10,4340,5544.821090047393
1637164644,1,GET,/,0.200000,0.000000,140,140,140,140,140,140,140,140,140,140,140,169,0,220,315.02366863905326,79,3450,10244.236686390532
1637164644,1,POST,/,0.000000,0.000000,180,180,180,180,180,180,180,180,180,180,180,24,0,370,468.9166666666667,184,1345,9817.875
1637164644,1,GET,/auth/find-friends/,1.400000,0.000000,470,480,550,800,940,940,940,940,940,940,940,295,0,190,229.68474576271186,24,1263,1974.0
1637164644,1,GET,/auth/login/,0.000000,0.000000,0,0,0,0,0,0,0,0,0,0,0,1,0,208,208.0,208,208,2961.0
1637164644,1,POST,/auth/login/,0.100000,0.000000,890,890,890,890,890,890,890,890,890,890,890,32,0,420,617.8125,114,2490,10106.8125
1637164644,1,GET,/auth/logout/,0.100000,0.000000,23,23,23,23,23,23,23,23,23,23,23,31,0,170,268.64516129032256,10,2509,1712.0
1637164644,1,POST,/auth/modify-friend/,0.800000,0.000000,320,530,530,540,540,540,540,540,540,540,540,147,0,180,237.6734693877551,42,4340,1713.0
1637164644,1,GET,/public/,0.700000,0.000000,660,670,670,800,800,800,800,800,800,800,800,148,0,240,281.4189189189189,79,918,10223.445945945947
1637164644,1,,Aggregated,3.300000,0.000000,470,540,660,670,800,890,940,940,940,940,940,847,0,210,279.98110979929163,10,4340,5541.401416765053
1637164645,1,GET,/,0.100000,0.000000,140,140,140,140,140,140,140,140,140,140,140,169,0,220,315.02366863905326,79,3450,10244.236686390532
1637164645,1,POST,/,0.000000,0.000000,180,180,180,180,180,180,180,180,180,180,180,24,0,370,468.9166666666667,184,1345,9817.875
1637164645,1,GET,/auth/find-friends/,1.100000,0.000000,480,550,800,800,940,940,940,940,940,940,940,296,0,190,230.32094594594594,24,1263,1974.0
1637164645,1,GET,/auth/login/,0.000000,0.000000,0,0,0,0,0,0,0,0,0,0,0,1,0,208,208.0,208,208,2961.0
1637164645,1,POST,/auth/login/,0.100000,0.000000,890,890,890,890,890,890,890,890,890,890,890,32,0,420,617.8125,114,2490,10106.8125
1637164645,1,GET,/auth/logout/,0.100000,0.000000,23,23,23,23,23,23,23,23,23,23,23,31,0,170,268.64516129032256,10,2509,1712.0
1637164645,1,POST,/auth/modify-friend/,0.500000,0.000000,320,320,530,530,540,540,540,540,540,540,540,148,0,180,237.63513513513513,42,4340,1713.0
1637164645,1,GET,/public/,0.600000,0.000000,670,670,800,800,800,800,800,800,800,800,800,148,0,240,281.4189189189189,79,918,10223.445945945947
1637164645,1,,Aggregated,2.500000,0.000000,530,660,670,800,890,940,940,940,940,940,940,849,0,210,280.0871613663133,10,4340,5532.690223792697
1637164646,1,GET,/,0.100000,0.000000,510,510,510,510,510,510,510,510,510,510,510,170,0,220,316.1764705882353,79,3450,10244.123529411765
1637164646,1,POST,/,0.000000,0.000000,180,180,180,180,180,180,180,180,180,180,180,24,0,370,468.9166666666667,184,1345,9817.875
1637164646,1,GET,/auth/find-friends/,1.100000,0.000000,480,550,800,800,940,940,940,940,940,940,940,296,0,190,230.32094594594594,24,1263,1974.0
1637164646,1,GET,/auth/login/,0.000000,0.000000,0,0,0,0,0,0,0,0,0,0,0,1,0,208,208.0,208,208,2961.0
1637164646,1,POST,/auth/login/,0.100000,0.000000,890,890,890,890,890,890,890,890,890,890,890,32,0,420,617.8125,114,2490,10106.8125
1637164646,1,GET,/auth/logout/,0.100000,0.000000,23,23,23,23,23,23,23,23,23,23,23,31,0,170,268.64516129032256,10,2509,1712.0
1637164646,1,POST,/auth/modify-friend/,0.500000,0.000000,530,530,540,540,540,540,540,540,540,540,540,148,0,180,237.63513513513513,42,4340,1713.0
1637164646,1,GET,/public/,0.600000,0.000000,670,670,800,800,800,800,800,800,800,800,800,148,0,240,281.4189189189189,79,918,10223.445945945947
1637164646,1,,Aggregated,2.500000,0.000000,510,550,660,670,800,940,940,940,940,940,940,850,0,210,280.3588235294118,10,4340,5538.210588235294
1637164647,1,GET,/,0.000000,0.000000,510,510,510,510,510,510,510,510,510,510,510,170,0,220,316.1764705882353,79,3450,10244.123529411765
1637164647,1,POST,/,0.000000,0.000000,0,0,0,0,0,0,0,0,0,0,0,24,0,370,468.9166666666667,184,1345,9817.875
1637164647,1,GET,/auth/find-friends/,0.800000,0.000000,550,800,900,900,940,940,940,940,940,940,940,297,0,200,232.59259259259258,24,1263,1974.0
1637164647,1,GET,/auth/login/,0.000000,0.000000,0,0,0,0,0,0,0,0,0,0,0,1,0,208,208.0,208,208,2961.0
1637164647,1,POST,/auth/login/,0.100000,0.000000,890,890,890,890,890,890,890,890,890,890,890,32,0,420,617.8125,114,2490,10106.8125
1637164647,1,GET,/auth/logout/,0.000000,0.000000,23,23,23,23,23,23,23,23,23,23,23,31,0,170,268.64516129032256,10,2509,1712.0
1637164647,1,POST,/auth/modify-friend/,0.300000,0.000000,530,530,540,540,540,540,540,540,540,540,540,148,0,180,237.63513513513513,42,4340,1713.0
1637164647,1,GET,/public/,0.400000,0.000000,670,800,800,940,940,940,940,940,940,940,940,149,0,240,285.83892617449663,79,940,10223.127516778524
1637164647,1,,Aggregated,1.600000,0.000000,530,660,670,800,940,940,940,940,940,940,940,852,0,210,281.86619718309856,10,4340,5539.470657276996
1637164648,1,GET,/,0.100000,0.000000,300,300,510,510,510,510,510,510,510,510,510,171,0,220,316.05263157894734,79,3450,10244.087719298246
1637164648,1,POST,/,0.000000,0.000000,0,0,0,0,0,0,0,0,0,0,0,24,0,370,468.9166666666667,184,1345,9817.875
1637164648,1,GET,/auth/find-friends/,0.800000,0.000000,480,550,800,900,940,940,940,940,940,940,940,298,0,200,232.751677852349,24,1263,1974.0
1637164648,1,GET,/auth/login/,0.000000,0.000000,0,0,0,0,0,0,0,0,0,0,0,1,0,208,208.0,208,208,2961.0
1637164648,1,POST,/auth/login/,0.100000,0.000000,890,890,890,890,890,890,890,890,890,890,890,32,0,420,617.8125,114,2490,10106.8125
1637164648,1,GET,/auth/logout/,0.000000,0.000000,23,23,23,23,23,23,23,23,23,23,23,31,0,170,268.64516129032256,10,2509,1712.0
1637164648,1,POST,/auth/modify-friend/,0.400000,0.000000,320,530,530,540,540,540,540,540,540,540,540,149,0,180,237.68456375838926,42,4340,1713.0
1637164648,1,GET,/public/,0.400000,0.000000,670,670,940,940,940,940,940,940,940,940,940,149,0,240,285.83892617449663,79,940,10223.127516778524
1637164648,1,,Aggregated,1.800000,0.000000,480,540,660,670,900,940,940,940,940,940,940,855,0,220,281.8362573099415,10,4340,5536.320467836257
1637164649,1,GET,/,0.100000,0.000000,300,300,510,510,510,510,510,510,510,510,510,172,0,220,315.6279069767442,79,3450,10244.139534883721
1637164649,1,POST,/,0.000000,0.000000,0,0,0,0,0,0,0,0,0,0,0,24,0,370,468.9166666666667,184,1345,9817.875
1637164649,1,GET,/auth/find-friends/,0.800000,0.000000,420,480,550,800,900,900,900,900,900,900,900,300,0,200,232.43666666666667,24,1263,1974.0
1637164649,1,GET,/auth/login/,0.000000,0.000000,0,0,0,0,0,0,0,0,0,0,0,1,0,208,208.0,208,208,2961.0
1637164649,1,POST,/auth/login/,0.000000,0.000000,890,890,890,890,890,890,890,890,890,890,890,32,0,420,617.8125,114,2490,10106.8125
1637164649,1,GET,/auth/logout/,0.000000,0.000000,23,23,23,23,23,23,23,23,23,23,23,31,0,170,268.64516129032256,10,2509,1712.0
1637164649,1,POST,/auth/modify-friend/,0.400000,0.000000,320,320,530,530,540,540,540,540,540,540,540,150,0,180,237.15333333333334,42,4340,1713.0
1637164649,1,GET,/public/,0.500000,0.000000,660,670,670,940,940,940,940,940,940,940,940,150,0,240,286.16,79,940,10222.753333333334
1637164649,1,,Aggregated,1.800000,0.000000,410,480,530,550,800,900,940,940,940,940,940,860,0,220,281.48372093023255,10,4340,5534.459302325581
1637164650,1,GET,/,0.100000,0.000000,300,300,510,510,510,510,510,510,510,510,510,172,0,220,315.6279069767442,79,3450,10244.139534883721
1637164650,1,POST,/,0.000000,0.000000,0,0,0,0,0,0,0,0,0,0,0,24,0,370,468.9166666666667,184,1345,9817.875
1637164650,1,GET,/auth/find-friends/,0.900000,0.000000,410,420,550,550,800,900,900,900,900,900,900,302,0,200,232.43708609271522,24,1263,1974.0
1637164650,1,GET,/auth/login/,0.000000,0.000000,0,0,0,0,0,0,0,0,0,0,0,1,0,208,208.0,208,208,2961.0
1637164650,1,POST,/auth/login/,0.000000,0.000000,890,890,890,890,890,890,890,890,890,890,890,32,0,420,617.8125,114,2490,10106.8125
1637164650,1,GET,/auth/logout/,0.000000,0.000000,23,23,23,23,23,23,23,23,23,23,23,31,0,170,268.64516129032256,10,2509,1712.0
1637164650,1,POST,/auth/modify-friend/,0.400000,0.000000,250,250,320,320,530,530,530,530,530,530,530,151,0,180,237.2251655629139,42,4340,1713.0
1637164650,1,GET,/public/,0.400000,0.000000,470,670,670,940,940,940,940,940,940,940,940,151,0,240,286.1523178807947,79,940,10221.278145695363
1637164650,1,,Aggregated,1.800000,0.000000,320,410,510,530,800,900,940,940,940,940,940,864,0,220,281.33564814814815,10,4340,5526.962962962963
1637164651,1,GET,/,0.200000,0.000000,300,300,510,510,510,510,510,510,510,510,510,172,0,220,315.6279069767442,79,3450,10244.139534883721
1637164651,1,POST,/,0.000000,0.000000,0,0,0,0,0,0,0,0,0,0,0,24,0,370,468.9166666666667,184,1345,9817.875
1637164651,1,GET,/auth/find-friends/,0.900000,0.000000,360,380,420,420,800,900,900,900,900,900,900,304,0,200,233.23355263157896,24,1263,1974.0
1637164651,1,GET,/auth/login/,0.000000,0.000000,0,0,0,0,0,0,0,0,0,0,0,1,0,208,208.0,208,208,2961.0
1637164651,1,POST,/auth/login/,0.000000,0.000000,890,890,890,890,890,890,890,890,890,890,890,32,0,420,617.8125,114,2490,10106.8125
1637164651,1,GET,/auth/logout/,0.000000,0.000000,23,23,23,23,23,23,23,23,23,23,23,31,0,170,268.64516129032256,10,2509,1712.0
1637164651,1,POST,/auth/modify-friend/,0.500000,0.000000,250,250,320,320,530,530,530,530,530,530,530,151,0,180,237.2251655629139,42,4340,1713.0
1637164651,1,GET,/public/,0.500000,0.000000,470,470,670,670,940,940,940,940,940,940,940,152,0,240,286.4407894736842,79,940,10220.296052631578
1637164651,1,,Aggregated,2.100000,0.000000,330,380,420,470,800,900,940,940,940,940,940,867,0,220,281.558246828143,10,4340,5524.0092272203
1637164652,1,GET,/,0.300000,0.000000,380,500,500,510,510,510,510,510,510,510,510,174,0,220,317.0632183908046,79,3450,10245.752873563219
1637164652,1,POST,/,0.000000,0.000000,0,0,0,0,0,0,0,0,0,0,0,24,0,370,468.9166666666667,184,1345,9817.875
1637164652,1,GET,/auth/find-friends/,1.000000,0.000000,340,380,410,410,420,900,900,900,900,900,900,304,0,200,233.23355263157896,24,1263,1974.0
1637164652,1,GET,/auth/login/,0.000000,0.000000,0,0,0,0,0,0,0,0,0,0,0,1,0,208,208.0,208,208,2961.0
1637164652,1,POST,/auth/login/,0.000000,0.000000,890,890,890,890,890,890,890,890,890,890,890,32,0,420,617.8125,114,2490,10106.8125
1637164652,1,GET,/auth/logout/,0.000000,0.000000,0,0,0,0,0,0,0,0,0,0,0,31,0,170,268.64516129032256,10,2509,1712.0
1637164652,1,POST,/auth/modify-friend/,0.500000,0.000000,250,250,250,250,320,320,320,320,320,320,320,152,0,180,237.33552631578948,42,4340,1713.0
1637164652,1,GET,/public/,0.500000,0.000000,470,470,670,670,940,940,940,940,940,940,940,152,0,240,286.4407894736842,79,940,10220.296052631578
1637164652,1,,Aggregated,2.300000,0.000000,320,360,410,420,510,900,940,940,940,940,940,870,0,220,281.8919540229885,10,4340,5530.8022988505745
1637164653,1,GET,/,0.300000,0.000000,380,500,500,510,510,510,510,510,510,510,510,174,0,220,317.0632183908046,79,3450,10245.752873563219
1637164653,1,POST,/,0.000000,0.000000,0,0,0,0,0,0,0,0,0,0,0,24,0,370,468.9166666666667,184,1345,9817.875
1637164653,1,GET,/auth/find-friends/,1.000000,0.000000,280,360,380,380,420,900,900,900,900,900,900,305,0,200,233.2688524590164,24,1263,1974.0
1637164653,1,GET,/auth/login/,0.000000,0.000000,0,0,0,0,0,0,0,0,0,0,0,1,0,208,208.0,208,208,2961.0
1637164653,1,POST,/auth/login/,0.000000,0.000000,890,890,890,890,890,890,890,890,890,890,890,32,0,420,617.8125,114,2490,10106.8125
1637164653,1,GET,/auth/logout/,0.000000,0.000000,0,0,0,0,0,0,0,0,0,0,0,31,0,170,268.64516129032256,10,2509,1712.0
1637164653,1,POST,/auth/modify-friend/,0.600000,0.000000,250,250,250,250,320,320,320,320,320,320,320,152,0,180,237.33552631578948,42,4340,1713.0
1637164653,1,GET,/public/,0.600000,0.000000,410,410,470,470,940,940,940,940,940,940,940,153,0,240,287.26797385620915,79,940,10220.078431372549
1637164653,1,,Aggregated,2.500000,0.000000,300,360,410,420,510,900,940,940,940,940,940,872,0,220,281.9988532110092,10,4340,5532.063073394495
1637164654,1,GET,/,0.300000,0.000000,380,380,500,500,510,510,510,510,510,510,510,175,0,220,317.4057142857143,79,3450,10246.805714285714
1637164654,1,POST,/,0.000000,0.000000,0,0,0,0,0,0,0,0,0,0,0,24,0,370,468.9166666666667,184,1345,9817.875
1637164654,1,GET,/auth/find-friends/,1.200000,0.000000,340,360,420,420,550,900,900,900,900,900,900,306,0,200,234.29084967320262,24,1263,1974.0
1637164654,1,GET,/auth/login/,0.000000,0.000000,0,0,0,0,0,0,0,0,0,0,0,1,0,208,208.0,208,208,2961.0
1637164654,1,POST,/auth/login/,0.000000,0.000000,0,0,0,0,0,0,0,0,0,0,0,32,0,420,617.8125,114,2490,10106.8125
1637164654,1,GET,/auth/logout/,0.000000,0.000000,0,0,0,0,0,0,0,0,0,0,0,31,0,170,268.64516129032256,10,2509,1712.0
1637164654,1,POST,/auth/modify-friend/,0.600000,0.000000,250,250,250,250,300,300,300,300,300,300,300,153,0,180,237.7516339869281,42,4340,1713.0
1637164654,1,GET,/public/,0.600000,0.000000,410,410,470,470,940,940,940,940,940,940,940,153,0,240,287.26797385620915,79,940,10220.078431372549
1637164654,1,,Aggregated,2.700000,0.000000,300,340,380,410,550,900,940,940,940,940,940,875,0,220,282.4308571428571,10,4340,5529.229714285714
1637164655,1,GET,/,0.500000,0.000000,380,460,500,500,510,510,510,510,510,510,510,176,0,220,318.23295454545456,79,3450,10247.960227272728
1637164655,1,POST,/,0.000000,0.000000,0,0,0,0,0,0,0,0,0,0,0,24,0,370,468.9166666666667,184,1345,9817.875
1637164655,1,GET,/auth/find-friends/,1.100000,0.000000,280,340,360,550,900,900,900,900,900,900,900,306,0,200,234.29084967320262,24,1263,1974.0
1637164655,1,GET,/auth/login/,0.000000,0.000000,0,0,0,0,0,0,0,0,0,0,0,1,0,208,208.0,208,208,2961.0
1637164655,1,POST,/auth/login/,0.000000,0.000000,0,0,0,0,0,0,0,0,0,0,0,32,0,420,617.8125,114,2490,10106.8125
1637164655,1,GET,/auth/logout/,0.000000,0.000000,0,0,0,0,0,0,0,0,0,0,0,31,0,170,268.64516129032256,10,2509,1712.0
1637164655,1,POST,/auth/modify-friend/,0.600000,0.000000,250,250,250,250,300,300,300,300,300,300,300,153,0,180,237.7516339869281,42,4340,1713.0
1637164655,1,GET,/public/,0.500000,0.000000,330,410,410,940,940,940,940,940,940,940,940,153,0,240,287.26797385620915,79,940,10220.078431372549
1637164655,1,,Aggregated,2.700000,0.000000,300,360,380,410,550,900,940,940,940,940,940,876,0,220,282.63698630136986,10,4340,5534.847031963471
1637164656,1,GET,/,0.500000,0.000000,380,380,460,460,500,500,500,500,500,500,500,176,0,220,318.23295454545456,79,3450,10247.960227272728
1637164656,1,POST,/,0.000000,0.000000,830,830,830,830,830,830,830,830,830,830,830,25,0,400,483.2,184,1345,9845.84
1637164656,1,GET,/auth/find-friends/,1.200000,0.000000,280,340,360,360,550,900,900,900,900,900,900,307,0,200,234.52768729641693,24,1263,1974.0
1637164656,1,GET,/auth/login/,0.000000,0.000000,0,0,0,0,0,0,0,0,0,0,0,1,0,208,208.0,208,208,2961.0
1637164656,1,POST,/auth/login/,0.000000,0.000000,0,0,0,0,0,0,0,0,0,0,0,32,0,420,617.8125,114,2490,10106.8125
1637164656,1,GET,/auth/logout/,0.000000,0.000000,0,0,0,0,0,0,0,0,0,0,0,31,0,170,268.64516129032256,10,2509,1712.0
1637164656,1,POST,/auth/modify-friend/,0.500000,0.000000,250,250,250,300,300,300,300,300,300,300,300,153,0,180,237.7516339869281,42,4340,1713.0
1637164656,1,GET,/public/,0.600000,0.000000,330,330,410,410,940,940,940,940,940,940,940,154,0,240,287.012987012987,79,940,10219.92857142857
1637164656,1,,Aggregated,2.800000,0.000000,300,340,380,410,550,830,900,900,900,900,900,879,0,220,283.24345847554036,10,4340,5541.767918088737
1637164657,1,GET,/,0.600000,0.000000,380,380,460,460,500,500,500,500,500,500,500,176,0,220,318.23295454545456,79,3450,10247.960227272728
1637164657,1,POST,/,0.000000,0.000000,830,830,830,830,830,830,830,830,830,830,830,25,0,400,483.2,184,1345,9845.84
1637164657,1,GET,/auth/find-friends/,1.000000,0.000000,300,340,360,360,440,550,550,550,550,550,550,309,0,200,235.42071197411002,24,1263,1974.0
1637164657,1,GET,/auth/login/,0.000000,0.000000,0,0,0,0,0,0,0,0,0,0,0,1,0,208,208.0,208,208,2961.0
1637164657,1,POST,/auth/login/,0.000000,0.000000,0,0,0,0,0,0,0,0,0,0,0,32,0,420,617.8125,114,2490,10106.8125
1637164657,1,GET,/auth/logout/,0.000000,0.000000,0,0,0,0,0,0,0,0,0,0,0,31,0,170,268.64516129032256,10,2509,1712.0
1637164657,1,POST,/auth/modify-friend/,0.600000,0.000000,250,250,250,250,300,300,300,300,300,300,300,154,0,180,237.63636363636363,42,4340,1713.0
1637164657,1,GET,/public/,0.500000,0.000000,330,330,330,330,410,410,410,410,410,410,410,155,0,240,287.0451612903226,79,940,10219.632258064516
1637164657,1,,Aggregated,2.700000,0.000000,300,330,380,410,500,550,830,830,830,830,830,883,0,220,283.3839184597962,10,4340,5534.596828992073
1637164658,1,GET,/,0.600000,0.000000,380,460,460,500,500,500,500,500,500,500,500,176,0,220,318.23295454545456,79,3450,10247.960227272728
1637164658,1,POST,/,0.100000,0.000000,830,830,830,830,830,830,830,830,830,830,830,25,0,400,483.2,184,1345,9845.84
1637164658,1,GET,/auth/find-friends/,1.000000,0.000000,310,340,360,360,440,550,550,550,550,550,550,310,0,200,235.71935483870968,24,1263,1974.0
1637164658,1,GET,/auth/login/,0.000000,0.000000,0,0,0,0,0,0,0,0,0,0,0,1,0,208,208.0,208,208,2961.0
1637164658,1,POST,/auth/login/,0.000000,0.000000,0,0,0,0,0,0,0,0,0,0,0,32,0,420,617.8125,114,2490,10106.8125
1637164658,1,GET,/auth/logout/,0.000000,0.000000,0,0,0,0,0,0,0,0,0,0,0,31,0,170,268.64516129032256,10,2509,1712.0
1637164658,1,POST,/auth/modify-friend/,0.500000,0.000000,250,250,300,300,400,400,400,400,400,400,400,155,0,180,238.69677419354838,42,4340,1713.0
1637164658,1,GET,/public/,0.500000,0.000000,330,330,410,410,420,420,420,420,420,420,420,156,0,240,287.9166666666667,79,940,10219.21794871795
1637164658,1,,Aggregated,2.700000,0.000000,330,380,410,440,500,550,830,830,830,830,830,886,0,220,283.7257336343115,10,4340,5531.4796839729115
1637164660,1,GET,/,0.600000,0.000000,460,460,500,500,500,500,500,500,500,500,500,176,0,220,318.23295454545456,79,3450,10247.960227272728
1637164660,1,POST,/,0.100000,0.000000,830,830,830,830,830,830,830,830,830,830,830,25,0,400,483.2,184,1345,9845.84
1637164660,1,GET,/auth/find-friends/,1.200000,0.000000,340,340,360,440,550,550,550,550,550,550,550,312,0,200,236.30769230769232,24,1263,1974.0
1637164660,1,GET,/auth/login/,0.000000,0.000000,0,0,0,0,0,0,0,0,0,0,0,1,0,208,208.0,208,208,2961.0
1637164660,1,POST,/auth/login/,0.000000,0.000000,0,0,0,0,0,0,0,0,0,0,0,32,0,420,617.8125,114,2490,10106.8125
1637164660,1,GET,/auth/logout/,0.000000,0.000000,0,0,0,0,0,0,0,0,0,0,0,31,0,170,268.64516129032256,10,2509,1712.0
1637164660,1,POST,/auth/modify-friend/,0.500000,0.000000,270,300,300,400,400,400,400,400,400,400,400,156,0,180,238.9102564102564,42,4340,1713.0
1637164660,1,GET,/public/,0.500000,0.000000,330,410,410,420,420,420,420,420,420,420,420,156,0,240,287.9166666666667,79,940,10219.21794871795
1637164660,1,,Aggregated,2.900000,0.000000,340,380,420,440,500,550,830,830,830,830,830,889,0,220,283.81102362204723,10,4340,5519.181102362205
1637164661,1,GET,/,0.600000,0.000000,420,460,460,500,500,500,500,500,500,500,500,177,0,220,318.77966101694915,79,3450,10248.694915254237
1637164661,1,POST,/,0.100000,0.000000,830,830,830,830,830,830,830,830,830,830,830,26,0,400,489.96153846153845,184,1345,9862.461538461539
1637164661,1,GET,/auth/find-friends/,1.100000,0.000000,340,340,360,440,550,550,550,550,550,550,550,312,0,200,236.30769230769232,24,1263,1974.0
1637164661,1,GET,/auth/login/,0.000000,0.000000,0,0,0,0,0,0,0,0,0,0,0,1,0,208,208.0,208,208,2961.0
1637164661,1,POST,/auth/login/,0.000000,0.000000,0,0,0,0,0,0,0,0,0,0,0,32,0,420,617.8125,114,2490,10106.8125
1637164661,1,GET,/auth/logout/,0.000000,0.000000,0,0,0,0,0,0,0,0,0,0,0,31,0,170,268.64516129032256,10,2509,1712.0
1637164661,1,POST,/auth/modify-friend/,0.600000,0.000000,270,300,300,400,400,400,400,400,400,400,400,156,0,180,238.9102564102564,42,4340,1713.0
1637164661,1,GET,/public/,0.600000,0.000000,410,410,420,420,420,420,420,420,420,420,420,156,0,240,287.9166666666667,79,940,10219.21794871795
1637164661,1,,Aggregated,3.000000,0.000000,380,420,440,460,550,660,830,830,830,830,830,891,0,220,284.3793490460157,10,4340,5529.975308641975
1637164662,1,GET,/,0.500000,0.000000,420,420,460,460,500,500,500,500,500,500,500,178,0,220,318.35955056179773,79,3450,10249.005617977527
1637164662,1,POST,/,0.100000,0.000000,830,830,830,830,830,830,830,830,830,830,830,26,0,400,489.96153846153845,184,1345,9862.461538461539
1637164662,1,GET,/auth/find-friends/,1.100000,0.000000,330,340,440,440,550,550,550,550,550,550,550,312,0,200,236.30769230769232,24,1263,1974.0
1637164662,1,GET,/auth/login/,0.000000,0.000000,0,0,0,0,0,0,0,0,0,0,0,1,0,208,208.0,208,208,2961.0
1637164662,1,POST,/auth/login/,0.000000,0.000000,0,0,0,0,0,0,0,0,0,0,0,32,0,420,617.8125,114,2490,10106.8125
1637164662,1,GET,/auth/logout/,0.000000,0.000000,0,0,0,0,0,0,0,0,0,0,0,31,0,170,268.64516129032256,10,2509,1712.0
1637164662,1,POST,/auth/modify-friend/,0.600000,0.000000,300,300,400,400,400,400,400,400,400,400,400,156,0,180,238.9102564102564,42,4340,1713.0
1637164662,1,GET,/public/,0.600000,0.000000,410,420,420,540,540,540,540,540,540,540,540,157,0,240,289.5541401273885,79,940,10217.949044585986
1637164662,1,,Aggregated,2.900000,0.000000,340,420,440,460,550,660,830,830,830,830,830,893,0,220,284.6259798432251,10,4340,5540.349384098544
1637164663,1,GET,/,0.400000,0.000000,420,420,460,460,460,460,460,460,460,460,460,178,0,220,318.35955056179773,79,3450,10249.005617977527
1637164663,1,POST,/,0.100000,0.000000,830,830,830,830,830,830,830,830,830,830,830,26,0,400,489.96153846153845,184,1345,9862.461538461539
1637164663,1,GET,/auth/find-friends/,1.200000,0.000000,330,340,440,520,550,550,550,550,550,550,550,314,0,210,237.4299363057325,24,1263,1974.0
1637164663,1,GET,/auth/login/,0.000000,0.000000,0,0,0,0,0,0,0,0,0,0,0,1,0,208,208.0,208,208,2961.0
1637164663,1,POST,/auth/login/,0.000000,0.000000,0,0,0,0,0,0,0,0,0,0,0,32,0,420,617.8125,114,2490,10106.8125
1637164663,1,GET,/auth/logout/,0.000000,0.000000,0,0,0,0,0,0,0,0,0,0,0,31,0,170,268.64516129032256,10,2509,1712.0
1637164663,1,POST,/auth/modify-friend/,0.600000,0.000000,290,300,300,400,400,400,400,400,400,400,400,157,0,190,239.22292993630575,42,4340,1713.0
1637164663,1,GET,/public/,0.500000,0.000000,410,420,420,540,540,540,540,540,540,540,540,157,0,240,289.5541401273885,79,940,10217.949044585986
1637164663,1,,Aggregated,2.800000,0.000000,330,420,440,460,540,660,830,830,830,830,830,896,0,220,284.91517857142856,10,4340,5528.1171875
1637164664,1,GET,/,0.500000,0.000000,420,420,460,460,460,460,460,460,460,460,460,178,0,220,318.35955056179773,79,3450,10249.005617977527
1637164664,1,POST,/,0.200000,0.000000,830,830,830,830,830,830,830,830,830,830,830,26,0,400,489.96153846153845,184,1345,9862.461538461539
1637164664,1,GET,/auth/find-friends/,1.000000,0.000000,320,330,340,440,520,520,520,520,520,520,520,316,0,210,237.38291139240508,24,1263,1974.0
1637164664,1,GET,/auth/login/,0.000000,0.000000,0,0,0,0,0,0,0,0,0,0,0,1,0,208,208.0,208,208,2961.0
1637164664,1,POST,/auth/login/,0.000000,0.000000,0,0,0,0,0,0,0,0,0,0,0,32,0,420,617.8125,114,2490,10106.8125
1637164664,1,GET,/auth/logout/,0.000000,0.000000,0,0,0,0,0,0,0,0,0,0,0,31,0,170,268.64516129032256,10,2509,1712.0
1637164664,1,POST,/auth/modify-friend/,0.500000,0.000000,290,290,300,300,400,400,400,400,400,400,400,158,0,190,239.5253164556962,42,4340,1713.0
1637164664,1,GET,/public/,0.400000,0.000000,290,420,420,540,540,540,540,540,540,540,540,158,0,240,289.2278481012658,79,940,10217.335443037975
1637164664,1,,Aggregated,2.600000,0.000000,310,400,420,460,540,660,830,830,830,830,830,900,0,220,284.74333333333334,10,4340,5521.083333333333
1637164665,1,GET,/,0.600000,0.000000,420,420,460,460,460,460,460,460,460,460,460,178,0,220,318.35955056179773,79,3450,10249.005617977527
1637164665,1,POST,/,0.200000,0.000000,830,830,830,830,830,830,830,830,830,830,830,26,0,400,489.96153846153845,184,1345,9862.461538461539
1637164665,1,GET,/auth/find-friends/,0.800000,0.000000,320,330,340,340,440,520,520,520,520,520,520,317,0,210,237.67192429022083,24,1263,1974.0
1637164665,1,GET,/auth/login/,0.000000,0.000000,0,0,0,0,0,0,0,0,0,0,0,1,0,208,208.0,208,208,2961.0
1637164665,1,POST,/auth/login/,0.000000,0.000000,0,0,0,0,0,0,0,0,0,0,0,32,0,420,617.8125,114,2490,10106.8125
1637164665,1,GET,/auth/logout/,0.000000,0.000000,0,0,0,0,0,0,0,0,0,0,0,31,0,170,268.64516129032256,10,2509,1712.0
1637164665,1,POST,/auth/modify-friend/,0.400000,0.000000,290,290,290,400,400,400,400,400,400,400,400,158,0,190,239.5253164556962,42,4340,1713.0
1637164665,1,GET,/public/,0.500000,0.000000,420,420,540,540,650,650,650,650,650,650,650,159,0,240,291.47169811320754,79,940,10217.477987421384
1637164665,1,,Aggregated,2.500000,0.000000,310,340,420,440,540,650,660,660,660,660,660,902,0,220,285.1929046563193,10,4340,5522.382483370288
1637164666,1,GET,/,0.400000,0.000000,440,440,460,460,460,460,460,460,460,460,460,179,0,220,319.0111731843575,79,3450,10248.441340782123
1637164666,1,POST,/,0.200000,0.000000,830,830,830,830,830,830,830,830,830,830,830,26,0,400,489.96153846153845,184,1345,9862.461538461539
1637164666,1,GET,/auth/find-friends/,1.000000,0.000000,330,330,340,420,520,520,520,520,520,520,520,318,0,210,238.22955974842768,24,1263,1974.0
1637164666,1,GET,/auth/login/,0.000000,0.000000,0,0,0,0,0,0,0,0,0,0,0,1,0,208,208.0,208,208,2961.0
1637164666,1,POST,/auth/login/,0.000000,0.000000,0,0,0,0,0,0,0,0,0,0,0,32,0,420,617.8125,114,2490,10106.8125
1637164666,1,GET,/auth/logout/,0.000000,0.000000,0,0,0,0,0,0,0,0,0,0,0,31,0,170,268.64516129032256,10,2509,1712.0
1637164666,1,POST,/auth/modify-friend/,0.600000,0.000000,290,290,360,360,400,400,400,400,400,400,400,159,0,190,240.28930817610063,42,4340,1713.0
1637164666,1,GET,/public/,0.500000,0.000000,420,540,540,650,650,650,650,650,650,650,650,159,0,240,291.47169811320754,79,940,10217.477987421384
1637164666,1,,Aggregated,2.700000,0.000000,330,400,420,440,540,650,660,660,660,660,660,905,0,220,285.585635359116,10,4340,5519.363535911602
1637164667,1,GET,/,0.300000,0.000000,420,430,430,440,440,440,440,440,440,440,440,181,0,220,319.5303867403315,79,3450,10249.187845303868
1637164667,1,POST,/,0.200000,0.000000,660,660,660,660,660,660,660,660,660,660,660,26,0,400,489.96153846153845,184,1345,9862.461538461539
1637164667,1,GET,/auth/find-friends/,1.100000,0.000000,330,330,340,420,520,520,520,520,520,520,520,318,0,210,238.22955974842768,24,1263,1974.0
1637164667,1,GET,/auth/login/,0.000000,0.000000,0,0,0,0,0,0,0,0,0,0,0,1,0,208,208.0,208,208,2961.0
1637164667,1,POST,/auth/login/,0.000000,0.000000,0,0,0,0,0,0,0,0,0,0,0,32,0,420,617.8125,114,2490,10106.8125
1637164667,1,GET,/auth/logout/,0.000000,0.000000,0,0,0,0,0,0,0,0,0,0,0,31,0,170,268.64516129032256,10,2509,1712.0
1637164667,1,POST,/auth/modify-friend/,0.500000,0.000000,290,360,360,400,400,400,400,400,400,400,400,159,0,190,240.28930817610063,42,4340,1713.0
1637164667,1,GET,/public/,0.600000,0.000000,420,540,540,650,650,650,650,650,650,650,650,160,0,240,291.84375,79,940,10216.96875
1637164667,1,,Aggregated,2.700000,0.000000,340,420,420,440,540,650,660,660,660,660,660,908,0,220,285.8348017621145,10,4340,5535.01321585903
1637164668,1,GET,/,0.300000,0.000000,420,430,430,440,440,440,440,440,440,440,440,181,0,220,319.5303867403315,79,3450,10249.187845303868
1637164668,1,POST,/,0.200000,0.000000,660,660,660,660,660,660,660,660,660,660,660,26,0,400,489.96153846153845,184,1345,9862.461538461539
1637164668,1,GET,/auth/find-friends/,1.100000,0.000000,340,380,400,420,520,520,520,520,520,520,520,320,0,210,239.196875,24,1263,1974.0
1637164668,1,GET,/auth/login/,0.000000,0.000000,0,0,0,0,0,0,0,0,0,0,0,1,0,208,208.0,208,208,2961.0
1637164668,1,POST,/auth/login/,0.000000,0.000000,0,0,0,0,0,0,0,0,0,0,0,32,0,420,617.8125,114,2490,10106.8125
1637164668,1,GET,/auth/logout/,0.000000,0.000000,0,0,0,0,0,0,0,0,0,0,0,31,0,170,268.64516129032256,10,2509,1712.0
1637164668,1,POST,/auth/modify-friend/,0.500000,0.000000,290,290,360,360,360,360,360,360,360,360,360,159,0,190,240.28930817610063,42,4340,1713.0
1637164668,1,GET,/public/,0.600000,0.000000,420,540,540,650,650,650,650,650,650,650,650,160,0,240,291.84375,79,940,10216.96875
1637164668,1,,Aggregated,2.700000,0.000000,350,400,430,440,540,650,660,660,660,660,660,910,0,220,286.07032967032967,10,4340,5527.186813186813
1637164669,1,GET,/,0.500000,0.000000,420,430,430,440,440,440,440,440,440,440,440,181,0,220,319.5303867403315,79,3450,10249.187845303868
1637164669,1,POST,/,0.100000,0.000000,660,660,660,660,660,660,660,660,660,660,660,26,0,400,489.96153846153845,184,1345,9862.461538461539
1637164669,1,GET,/auth/find-friends/,1.000000,0.000000,340,380,400,400,420,520,520,520,520,520,520,321,0,210,239.57320872274144,24,1263,1974.0
1637164669,1,GET,/auth/login/,0.000000,0.000000,0,0,0,0,0,0,0,0,0,0,0,1,0,208,208.0,208,208,2961.0
1637164669,1,POST,/auth/login/,0.000000,0.000000,0,0,0,0,0,0,0,0,0,0,0,32,0,420,617.8125,114,2490,10106.8125
1637164669,1,GET,/auth/logout/,0.000000,0.000000,0,0,0,0,0,0,0,0,0,0,0,31,0,170,268.64516129032256,10,2509,1712.0
1637164669,1,POST,/auth/modify-friend/,0.600000,0.000000,290,360,360,440,440,440,440,440,440,440,440,160,0,190,241.5625,42,4340,1713.0
1637164669,1,GET,/public/,0.500000,0.000000,350,540,540,650,650,650,650,650,650,650,650,161,0,240,292.18633540372673,79,940,10216.590062111802
1637164669,1,,Aggregated,2.700000,0.000000,360,420,440,440,540,650,660,660,660,660,660,913,0,220,286.3910186199343,10,4340,5524.187294633078
1637164670,1,GET,/,0.500000,0.000000,430,430,440,440,440,440,440,440,440,440,440,181,0,220,319.5303867403315,79,3450,10249.187845303868
1637164670,1,POST,/,0.100000,0.000000,660,660,660,660,660,660,660,660,660,660,660,26,0,400,489.96153846153845,184,1345,9862.461538461539
1637164670,1,GET,/auth/find-friends/,1.000000,0.000000,360,380,400,420,520,520,520,520,520,520,520,322,0,210,239.8913043478261,24,1263,1974.0
1637164670,1,GET,/auth/login/,0.000000,0.000000,0,0,0,0,0,0,0,0,0,0,0,1,0,208,208.0,208,208,2961.0
1637164670,1,POST,/auth/login/,0.000000,0.000000,0,0,0,0,0,0,0,0,0,0,0,32,0,420,617.8125,114,2490,10106.8125
1637164670,1,GET,/auth/logout/,0.000000,0.000000,0,0,0,0,0,0,0,0,0,0,0,31,0,170,268.64516129032256,10,2509,1712.0
1637164670,1,POST,/auth/modify-friend/,0.600000,0.000000,360,440,440,460,460,460,460,460,460,460,460,161,0,190,242.92546583850933,42,4340,1713.0
1637164670,1,GET,/public/,0.500000,0.000000,350,540,540,650,650,650,650,650,650,650,650,161,0,240,292.18633540372673,79,940,10216.590062111802
1637164670,1,,Aggregated,2.700000,0.000000,360,400,440,440,520,540,650,650,650,650,650,915,0,220,286.64262295081966,10,4340,5516.142076502732
1637164671,1,GET,/,0.500000,0.000000,330,400,430,430,440,440,440,440,440,440,440,184,0,220,319.7391304347826,79,3450,10251.972826086956
1637164671,1,POST,/,0.100000,0.000000,660,660,660,660,660,660,660,660,660,660,660,26,0,400,489.96153846153845,184,1345,9862.461538461539
1637164671,1,GET,/auth/find-friends/,1.000000,0.000000,360,380,400,420,520,520,520,520,520,520,520,322,0,210,239.8913043478261,24,1263,1974.0
1637164671,1,GET,/auth/login/,0.000000,0.000000,0,0,0,0,0,0,0,0,0,0,0,1,0,208,208.0,208,208,2961.0
1637164671,1,POST,/auth/login/,0.000000,0.000000,0,0,0,0,0,0,0,0,0,0,0,32,0,420,617.8125,114,2490,10106.8125
1637164671,1,GET,/auth/logout/,0.000000,0.000000,0,0,0,0,0,0,0,0,0,0,0,31,0,170,268.64516129032256,10,2509,1712.0
1637164671,1,POST,/auth/modify-friend/,0.500000,0.000000,360,440,440,460,460,460,460,460,460,460,460,161,0,190,242.92546583850933,42,4340,1713.0
1637164671,1,GET,/public/,0.500000,0.000000,350,350,540,540,650,650,650,650,650,650,650,162,0,240,291.9012345679012,79,940,10216.79012345679
1637164671,1,,Aggregated,2.600000,0.000000,350,400,420,430,460,520,650,650,650,650,650,919,0,220,286.7475516866159,10,4340,5537.300326441785
1637164672,1,GET,/,0.500000,0.000000,330,400,430,430,440,440,440,440,440,440,440,184,0,220,319.7391304347826,79,3450,10251.972826086956
1637164672,1,POST,/,0.100000,0.000000,660,660,660,660,660,660,660,660,660,660,660,26,0,400,489.96153846153845,184,1345,9862.461538461539
1637164672,1,GET,/auth/find-friends/,1.000000,0.000000,340,360,380,400,420,420,420,420,420,420,420,324,0,210,240.1358024691358,24,1263,1974.0
1637164672,1,GET,/auth/login/,0.000000,0.000000,0,0,0,0,0,0,0,0,0,0,0,1,0,208,208.0,208,208,2961.0
1637164672,1,POST,/auth/login/,0.000000,0.000000,0,0,0,0,0,0,0,0,0,0,0,32,0,420,617.8125,114,2490,10106.8125
1637164672,1,GET,/auth/logout/,0.000000,0.000000,0,0,0,0,0,0,0,0,0,0,0,31,0,170,268.64516129032256,10,2509,1712.0
1637164672,1,POST,/auth/modify-friend/,0.500000,0.000000,360,440,440,460,460,460,460,460,460,460,460,162,0,190,243.37037037037038,42,4340,1713.0
1637164672,1,GET,/public/,0.500000,0.000000,350,350,350,650,650,650,650,650,650,650,650,162,0,240,291.9012345679012,79,940,10216.79012345679
1637164672,1,,Aggregated,2.600000,0.000000,350,380,400,420,440,460,650,650,650,650,650,922,0,220,286.76247288503254,10,4340,5525.422993492408
1637164673,1,GET,/,0.500000,0.000000,400,400,430,430,440,440,440,440,440,440,440,184,0,220,319.7391304347826,79,3450,10251.972826086956
1637164673,1,POST,/,0.100000,0.000000,660,660,660,660,660,660,660,660,660,660,660,26,0,400,489.96153846153845,184,1345,9862.461538461539
1637164673,1,GET,/auth/find-friends/,1.000000,0.000000,360,380,400,400,420,420,420,420,420,420,420,324,0,210,240.1358024691358,24,1263,1974.0
1637164673,1,GET,/auth/login/,0.000000,0.000000,0,0,0,0,0,0,0,0,0,0,0,1,0,208,208.0,208,208,2961.0
1637164673,1,POST,/auth/login/,0.000000,0.000000,0,0,0,0,0,0,0,0,0,0,0,32,0,420,617.8125,114,2490,10106.8125
1637164673,1,GET,/auth/logout/,0.000000,0.000000,350,350,350,350,350,350,350,350,350,350,350,32,0,170,271.125,10,2509,1712.0
1637164673,1,POST,/auth/modify-friend/,0.500000,0.000000,360,440,440,460,460,460,460,460,460,460,460,162,0,190,243.37037037037038,42,4340,1713.0
1637164673,1,GET,/public/,0.500000,0.000000,350,350,650,650,650,650,650,650,650,650,650,162,0,240,291.9012345679012,79,940,10216.79012345679
1637164673,1,,Aggregated,2.600000,0.000000,350,400,420,430,440,460,650,650,650,650,650,923,0,220,286.8288190682557,10,4340,5521.291440953412
1637164674,1,GET,/,0.500000,0.000000,400,400,430,430,440,440,440,440,440,440,440,184,0,220,319.7391304347826,79,3450,10251.972826086956
1637164674,1,POST,/,0.100000,0.000000,660,660,660,660,660,660,660,660,660,660,660,26,0,400,489.96153846153845,184,1345,9862.461538461539
1637164674,1,GET,/auth/find-friends/,1.000000,0.000000,360,380,400,400,420,420,420,420,420,420,420,324,0,210,240.1358024691358,24,1263,1974.0
1637164674,1,GET,/auth/login/,0.000000,0.000000,0,0,0,0,0,0,0,0,0,0,0,1,0,208,208.0,208,208,2961.0
1637164674,1,POST,/auth/login/,0.000000,0.000000,0,0,0,0,0,0,0,0,0,0,0,32,0,420,617.8125,114,2490,10106.8125
1637164674,1,GET,/auth/logout/,0.000000,0.000000,350,350,350,350,350,350,350,350,350,350,350,32,0,170,271.125,10,2509,1712.0
1637164674,1,POST,/auth/modify-friend/,0.500000,0.000000,440,440,460,460,460,460,460,460,460,460,460,162,0,190,243.37037037037038,42,4340,1713.0
1637164674,1,GET,/public/,0.500000,0.000000,350,350,650,650,650,650,650,650,650,650,650,162,0,240,291.9012345679012,79,940,10216.79012345679
1637164674,1,,Aggregated,2.600000,0.000000,350,380,400,420,440,440,460,460,460,460,460,923,0,220,286.8288190682557,10,4340,5521.291440953412
1637164675,1,GET,/,0.600000,0.000000,400,400,430,430,440,440,440,440,440,440,440,184,0,220,319.7391304347826,79,3450,10251.972826086956
1637164675,1,POST,/,0.000000,0.000000,660,660,660,660,660,660,660,660,660,660,660,26,0,400,489.96153846153845,184,1345,9862.461538461539
1637164675,1,GET,/auth/find-friends/,1.200000,0.000000,360,380,400,400,420,420,420,420,420,420,420,324,0,210,240.1358024691358,24,1263,1974.0
1637164675,1,GET,/auth/login/,0.000000,0.000000,0,0,0,0,0,0,0,0,0,0,0,1,0,208,208.0,208,208,2961.0
1637164675,1,POST,/auth/login/,0.000000,0.000000,1500,1500,1500,1500,1500,1500,1500,1500,1500,1500,1500,33,0,450,643.2727272727273,114,2490,10109.848484848484
1637164675,1,GET,/auth/logout/,0.000000,0.000000,350,350,350,350,350,350,350,350,350,350,350,32,0,170,271.125,10,2509,1712.0
1637164675,1,POST,/auth/modify-friend/,0.500000,0.000000,440,440,460,460,460,460,460,460,460,460,460,162,0,190,243.37037037037038,42,4340,1713.0
1637164675,1,GET,/public/,0.500000,0.000000,350,350,350,350,350,350,350,350,350,350,350,162,0,240,291.9012345679012,79,940,10216.79012345679
1637164675,1,,Aggregated,2.800000,0.000000,350,400,430,440,460,1500,1500,1500,1500,1500,1500,924,0,220,288.09632034632034,10,4340,5526.362554112554
1637164676,1,GET,/,0.600000,0.000000,400,430,440,440,820,820,820,820,820,820,820,185,0,230,322.44864864864866,79,3450,10252.081081081082
1637164676,1,POST,/,0.000000,0.000000,660,660,660,660,660,660,660,660,660,660,660,26,0,400,489.96153846153845,184,1345,9862.461538461539
1637164676,1,GET,/auth/find-friends/,1.000000,0.000000,360,360,380,380,400,400,400,400,400,400,400,324,0,210,240.1358024691358,24,1263,1974.0
1637164676,1,GET,/auth/login/,0.000000,0.000000,0,0,0,0,0,0,0,0,0,0,0,1,0,208,208.0,208,208,2961.0
1637164676,1,POST,/auth/login/,0.000000,0.000000,1500,1500,1500,1500,1500,1500,1500,1500,1500,1500,1500,33,0,450,643.2727272727273,114,2490,10109.848484848484
1637164676,1,GET,/auth/logout/,0.100000,0.000000,350,350,350,350,350,350,350,350,350,350,350,32,0,170,271.125,10,2509,1712.0
1637164676,1,POST,/auth/modify-friend/,0.500000,0.000000,440,440,460,460,460,460,460,460,460,460,460,162,0,190,243.37037037037038,42,4340,1713.0
1637164676,1,GET,/public/,0.500000,0.000000,350,350,350,350,350,350,350,350,350,350,350,162,0,240,291.9012345679012,79,940,10216.79012345679
1637164676,1,,Aggregated,2.700000,0.000000,350,380,400,440,820,1500,1500,1500,1500,1500,1500,925,0,220,288.67243243243246,10,4340,5531.492972972973
1637164677,1,GET,/,0.600000,0.000000,400,430,440,440,820,820,820,820,820,820,820,185,0,230,322.44864864864866,79,3450,10252.081081081082
1637164677,1,POST,/,0.000000,0.000000,1600,1600,1600,1600,1600,1600,1600,1600,1600,1600,1600,27,0,450,529.5925925925926,184,1560,9882.592592592593
1637164677,1,GET,/auth/find-friends/,0.700000,0.000000,360,360,380,380,400,400,400,400,400,400,400,324,0,210,240.1358024691358,24,1263,1974.0
1637164677,1,GET,/auth/login/,0.000000,0.000000,0,0,0,0,0,0,0,0,0,0,0,1,0,208,208.0,208,208,2961.0
1637164677,1,POST,/auth/login/,0.100000,0.000000,1500,1500,1500,1500,1500,1500,1500,1500,1500,1500,1500,33,0,450,643.2727272727273,114,2490,10109.848484848484
1637164677,1,GET,/auth/logout/,0.100000,0.000000,350,350,350,350,350,350,350,350,350,350,350,32,0,170,271.125,10,2509,1712.0
1637164677,1,POST,/auth/modify-friend/,0.400000,0.000000,440,440,460,460,460,460,460,460,460,460,460,162,0,190,243.37037037037038,42,4340,1713.0
1637164677,1,GET,/public/,0.300000,0.000000,350,350,350,350,350,350,350,350,350,350,350,162,0,240,291.9012345679012,79,940,10216.79012345679
1637164677,1,,Aggregated,2.200000,0.000000,350,400,460,460,1500,1600,1600,1600,1600,1600,1600,926,0,220,290.0453563714903,10,4340,5536.757019438445
1637164678,1,GET,/,0.700000,0.000000,400,400,820,820,820,820,820,820,820,820,820,185,0,230,322.44864864864866,79,3450,10252.081081081082
1637164678,1,POST,/,0.000000,0.000000,1600,1600,1600,1600,1600,1600,1600,1600,1600,1600,1600,27,0,450,529.5925925925926,184,1560,9882.592592592593
1637164678,1,GET,/auth/find-friends/,0.600000,0.000000,340,340,360,360,360,360,360,360,360,360,360,324,0,210,240.1358024691358,24,1263,1974.0
1637164678,1,GET,/auth/login/,0.000000,0.000000,0,0,0,0,0,0,0,0,0,0,0,1,0,208,208.0,208,208,2961.0
1637164678,1,POST,/auth/login/,0.100000,0.000000,1500,1500,1500,1500,1500,1500,1500,1500,1500,1500,1500,33,0,450,643.2727272727273,114,2490,10109.848484848484
1637164678,1,GET,/auth/logout/,0.100000,0.000000,350,350,350,350,350,350,350,350,350,350,350,32,0,170,271.125,10,2509,1712.0
1637164678,1,POST,/auth/modify-friend/,0.300000,0.000000,460,460,460,460,460,460,460,460,460,460,460,162,0,190,243.37037037037038,42,4340,1713.0
1637164678,1,GET,/public/,0.300000,0.000000,350,350,920,920,920,920,920,920,920,920,920,163,0,250,295.7239263803681,79,940,10216.932515337423
1637164678,1,,Aggregated,2.100000,0.000000,350,400,820,920,1500,1600,1600,1600,1600,1600,1600,927,0,220,290.7195253505933,10,4340,5541.830636461705
1637164679,1,GET,/,0.400000,0.000000,400,400,820,820,820,820,820,820,820,820,820,185,0,230,322.44864864864866,79,3450,10252.081081081082
1637164679,1,POST,/,0.000000,0.000000,1600,1600,1600,1600,1600,1600,1600,1600,1600,1600,1600,27,0,450,529.5925925925926,184,1560,9882.592592592593
1637164679,1,GET,/auth/find-friends/,0.600000,0.000000,340,360,360,880,880,880,880,880,880,880,880,325,0,210,242.10153846153847,24,1263,1974.0
1637164679,1,GET,/auth/login/,0.000000,0.000000,0,0,0,0,0,0,0,0,0,0,0,1,0,208,208.0,208,208,2961.0
1637164679,1,POST,/auth/login/,0.100000,0.000000,1500,1500,1500,1500,1500,1500,1500,1500,1500,1500,1500,33,0,450,643.2727272727273,114,2490,10109.848484848484
1637164679,1,GET,/auth/logout/,0.100000,0.000000,350,350,350,350,350,350,350,350,350,350,350,32,0,170,271.125,10,2509,1712.0
1637164679,1,POST,/auth/modify-friend/,0.300000,0.000000,460,460,460,460,460,460,460,460,460,460,460,162,0,190,243.37037037037038,42,4340,1713.0
1637164679,1,GET,/public/,0.300000,0.000000,920,920,920,920,920,920,920,920,920,920,920,163,0,250,295.7239263803681,79,940,10216.932515337423
1637164679,1,,Aggregated,1.800000,0.000000,350,820,880,920,1500,1600,1600,1600,1600,1600,1600,928,0,220,291.3534482758621,10,4340,5537.985991379311
1637164680,1,GET,/,0.400000,0.000000,400,400,820,820,820,820,820,820,820,820,820,185,0,230,322.44864864864866,79,3450,10252.081081081082
1637164680,1,POST,/,0.100000,0.000000,1600,1600,1600,1600,1600,1600,1600,1600,1600,1600,1600,27,0,450,529.5925925925926,184,1560,9882.592592592593
1637164680,1,GET,/auth/find-friends/,0.400000,0.000000,880,880,1100,1100,1100,1100,1100,1100,1100,1100,1100,326,0,210,244.86503067484662,24,1263,1974.0
1637164680,1,GET,/auth/login/,0.000000,0.000000,0,0,0,0,0,0,0,0,0,0,0,1,0,208,208.0,208,208,2961.0
1637164680,1,POST,/auth/login/,0.100000,0.000000,1500,1500,1500,1500,1500,1500,1500,1500,1500,1500,1500,33,0,450,643.2727272727273,114,2490,10109.848484848484
1637164680,1,GET,/auth/logout/,0.100000,0.000000,350,350,350,350,350,350,350,350,350,350,350,32,0,170,271.125,10,2509,1712.0
1637164680,1,POST,/auth/modify-friend/,0.300000,0.000000,320,320,320,320,320,320,320,320,320,320,320,162,0,190,243.37037037037038,42,4340,1713.0
1637164680,1,GET,/public/,0.200000,0.000000,920,920,920,920,920,920,920,920,920,920,920,163,0,250,295.7239263803681,79,940,10216.932515337423
1637164680,1,,Aggregated,1.600000,0.000000,820,920,1100,1100,1500,1600,1600,1600,1600,1600,1600,929,0,230,292.27018299246504,10,4340,5534.149623250807
1637164681,1,GET,/,0.400000,0.000000,400,560,560,820,820,820,820,820,820,820,820,186,0,230,323.6989247311828,79,3450,10252.849462365592
1637164681,1,POST,/,0.100000,0.000000,1600,1600,1600,1600,1600,1600,1600,1600,1600,1600,1600,27,0,450,529.5925925925926,184,1560,9882.592592592593
1637164681,1,GET,/auth/find-friends/,0.400000,0.000000,880,880,1100,1100,1100,1100,1100,1100,1100,1100,1100,326,0,210,244.86503067484662,24,1263,1974.0
1637164681,1,GET,/auth/login/,0.000000,0.000000,0,0,0,0,0,0,0,0,0,0,0,1,0,208,208.0,208,208,2961.0
1637164681,1,POST,/auth/login/,0.100000,0.000000,1500,1500,1500,1500,1500,1500,1500,1500,1500,1500,1500,33,0,450,643.2727272727273,114,2490,10109.848484848484
1637164681,1,GET,/auth/logout/,0.100000,0.000000,350,350,350,350,350,350,350,350,350,350,350,32,0,170,271.125,10,2509,1712.0
1637164681,1,POST,/auth/modify-friend/,0.200000,0.000000,610,610,610,610,610,610,610,610,610,610,610,163,0,190,245.6073619631902,42,4340,1713.0
1637164681,1,GET,/public/,0.200000,0.000000,920,920,920,920,920,920,920,920,920,920,920,163,0,250,295.7239263803681,79,940,10216.932515337423
1637164681,1,,Aggregated,1.500000,0.000000,880,920,1100,1500,1600,1600,1600,1600,1600,1600,1600,931,0,230,292.8915145005371,10,4340,5535.266380236305
1637164682,1,GET,/,0.400000,0.000000,620,620,820,820,820,820,820,820,820,820,820,187,0,230,325.27272727272725,79,3450,10253.957219251337
1637164682,1,POST,/,0.100000,0.000000,1600,1600,1600,1600,1600,1600,1600,1600,1600,1600,1600,27,0,450,529.5925925925926,184,1560,9882.592592592593
1637164682,1,GET,/auth/find-friends/,0.300000,0.000000,300,880,880,1100,1100,1100,1100,1100,1100,1100,1100,327,0,210,245.03363914373088,24,1263,1974.0
1637164682,1,GET,/auth/login/,0.000000,0.000000,0,0,0,0,0,0,0,0,0,0,0,1,0,208,208.0,208,208,2961.0
1637164682,1,POST,/auth/login/,0.100000,0.000000,1500,1500,1500,1500,1500,1500,1500,1500,1500,1500,1500,33,0,450,643.2727272727273,114,2490,10109.848484848484
1637164682,1,GET,/auth/logout/,0.100000,0.000000,350,350,350,350,350,350,350,350,350,350,350,32,0,170,271.125,10,2509,1712.0
1637164682,1,POST,/auth/modify-friend/,0.100000,0.000000,610,610,610,610,610,610,610,610,610,610,610,163,0,190,245.6073619631902,42,4340,1713.0
1637164682,1,GET,/public/,0.200000,0.000000,300,300,920,920,920,920,920,920,920,920,920,164,0,250,295.7743902439024,79,940,10217.5
1637164682,1,,Aggregated,1.300000,0.000000,620,880,920,1100,1500,1600,1600,1600,1600,1600,1600,934,0,230,293.25910064239827,10,4340,5541.838329764454
1637164683,1,GET,/,0.100000,0.000000,620,620,820,820,820,820,820,820,820,820,820,187,0,230,325.27272727272725,79,3450,10253.957219251337
1637164683,1,POST,/,0.100000,0.000000,1600,1600,1600,1600,1600,1600,1600,1600,1600,1600,1600,27,0,450,529.5925925925926,184,1560,9882.592592592593
1637164683,1,GET,/auth/find-friends/,0.400000,0.000000,470,470,880,880,1100,1100,1100,1100,1100,1100,1100,328,0,210,245.72865853658536,24,1263,1974.0
1637164683,1,GET,/auth/login/,0.000000,0.000000,0,0,0,0,0,0,0,0,0,0,0,1,0,208,208.0,208,208,2961.0
1637164683,1,POST,/auth/login/,0.100000,0.000000,1500,1500,1500,1500,1500,1500,1500,1500,1500,1500,1500,33,0,450,643.2727272727273,114,2490,10109.848484848484
1637164683,1,GET,/auth/logout/,0.100000,0.000000,350,350,350,350,350,350,350,350,350,350,350,32,0,170,271.125,10,2509,1712.0
1637164683,1,POST,/auth/modify-friend/,0.200000,0.000000,400,400,610,610,610,610,610,610,610,610,610,164,0,190,246.52439024390245,42,4340,1713.0
1637164683,1,GET,/public/,0.200000,0.000000,300,300,920,920,920,920,920,920,920,920,920,164,0,250,295.7743902439024,79,940,10217.5
1637164683,1,,Aggregated,1.200000,0.000000,620,880,920,1100,1500,1600,1600,1600,1600,1600,1600,936,0,230,293.56089743589746,10,4340,5533.9358974358975
1637164684,1,GET,/,0.200000,0.000000,620,620,820,820,820,820,820,820,820,820,820,187,0,230,325.27272727272725,79,3450,10253.957219251337
1637164684,1,POST,/,0.100000,0.000000,1600,1600,1600,1600,1600,1600,1600,1600,1600,1600,1600,27,0,450,529.5925925925926,184,1560,9882.592592592593
1637164684,1,GET,/auth/find-friends/,0.200000,0.000000,320,470,880,880,1100,1100,1100,1100,1100,1100,1100,329,0,210,245.95440729483283,24,1263,1974.0
1637164684,1,GET,/auth/login/,0.000000,0.000000,0,0,0,0,0,0,0,0,0,0,0,1,0,208,208.0,208,208,2961.0
1637164684,1,POST,/auth/login/,0.100000,0.000000,1500,1500,1500,1500,1500,1500,1500,1500,1500,1500,1500,33,0,450,643.2727272727273,114,2490,10109.848484848484
1637164684,1,GET,/auth/logout/,0.100000,0.000000,350,350,350,350,350,350,350,350,350,350,350,32,0,170,271.125,10,2509,1712.0
1637164684,1,POST,/auth/modify-friend/,0.200000,0.000000,400,400,610,610,610,610,610,610,610,610,610,164,0,190,246.52439024390245,42,4340,1713.0
1637164684,1,GET,/public/,0.100000,0.000000,540,540,920,920,920,920,920,920,920,920,920,165,0,250,297.26060606060605,79,940,10217.860606060605
1637164684,1,,Aggregated,1.000000,0.000000,610,820,880,920,1100,1600,1600,1600,1600,1600,1600,938,0,230,293.8528784648188,10,4340,5535.197228144989
1637164685,1,GET,/,0.300000,0.000000,620,620,820,820,820,820,820,820,820,820,820,188,0,230,325.04787234042556,79,3450,10254.994680851063
1637164685,1,POST,/,0.100000,0.000000,1600,1600,1600,1600,1600,1600,1600,1600,1600,1600,1600,27,0,450,529.5925925925926,184,1560,9882.592592592593
1637164685,1,GET,/auth/find-friends/,0.300000,0.000000,470,470,880,880,1100,1100,1100,1100,1100,1100,1100,330,0,210,246.25151515151515,24,1263,1974.0
1637164685,1,GET,/auth/login/,0.000000,0.000000,0,0,0,0,0,0,0,0,0,0,0,1,0,208,208.0,208,208,2961.0
1637164685,1,POST,/auth/login/,0.100000,0.000000,1500,1500,1500,1500,1500,1500,1500,1500,1500,1500,1500,33,0,450,643.2727272727273,114,2490,10109.848484848484
1637164685,1,GET,/auth/logout/,0.000000,0.000000,350,350,350,350,350,350,350,350,350,350,350,32,0,170,271.125,10,2509,1712.0
1637164685,1,POST,/auth/modify-friend/,0.100000,0.000000,400,400,610,610,610,610,610,610,610,610,610,165,0,190,246.0787878787879,42,4340,1713.0
1637164685,1,GET,/public/,0.200000,0.000000,540,540,920,920,920,920,920,920,920,920,920,166,0,250,297.6144578313253,79,940,10217.10843373494
1637164685,1,,Aggregated,1.100000,0.000000,540,610,820,880,1100,1600,1600,1600,1600,1600,1600,942,0,230,293.83227176220805,10,4340,5537.414012738854
1637164686,1,GET,/,0.300000,0.000000,620,620,820,820,820,820,820,820,820,820,820,188,0,230,325.04787234042556,79,3450,10254.994680851063
1637164686,1,POST,/,0.100000,0.000000,1600,1600,1600,1600,1600,1600,1600,1600,1600,1600,1600,27,0,450,529.5925925925926,184,1560,9882.592592592593
1637164686,1,GET,/auth/find-friends/,0.400000,0.000000,470,470,880,880,1100,1100,1100,1100,1100,1100,1100,331,0,210,246.9154078549849,24,1263,1974.0
1637164686,1,GET,/auth/login/,0.000000,0.000000,0,0,0,0,0,0,0,0,0,0,0,1,0,208,208.0,208,208,2961.0
1637164686,1,POST,/auth/login/,0.100000,0.000000,1500,1500,1500,1500,1500,1500,1500,1500,1500,1500,1500,33,0,450,643.2727272727273,114,2490,10109.848484848484
1637164686,1,GET,/auth/logout/,0.000000,0.000000,350,350,350,350,350,350,350,350,350,350,350,32,0,170,271.125,10,2509,1712.0
1637164686,1,POST,/auth/modify-friend/,0.200000,0.000000,400,400,610,610,610,610,610,610,610,610,610,165,0,190,246.0787878787879,42,4340,1713.0
1637164686,1,GET,/public/,0.200000,0.000000,540,540,920,920,920,920,920,920,920,920,920,166,0,250,297.6144578313253,79,940,10217.10843373494
1637164686,1,,Aggregated,1.300000,0.000000,470,560,620,880,1100,1600,1600,1600,1600,1600,1600,943,0,230,294.0148462354189,10,4340,5533.63520678685
1637164687,1,GET,/,0.300000,0.000000,620,620,820,820,820,820,820,820,820,820,820,188,0,230,325.04787234042556,79,3450,10254.994680851063
1637164687,1,POST,/,0.100000,0.000000,1600,1600,1600,1600,1600,1600,1600,1600,1600,1600,1600,27,0,450,529.5925925925926,184,1560,9882.592592592593
1637164687,1,GET,/auth/find-friends/,0.600000,0.000000,470,880,1100,1100,1200,1200,1200,1200,1200,1200,1200,332,0,210,249.64156626506025,24,1263,1974.0
1637164687,1,GET,/auth/login/,0.000000,0.000000,0,0,0,0,0,0,0,0,0,0,0,1,0,208,208.0,208,208,2961.0
1637164687,1,POST,/auth/login/,0.000000,0.000000,1500,1500,1500,1500,1500,1500,1500,1500,1500,1500,1500,33,0,450,643.2727272727273,114,2490,10109.848484848484
1637164687,1,GET,/auth/logout/,0.000000,0.000000,350,350,350,350,350,350,350,350,350,350,350,32,0,170,271.125,10,2509,1712.0
1637164687,1,POST,/auth/modify-friend/,0.300000,0.000000,400,400,610,610,610,610,610,610,610,610,610,166,0,190,246.5421686746988,42,4340,1713.0
1637164687,1,GET,/public/,0.300000,0.000000,540,540,920,920,920,920,920,920,920,920,920,166,0,250,297.6144578313253,79,940,10217.10843373494
1637164687,1,,Aggregated,1.600000,0.000000,470,560,620,880,1100,1200,1200,1200,1200,1200,1200,945,0,230,294.95343915343915,10,4340,5525.825396825397
1637164688,1,GET,/,0.300000,0.000000,560,560,620,620,620,620,620,620,620,620,620,188,0,230,325.04787234042556,79,3450,10254.994680851063
1637164688,1,POST,/,0.100000,0.000000,1600,1600,1600,1600,1600,1600,1600,1600,1600,1600,1600,27,0,450,529.5925925925926,184,1560,9882.592592592593
1637164688,1,GET,/auth/find-friends/,0.600000,0.000000,470,470,880,1100,1200,1200,1200,1200,1200,1200,1200,334,0,210,249.96407185628743,24,1263,1974.0
1637164688,1,GET,/auth/login/,0.000000,0.000000,0,0,0,0,0,0,0,0,0,0,0,1,0,208,208.0,208,208,2961.0
1637164688,1,POST,/auth/login/,0.000000,0.000000,1500,1500,1500,1500,1500,1500,1500,1500,1500,1500,1500,33,0,450,643.2727272727273,114,2490,10109.848484848484
1637164688,1,GET,/auth/logout/,0.000000,0.000000,350,350,350,350,350,350,350,350,350,350,350,32,0,170,271.125,10,2509,1712.0
1637164688,1,POST,/auth/modify-friend/,0.300000,0.000000,320,400,400,610,610,610,610,610,610,610,610,167,0,190,246.00598802395209,42,4340,1713.0
1637164688,1,GET,/public/,0.400000,0.000000,410,540,540,920,920,920,920,920,920,920,920,167,0,250,298.29940119760477,79,940,10215.964071856288
1637164688,1,,Aggregated,1.700000,0.000000,400,470,560,610,880,1100,1200,1200,1200,1200,1200,949,0,230,294.9494204425711,10,4340,5519.064278187566
1637164689,1,GET,/,0.300000,0.000000,560,560,620,620,620,620,620,620,620,620,620,188,0,230,325.04787234042556,79,3450,10254.994680851063
1637164689,1,POST,/,0.100000,0.000000,1600,1600,1600,1600,1600,1600,1600,1600,1600,1600,1600,27,0,450,529.5925925925926,184,1560,9882.592592592593
1637164689,1,GET,/auth/find-friends/,0.700000,0.000000,470,470,610,1100,1200,1200,1200,1200,1200,1200,1200,335,0,210,251.0268656716418,24,1263,1974.0
1637164689,1,GET,/auth/login/,0.000000,0.000000,0,0,0,0,0,0,0,0,0,0,0,1,0,208,208.0,208,208,2961.0
1637164689,1,POST,/auth/login/,0.000000,0.000000,1500,1500,1500,1500,1500,1500,1500,1500,1500,1500,1500,33,0,450,643.2727272727273,114,2490,10109.848484848484
1637164689,1,GET,/auth/logout/,0.000000,0.000000,350,350,350,350,350,350,350,350,350,350,350,32,0,170,271.125,10,2509,1712.0
1637164689,1,POST,/auth/modify-friend/,0.300000,0.000000,320,400,400,610,610,610,610,610,610,610,610,167,0,190,246.00598802395209,42,4340,1713.0
1637164689,1,GET,/public/,0.400000,0.000000,410,410,540,540,920,920,920,920,920,920,920,168,0,250,298.0,79,940,10216.190476190477
1637164689,1,,Aggregated,1.800000,0.000000,360,470,560,610,620,1100,1200,1200,1200,1200,1200,951,0,230,295.22712933753945,10,4340,5520.3154574132495
1637164690,1,GET,/,0.300000,0.000000,560,560,620,620,620,620,620,620,620,620,620,189,0,230,324.6878306878307,79,3450,10256.910052910052
1637164690,1,POST,/,0.000000,0.000000,1600,1600,1600,1600,1600,1600,1600,1600,1600,1600,1600,27,0,450,529.5925925925926,184,1560,9882.592592592593
1637164690,1,GET,/auth/find-friends/,0.800000,0.000000,450,470,610,610,1100,1200,1200,1200,1200,1200,1200,336,0,210,251.63095238095238,24,1263,1974.0
1637164690,1,GET,/auth/login/,0.000000,0.000000,0,0,0,0,0,0,0,0,0,0,0,1,0,208,208.0,208,208,2961.0
1637164690,1,POST,/auth/login/,0.000000,0.000000,1500,1500,1500,1500,1500,1500,1500,1500,1500,1500,1500,33,0,450,643.2727272727273,114,2490,10109.848484848484
1637164690,1,GET,/auth/logout/,0.000000,0.000000,0,0,0,0,0,0,0,0,0,0,0,32,0,170,271.125,10,2509,1712.0
1637164690,1,POST,/auth/modify-friend/,0.400000,0.000000,320,320,400,400,610,610,610,610,610,610,610,168,0,190,246.25,42,4340,1713.0
1637164690,1,GET,/public/,0.500000,0.000000,360,410,410,540,540,540,540,540,540,540,540,168,0,250,298.0,79,940,10216.190476190477
1637164690,1,,Aggregated,2.000000,0.000000,340,410,470,540,610,620,1200,1200,1200,1200,1200,954,0,230,295.3448637316562,10,4340,5517.9496855345915
1637164691,1,GET,/,0.300000,0.000000,280,280,620,620,620,620,620,620,620,620,620,189,0,230,324.6878306878307,79,3450,10256.910052910052
1637164691,1,POST,/,0.000000,0.000000,1600,1600,1600,1600,1600,1600,1600,1600,1600,1600,1600,27,0,450,529.5925925925926,184,1560,9882.592592592593
1637164691,1,GET,/auth/find-friends/,1.000000,0.000000,340,450,470,470,610,1200,1200,1200,1200,1200,1200,338,0,210,251.31065088757396,24,1263,1974.0
1637164691,1,GET,/auth/login/,0.000000,0.000000,0,0,0,0,0,0,0,0,0,0,0,1,0,208,208.0,208,208,2961.0
1637164691,1,POST,/auth/login/,0.000000,0.000000,1500,1500,1500,1500,1500,1500,1500,1500,1500,1500,1500,33,0,450,643.2727272727273,114,2490,10109.848484848484
1637164691,1,GET,/auth/logout/,0.000000,0.000000,0,0,0,0,0,0,0,0,0,0,0,32,0,170,271.125,10,2509,1712.0
1637164691,1,POST,/auth/modify-friend/,0.500000,0.000000,300,300,320,320,400,400,400,400,400,400,400,169,0,190,246.5976331360947,42,4340,1713.0
1637164691,1,GET,/public/,0.500000,0.000000,360,360,410,410,540,540,540,540,540,540,540,169,0,250,297.94674556213016,79,940,10216.473372781065
1637164691,1,,Aggregated,2.300000,0.000000,320,360,450,470,610,620,1200,1200,1200,1200,1200,958,0,230,295.1440501043841,10,4340,5511.533402922756
1637164692,1,GET,/,0.300000,0.000000,280,280,620,620,620,620,620,620,620,620,620,189,0,230,324.6878306878307,79,3450,10256.910052910052
1637164692,1,POST,/,0.000000,0.000000,1600,1600,1600,1600,1600,1600,1600,1600,1600,1600,1600,27,0,450,529.5925925925926,184,1560,9882.592592592593
1637164692,1,GET,/auth/find-friends/,1.000000,0.000000,340,470,470,490,610,1200,1200,1200,1200,1200,1200,340,0,210,252.19117647058823,24,1263,1974.0
1637164692,1,GET,/auth/login/,0.000000,0.000000,0,0,0,0,0,0,0,0,0,0,0,1,0,208,208.0,208,208,2961.0
1637164692,1,POST,/auth/login/,0.000000,0.000000,0,0,0,0,0,0,0,0,0,0,0,33,0,450,643.2727272727273,114,2490,10109.848484848484
1637164692,1,GET,/auth/logout/,0.000000,0.000000,0,0,0,0,0,0,0,0,0,0,0,32,0,170,271.125,10,2509,1712.0
1637164692,1,POST,/auth/modify-friend/,0.500000,0.000000,300,300,320,320,400,400,400,400,400,400,400,169,0,190,246.5976331360947,42,4340,1713.0
1637164692,1,GET,/public/,0.500000,0.000000,320,360,410,410,540,540,540,540,540,540,540,170,0,250,298.1,79,940,10215.064705882352
1637164692,1,,Aggregated,2.300000,0.000000,320,360,450,470,540,610,1200,1200,1200,1200,1200,961,0,230,295.3943808532778,10,4340,5508.817898022893
1637164693,1,GET,/,0.400000,0.000000,280,280,280,280,280,280,280,280,280,280,280,189,0,230,324.6878306878307,79,3450,10256.910052910052
1637164693,1,POST,/,0.000000,0.000000,1600,1600,1600,1600,1600,1600,1600,1600,1600,1600,1600,27,0,450,529.5925925925926,184,1560,9882.592592592593
1637164693,1,GET,/auth/find-friends/,1.000000,0.000000,340,450,490,490,610,1200,1200,1200,1200,1200,1200,340,0,210,252.19117647058823,24,1263,1974.0
1637164693,1,GET,/auth/login/,0.000000,0.000000,0,0,0,0,0,0,0,0,0,0,0,1,0,208,208.0,208,208,2961.0
1637164693,1,POST,/auth/login/,0.000000,0.000000,0,0,0,0,0,0,0,0,0,0,0,33,0,450,643.2727272727273,114,2490,10109.848484848484
1637164693,1,GET,/auth/logout/,0.000000,0.000000,0,0,0,0,0,0,0,0,0,0,0,32,0,170,271.125,10,2509,1712.0
1637164693,1,POST,/auth/modify-friend/,0.500000,0.000000,300,300,320,320,470,470,470,470,470,470,470,170,0,190,247.89411764705883,42,4340,1713.0
1637164693,1,GET,/public/,0.500000,0.000000,360,360,410,410,540,540,540,540,540,540,540,170,0,250,298.1,79,940,10215.064705882352
1637164693,1,,Aggregated,2.400000,0.000000,320,360,450,470,540,610,1200,1200,1200,1200,1200,962,0,230,295.5727650727651,10,4340,5504.872141372141
1637164694,1,GET,/,0.300000,0.000000,280,280,1500,1500,1500,1500,1500,1500,1500,1500,1500,190,0,230,330.61578947368423,79,3450,10257.98947368421
1637164694,1,POST,/,0.000000,0.000000,1600,1600,1600,1600,1600,1600,1600,1600,1600,1600,1600,27,0,450,529.5925925925926,184,1560,9882.592592592593
1637164694,1,GET,/auth/find-friends/,1.200000,0.000000,340,450,490,490,610,1200,1200,1200,1200,1200,1200,340,0,210,252.19117647058823,24,1263,1974.0
1637164694,1,GET,/auth/login/,0.000000,0.000000,0,0,0,0,0,0,0,0,0,0,0,1,0,208,208.0,208,208,2961.0
1637164694,1,POST,/auth/login/,0.000000,0.000000,0,0,0,0,0,0,0,0,0,0,0,33,0,450,643.2727272727273,114,2490,10109.848484848484
1637164694,1,GET,/auth/logout/,0.000000,0.000000,0,0,0,0,0,0,0,0,0,0,0,32,0,170,271.125,10,2509,1712.0
1637164694,1,POST,/auth/modify-friend/,0.600000,0.000000,300,300,320,320,470,470,470,470,470,470,470,170,0,190,247.89411764705883,42,4340,1713.0
1637164694,1,GET,/public/,0.600000,0.000000,320,360,360,410,410,410,410,410,410,410,410,170,0,250,298.1,79,940,10215.064705882352
1637164694,1,,Aggregated,2.700000,0.000000,320,410,470,470,610,1200,1500,1500,1500,1500,1500,963,0,230,296.7725856697819,10,4340,5510.019730010385
1637164696,1,GET,/,0.200000,0.000000,280,280,280,280,1500,1500,1500,1500,1500,1500,1500,193,0,230,328.90673575129534,79,3450,10261.549222797927
1637164696,1,POST,/,0.000000,0.000000,440,440,440,440,440,440,440,440,440,440,440,28,0,440,526.2142857142857,184,1560,9905.464285714286
1637164696,1,GET,/auth/find-friends/,1.300000,0.000000,330,450,490,610,1200,1200,1200,1200,1200,1200,1200,340,0,210,252.19117647058823,24,1263,1974.0
1637164696,1,GET,/auth/login/,0.000000,0.000000,0,0,0,0,0,0,0,0,0,0,0,1,0,208,208.0,208,208,2961.0
1637164696,1,POST,/auth/login/,0.000000,0.000000,0,0,0,0,0,0,0,0,0,0,0,33,0,450,643.2727272727273,114,2490,10109.848484848484
1637164696,1,GET,/auth/logout/,0.000000,0.000000,0,0,0,0,0,0,0,0,0,0,0,32,0,170,271.125,10,2509,1712.0
1637164696,1,POST,/auth/modify-friend/,0.600000,0.000000,300,320,320,470,470,470,470,470,470,470,470,170,0,190,247.89411764705883,42,4340,1713.0
1637164696,1,GET,/public/,0.600000,0.000000,320,320,410,410,410,410,410,410,410,410,410,170,0,250,298.1,79,940,10215.064705882352
1637164696,1,,Aggregated,2.700000,0.000000,310,330,450,470,610,1200,1500,1500,1500,1500,1500,967,0,230,296.6794208893485,10,4340,5530.644260599794
1637164697,1,GET,/,0.300000,0.000000,210,260,280,280,1500,1500,1500,1500,1500,1500,1500,196,0,230,326.3775510204082,79,3450,10265.627551020409
1637164697,1,POST,/,0.000000,0.000000,440,440,440,440,440,440,440,440,440,440,440,28,0,440,526.2142857142857,184,1560,9905.464285714286
1637164697,1,GET,/auth/find-friends/,1.000000,0.000000,310,330,450,490,610,610,610,610,610,610,610,342,0,210,251.82456140350877,24,1263,1974.0
1637164697,1,GET,/auth/login/,0.000000,0.000000,0,0,0,0,0,0,0,0,0,0,0,1,0,208,208.0,208,208,2961.0
1637164697,1,POST,/auth/login/,0.000000,0.000000,0,0,0,0,0,0,0,0,0,0,0,33,0,450,643.2727272727273,114,2490,10109.848484848484
1637164697,1,GET,/auth/logout/,0.000000,0.000000,0,0,0,0,0,0,0,0,0,0,0,32,0,170,271.125,10,2509,1712.0
1637164697,1,POST,/auth/modify-friend/,0.500000,0.000000,290,300,300,470,470,470,470,470,470,470,470,171,0,190,247.06432748538012,42,4340,1713.0
1637164697,1,GET,/public/,0.500000,0.000000,290,290,320,320,320,320,320,320,320,320,320,171,0,250,297.0643274853801,79,940,10215.678362573099
1637164697,1,,Aggregated,2.300000,0.000000,280,300,330,440,490,610,1500,1500,1500,1500,1500,974,0,230,295.6735112936345,10,4340,5539.731006160165
1637164698,1,GET,/,0.300000,0.000000,210,260,280,280,1500,1500,1500,1500,1500,1500,1500,196,0,230,326.3775510204082,79,3450,10265.627551020409
1637164698,1,POST,/,0.000000,0.000000,440,440,440,440,440,440,440,440,440,440,440,28,0,440,526.2142857142857,184,1560,9905.464285714286
1637164698,1,GET,/auth/find-friends/,1.000000,0.000000,250,310,450,490,610,610,610,610,610,610,610,344,0,210,251.43023255813952,24,1263,1974.0
1637164698,1,GET,/auth/login/,0.000000,0.000000,0,0,0,0,0,0,0,0,0,0,0,1,0,208,208.0,208,208,2961.0
1637164698,1,POST,/auth/login/,0.000000,0.000000,0,0,0,0,0,0,0,0,0,0,0,33,0,450,643.2727272727273,114,2490,10109.848484848484
1637164698,1,GET,/auth/logout/,0.000000,0.000000,0,0,0,0,0,0,0,0,0,0,0,32,0,170,271.125,10,2509,1712.0
1637164698,1,POST,/auth/modify-friend/,0.500000,0.000000,290,300,300,470,470,470,470,470,470,470,470,171,0,190,247.06432748538012,42,4340,1713.0
1637164698,1,GET,/public/,0.500000,0.000000,290,320,320,510,510,510,510,510,510,510,510,172,0,250,298.3255813953488,79,940,10214.709302325582
1637164698,1,,Aggregated,2.300000,0.000000,260,300,440,450,510,610,1500,1500,1500,1500,1500,977,0,230,295.66837256908906,10,4340,5537.047082906858
1637164699,1,GET,/,0.500000,0.000000,210,260,280,280,1500,1500,1500,1500,1500,1500,1500,196,0,230,326.3775510204082,79,3450,10265.627551020409
1637164699,1,POST,/,0.100000,0.000000,440,440,440,440,440,440,440,440,440,440,440,28,0,440,526.2142857142857,184,1560,9905.464285714286
1637164699,1,GET,/auth/find-friends/,1.000000,0.000000,190,200,250,310,450,490,490,490,490,490,490,348,0,210,249.63793103448276,24,1263,1974.0
1637164699,1,GET,/auth/login/,0.000000,0.000000,0,0,0,0,0,0,0,0,0,0,0,1,0,208,208.0,208,208,2961.0
1637164699,1,POST,/auth/login/,0.000000,0.000000,0,0,0,0,0,0,0,0,0,0,0,33,0,450,643.2727272727273,114,2490,10109.848484848484
1637164699,1,GET,/auth/logout/,0.000000,0.000000,0,0,0,0,0,0,0,0,0,0,0,32,0,170,271.125,10,2509,1712.0
1637164699,1,POST,/auth/modify-friend/,0.500000,0.000000,290,290,300,300,470,470,470,470,470,470,470,173,0,190,245.58381502890174,42,4340,1713.0
1637164699,1,GET,/public/,0.400000,0.000000,290,290,320,320,510,510,510,510,510,510,510,174,0,250,297.1666666666667,79,940,10213.114942528735
1637164699,1,,Aggregated,2.500000,0.000000,200,280,300,320,470,510,1500,1500,1500,1500,1500,985,0,230,294.297461928934,10,4340,5524.029441624365
1637164700,1,GET,/,0.700000,0.000000,200,210,260,280,1500,1500,1500,1500,1500,1500,1500,198,0,220,324.8888888888889,79,3450,10266.666666666666
1637164700,1,POST,/,0.100000,0.000000,440,440,440,440,440,440,440,440,440,440,440,28,0,440,526.2142857142857,184,1560,9905.464285714286
1637164700,1,GET,/auth/find-friends/,1.100000,0.000000,180,190,200,250,310,490,490,490,490,490,490,350,0,210,249.13142857142856,24,1263,1974.0
1637164700,1,GET,/auth/login/,0.000000,0.000000,0,0,0,0,0,0,0,0,0,0,0,1,0,208,208.0,208,208,2961.0
1637164700,1,POST,/auth/login/,0.000000,0.000000,0,0,0,0,0,0,0,0,0,0,0,33,0,450,643.2727272727273,114,2490,10109.848484848484
1637164700,1,GET,/auth/logout/,0.000000,0.000000,0,0,0,0,0,0,0,0,0,0,0,32,0,170,271.125,10,2509,1712.0
1637164700,1,POST,/auth/modify-friend/,0.600000,0.000000,160,160,300,300,470,470,470,470,470,470,470,174,0,190,244.9022988505747,42,4340,1713.0
1637164700,1,GET,/public/,0.500000,0.000000,230,290,320,320,510,510,510,510,510,510,510,175,0,250,296.5257142857143,79,940,10213.034285714286
1637164700,1,,Aggregated,3.000000,0.000000,190,210,280,300,470,510,1500,1500,1500,1500,1500,991,0,230,293.5166498486377,10,4340,5527.513622603431
1637164701,1,GET,/,0.800000,0.000000,200,210,260,260,280,1500,1500,1500,1500,1500,1500,199,0,220,324.29145728643215,79,3450,10267.698492462312
1637164701,1,POST,/,0.100000,0.000000,440,440,440,440,440,440,440,440,440,440,440,28,0,440,526.2142857142857,184,1560,9905.464285714286
1637164701,1,GET,/auth/find-friends/,1.200000,0.000000,170,180,250,250,310,490,490,490,490,490,490,350,0,210,249.13142857142856,24,1263,1974.0
1637164701,1,GET,/auth/login/,0.000000,0.000000,0,0,0,0,0,0,0,0,0,0,0,1,0,208,208.0,208,208,2961.0
1637164701,1,POST,/auth/login/,0.000000,0.000000,0,0,0,0,0,0,0,0,0,0,0,33,0,450,643.2727272727273,114,2490,10109.848484848484
1637164701,1,GET,/auth/logout/,0.000000,0.000000,0,0,0,0,0,0,0,0,0,0,0,32,0,170,271.125,10,2509,1712.0
1637164701,1,POST,/auth/modify-friend/,0.500000,0.000000,160,190,300,300,470,470,470,470,470,470,470,175,0,190,244.58285714285714,42,4340,1713.0
1637164701,1,GET,/public/,0.500000,0.000000,230,240,320,320,510,510,510,510,510,510,510,176,0,250,296.21022727272725,79,940,10213.295454545454
1637164701,1,,Aggregated,3.100000,0.000000,190,210,250,280,470,510,1500,1500,1500,1500,1500,994,0,230,293.27062374245475,10,4340,5533.41046277666
1637164702,1,GET,/,1.000000,0.000000,210,210,280,280,300,1500,1500,1500,1500,1500,1500,201,0,220,323.6169154228856,79,3450,10269.955223880597
1637164702,1,POST,/,0.100000,0.000000,440,440,440,440,440,440,440,440,440,440,440,28,0,440,526.2142857142857,184,1560,9905.464285714286
1637164702,1,GET,/auth/find-friends/,1.500000,0.000000,180,200,250,310,490,530,530,530,530,530,530,352,0,210,249.79261363636363,24,1263,1974.0
1637164702,1,GET,/auth/login/,0.000000,0.000000,0,0,0,0,0,0,0,0,0,0,0,1,0,208,208.0,208,208,2961.0
1637164702,1,POST,/auth/login/,0.000000,0.000000,0,0,0,0,0,0,0,0,0,0,0,33,0,450,643.2727272727273,114,2490,10109.848484848484
1637164702,1,GET,/auth/logout/,0.000000,0.000000,0,0,0,0,0,0,0,0,0,0,0,32,0,170,271.125,10,2509,1712.0
1637164702,1,POST,/auth/modify-friend/,0.700000,0.000000,130,160,190,190,470,470,470,470,470,470,470,176,0,190,243.79545454545453,42,4340,1713.0
1637164702,1,GET,/public/,0.700000,0.000000,230,240,320,320,510,510,510,510,510,510,510,176,0,250,296.21022727272725,79,940,10213.295454545454
1637164702,1,,Aggregated,4.000000,0.000000,190,210,230,250,470,530,1500,1500,1500,1500,1500,999,0,230,293.1541541541541,10,4340,5532.392392392392
1637164703,1,GET,/,1.000000,0.000000,210,210,280,280,300,1500,1500,1500,1500,1500,1500,201,0,220,323.6169154228856,79,3450,10269.955223880597
1637164703,1,POST,/,0.100000,0.000000,440,440,440,440,440,440,440,440,440,440,440,28,0,440,526.2142857142857,184,1560,9905.464285714286
1637164703,1,GET,/auth/find-friends/,1.400000,0.000000,170,190,240,250,490,530,530,530,530,530,530,356,0,210,248.4129213483146,24,1263,1974.0
1637164703,1,GET,/auth/login/,0.000000,0.000000,0,0,0,0,0,0,0,0,0,0,0,1,0,208,208.0,208,208,2961.0
1637164703,1,POST,/auth/login/,0.000000,0.000000,0,0,0,0,0,0,0,0,0,0,0,33,0,450,643.2727272727273,114,2490,10109.848484848484
1637164703,1,GET,/auth/logout/,0.000000,0.000000,0,0,0,0,0,0,0,0,0,0,0,32,0,170,271.125,10,2509,1712.0
1637164703,1,POST,/auth/modify-friend/,0.700000,0.000000,160,160,190,190,470,470,470,470,470,470,470,177,0,190,243.32203389830508,42,4340,1713.0
1637164703,1,GET,/public/,0.800000,0.000000,230,240,240,320,510,510,510,510,510,510,510,178,0,250,295.42134831460675,79,940,10213.657303370786
1637164703,1,,Aggregated,4.000000,0.000000,180,210,230,240,300,510,1500,1500,1500,1500,1500,1006,0,230,292.227634194831,10,4340,5523.817097415507
1637164704,1,GET,/,1.000000,0.000000,210,210,240,240,280,300,300,300,300,300,300,202,0,220,323.2079207920792,79,3450,10270.50495049505
1637164704,1,POST,/,0.100000,0.000000,440,440,440,440,440,440,440,440,440,440,440,28,0,440,526.2142857142857,184,1560,9905.464285714286
1637164704,1,GET,/auth/find-friends/,1.400000,0.000000,150,180,200,200,250,530,530,530,530,530,530,356,0,210,248.4129213483146,24,1263,1974.0
1637164704,1,GET,/auth/login/,0.000000,0.000000,0,0,0,0,0,0,0,0,0,0,0,1,0,208,208.0,208,208,2961.0
1637164704,1,POST,/auth/login/,0.000000,0.000000,0,0,0,0,0,0,0,0,0,0,0,33,0,450,643.2727272727273,114,2490,10109.848484848484
1637164704,1,GET,/auth/logout/,0.000000,0.000000,90,90,90,90,90,90,90,90,90,90,90,33,0,170,265.6363636363636,10,2509,1712.0
1637164704,1,POST,/auth/modify-friend/,0.700000,0.000000,160,160,190,190,200,200,200,200,200,200,200,178,0,190,243.1011235955056,42,4340,1713.0
1637164704,1,GET,/public/,0.800000,0.000000,230,240,240,240,510,510,510,510,510,510,510,178,0,250,295.42134831460675,79,940,10213.657303370786
1637164704,1,,Aggregated,4.000000,0.000000,180,200,220,240,280,440,530,530,530,530,530,1009,0,230,291.8889990089197,10,4340,5521.076313181367
1637164705,1,GET,/,1.000000,0.000000,210,210,220,240,300,300,300,300,300,300,300,202,0,220,323.2079207920792,79,3450,10270.50495049505
1637164705,1,POST,/,0.100000,0.000000,440,440,440,440,440,440,440,440,440,440,440,28,0,440,526.2142857142857,184,1560,9905.464285714286
1637164705,1,GET,/auth/find-friends/,1.400000,0.000000,150,180,200,200,250,530,530,530,530,530,530,356,0,210,248.4129213483146,24,1263,1974.0
1637164705,1,GET,/auth/login/,0.000000,0.000000,0,0,0,0,0,0,0,0,0,0,0,1,0,208,208.0,208,208,2961.0
1637164705,1,POST,/auth/login/,0.000000,0.000000,0,0,0,0,0,0,0,0,0,0,0,33,0,450,643.2727272727273,114,2490,10109.848484848484
1637164705,1,GET,/auth/logout/,0.000000,0.000000,90,90,90,90,90,90,90,90,90,90,90,33,0,170,265.6363636363636,10,2509,1712.0
1637164705,1,POST,/auth/modify-friend/,0.700000,0.000000,160,160,190,190,200,200,200,200,200,200,200,178,0,190,243.1011235955056,42,4340,1713.0
1637164705,1,GET,/public/,0.800000,0.000000,230,240,240,240,510,510,510,510,510,510,510,178,0,250,295.42134831460675,79,940,10213.657303370786
1637164705,1,,Aggregated,4.000000,0.000000,170,200,210,230,240,300,530,530,530,530,530,1009,0,230,291.8889990089197,10,4340,5521.076313181367
1637164706,1,GET,/,1.000000,0.000000,210,220,240,240,300,300,300,300,300,300,300,202,0,220,323.2079207920792,79,3450,10270.50495049505
1637164706,1,POST,/,0.100000,0.000000,440,440,440,440,440,440,440,440,440,440,440,28,0,440,526.2142857142857,184,1560,9905.464285714286
1637164706,1,GET,/auth/find-friends/,1.400000,0.000000,150,180,190,200,240,530,530,530,530,530,530,356,0,210,248.4129213483146,24,1263,1974.0
1637164706,1,GET,/auth/login/,0.000000,0.000000,0,0,0,0,0,0,0,0,0,0,0,1,0,208,208.0,208,208,2961.0
1637164706,1,POST,/auth/login/,0.000000,0.000000,0,0,0,0,0,0,0,0,0,0,0,33,0,450,643.2727272727273,114,2490,10109.848484848484
1637164706,1,GET,/auth/logout/,0.000000,0.000000,90,90,90,90,90,90,90,90,90,90,90,33,0,170,265.6363636363636,10,2509,1712.0
1637164706,1,POST,/auth/modify-friend/,0.700000,0.000000,160,160,190,190,200,200,200,200,200,200,200,178,0,190,243.1011235955056,42,4340,1713.0
1637164706,1,GET,/public/,0.800000,0.000000,230,240,240,240,510,510,510,510,510,510,510,178,0,250,295.42134831460675,79,940,10213.657303370786
1637164706,1,,Aggregated,4.000000,0.000000,180,200,220,230,240,510,530,530,530,530,530,1009,0,230,291.8889990089197,10,4340,5521.076313181367
1637164707,1,GET,/,1.200000,0.000000,210,220,240,240,300,300,300,300,300,300,300,202,0,220,323.2079207920792,79,3450,10270.50495049505
1637164707,1,POST,/,0.100000,0.000000,440,440,440,440,440,440,440,440,440,440,440,28,0,440,526.2142857142857,184,1560,9905.464285714286
1637164707,1,GET,/auth/find-friends/,1.600000,0.000000,140,150,200,200,240,530,530,530,530,530,530,356,0,210,248.4129213483146,24,1263,1974.0
1637164707,1,GET,/auth/login/,0.000000,0.000000,0,0,0,0,0,0,0,0,0,0,0,1,0,208,208.0,208,208,2961.0
1637164707,1,POST,/auth/login/,0.000000,0.000000,0,0,0,0,0,0,0,0,0,0,0,34,0,450,695.2647058823529,114,2490,10114.70588235294
1637164707,1,GET,/auth/logout/,0.100000,0.000000,90,90,90,90,90,90,90,90,90,90,90,33,0,170,265.6363636363636,10,2509,1712.0
1637164707,1,POST,/auth/modify-friend/,0.800000,0.000000,160,160,190,190,200,200,200,200,200,200,200,178,0,190,243.1011235955056,42,4340,1713.0
1637164707,1,GET,/public/,0.800000,0.000000,230,230,240,240,240,240,240,240,240,240,240,178,0,250,295.42134831460675,79,940,10213.657303370786
1637164707,1,,Aggregated,4.600000,0.000000,170,200,220,240,240,530,2400,2400,2400,2400,2400,1010,0,230,293.9871287128713,10,4340,5525.7831683168315
1637164708,1,GET,/,0.900000,0.000000,220,240,270,270,300,300,300,300,300,300,300,203,0,230,322.935960591133,79,3450,10270.551724137931
1637164708,1,POST,/,0.000000,0.000000,440,440,440,440,440,440,440,440,440,440,440,28,0,440,526.2142857142857,184,1560,9905.464285714286
1637164708,1,GET,/auth/find-friends/,1.600000,0.000000,180,200,240,250,530,530,530,530,530,530,530,358,0,210,248.2094972067039,24,1263,1974.0
1637164708,1,GET,/auth/login/,0.000000,0.000000,0,0,0,0,0,0,0,0,0,0,0,1,0,208,208.0,208,208,2961.0
1637164708,1,POST,/auth/login/,0.000000,0.000000,2400,2400,2400,2400,2400,2400,2400,2400,2400,2400,2400,34,0,450,695.2647058823529,114,2490,10114.70588235294
1637164708,1,GET,/auth/logout/,0.100000,0.000000,90,90,90,90,90,90,90,90,90,90,90,33,0,170,265.6363636363636,10,2509,1712.0
1637164708,1,POST,/auth/modify-friend/,0.800000,0.000000,160,190,190,200,200,200,200,200,200,200,200,178,0,190,243.1011235955056,42,4340,1713.0
1637164708,1,GET,/public/,0.800000,0.000000,240,240,240,310,310,310,310,310,310,310,310,179,0,250,295.52513966480444,79,940,10213.50279329609
1637164708,1,,Aggregated,4.200000,0.000000,200,240,240,250,310,530,2400,2400,2400,2400,2400,1014,0,230,293.8195266272189,10,4340,5528.0621301775145
1637164709,1,GET,/,0.700000,0.000000,270,270,300,300,340,340,340,340,340,340,340,204,0,230,323.0098039215686,79,3450,10271.774509803921
1637164709,1,POST,/,0.000000,0.000000,440,440,440,440,440,440,440,440,440,440,440,28,0,440,526.2142857142857,184,1560,9905.464285714286
1637164709,1,GET,/auth/find-friends/,1.400000,0.000000,180,200,240,250,530,530,530,530,530,530,530,358,0,210,248.2094972067039,24,1263,1974.0
1637164709,1,GET,/auth/login/,0.000000,0.000000,0,0,0,0,0,0,0,0,0,0,0,1,0,208,208.0,208,208,2961.0
1637164709,1,POST,/auth/login/,0.000000,0.000000,2400,2400,2400,2400,2400,2400,2400,2400,2400,2400,2400,34,0,450,695.2647058823529,114,2490,10114.70588235294
1637164709,1,GET,/auth/logout/,0.100000,0.000000,90,90,90,90,90,90,90,90,90,90,90,33,0,170,265.6363636363636,10,2509,1712.0
1637164709,1,POST,/auth/modify-friend/,0.700000,0.000000,190,200,200,220,220,220,220,220,220,220,220,179,0,190,242.9832402234637,42,4340,1713.0
1637164709,1,GET,/public/,0.700000,0.000000,240,310,310,440,440,440,440,440,440,440,440,180,0,250,296.3333333333333,79,940,10213.505555555555
1637164709,1,,Aggregated,3.600000,0.000000,220,240,270,300,440,530,2400,2400,2400,2400,2400,1017,0,230,293.937069813176,10,4340,5533.826941986234
1637164710,1,GET,/,0.700000,0.000000,270,300,300,340,340,340,340,340,340,340,340,204,0,230,323.0098039215686,79,3450,10271.774509803921
1637164710,1,POST,/,0.000000,0.000000,440,440,440,440,440,440,440,440,440,440,440,28,0,440,526.2142857142857,184,1560,9905.464285714286
1637164710,1,GET,/auth/find-friends/,1.300000,0.000000,180,200,240,240,250,530,530,530,530,530,530,362,0,210,246.82596685082873,24,1263,1974.0
1637164710,1,GET,/auth/login/,0.000000,0.000000,0,0,0,0,0,0,0,0,0,0,0,1,0,208,208.0,208,208,2961.0
1637164710,1,POST,/auth/login/,0.100000,0.000000,2400,2400,2400,2400,2400,2400,2400,2400,2400,2400,2400,34,0,450,695.2647058823529,114,2490,10114.70588235294
1637164710,1,GET,/auth/logout/,0.100000,0.000000,90,90,90,90,90,90,90,90,90,90,90,33,0,170,265.6363636363636,10,2509,1712.0
1637164710,1,POST,/auth/modify-friend/,0.700000,0.000000,160,160,200,200,220,220,220,220,220,220,220,181,0,190,241.4972375690608,42,4340,1713.0
1637164710,1,GET,/public/,0.700000,0.000000,240,240,310,310,440,440,440,440,440,440,440,182,0,250,295.2142857142857,79,940,10211.92857142857
1637164710,1,,Aggregated,3.600000,0.000000,200,240,250,270,340,530,2400,2400,2400,2400,2400,1025,0,220,292.7141463414634,10,4340,5521.330731707317
1637164711,1,GET,/,0.800000,0.000000,270,300,300,340,340,340,340,340,340,340,340,205,0,230,322.89268292682925,79,3450,10271.717073170732
1637164711,1,POST,/,0.000000,0.000000,440,440,440,440,440,440,440,440,440,440,440,28,0,440,526.2142857142857,184,1560,9905.464285714286
1637164711,1,GET,/auth/find-friends/,1.000000,0.000000,160,180,240,240,250,280,280,280,280,280,280,364,0,210,246.70054945054946,24,1263,1974.0
1637164711,1,GET,/auth/login/,0.000000,0.000000,0,0,0,0,0,0,0,0,0,0,0,1,0,208,208.0,208,208,2961.0
1637164711,1,POST,/auth/login/,0.100000,0.000000,2400,2400,2400,2400,2400,2400,2400,2400,2400,2400,2400,34,0,450,695.2647058823529,114,2490,10114.70588235294
1637164711,1,GET,/auth/logout/,0.100000,0.000000,90,90,90,90,90,90,90,90,90,90,90,33,0,170,265.6363636363636,10,2509,1712.0
1637164711,1,POST,/auth/modify-friend/,0.600000,0.000000,200,200,220,220,240,240,240,240,240,240,240,182,0,190,241.5054945054945,42,4340,1713.0
1637164711,1,GET,/public/,0.500000,0.000000,240,240,310,310,440,440,440,440,440,440,440,182,0,250,295.2142857142857,79,940,10211.92857142857
1637164711,1,,Aggregated,3.100000,0.000000,210,240,250,270,310,440,2400,2400,2400,2400,2400,1029,0,230,292.53838678328475,10,4340,5515.340136054422
1637164712,1,GET,/,0.800000,0.000000,300,300,340,340,450,450,450,450,450,450,450,207,0,230,322.6473429951691,79,3450,10271.579710144928
1637164712,1,POST,/,0.000000,0.000000,440,440,440,440,440,440,440,440,440,440,440,28,0,440,526.2142857142857,184,1560,9905.464285714286
1637164712,1,GET,/auth/find-friends/,1.000000,0.000000,180,220,240,250,280,280,280,280,280,280,280,364,0,210,246.70054945054946,24,1263,1974.0
1637164712,1,GET,/auth/login/,0.000000,0.000000,0,0,0,0,0,0,0,0,0,0,0,1,0,208,208.0,208,208,2961.0
1637164712,1,POST,/auth/login/,0.100000,0.000000,2400,2400,2400,2400,2400,2400,2400,2400,2400,2400,2400,34,0,450,695.2647058823529,114,2490,10114.70588235294
1637164712,1,GET,/auth/logout/,0.100000,0.000000,90,90,90,90,90,90,90,90,90,90,90,33,0,170,265.6363636363636,10,2509,1712.0
1637164712,1,POST,/auth/modify-friend/,0.600000,0.000000,200,220,220,240,240,240,240,240,240,240,240,182,0,190,241.5054945054945,42,4340,1713.0
1637164712,1,GET,/public/,0.500000,0.000000,240,240,310,310,440,440,440,440,440,440,440,182,0,250,295.2142857142857,79,940,10211.92857142857
1637164712,1,,Aggregated,3.100000,0.000000,220,250,280,300,440,450,2400,2400,2400,2400,2400,1031,0,230,292.54801163918523,10,4340,5524.539282250243
1637164713,1,GET,/,0.500000,0.000000,340,450,560,560,630,630,630,630,630,630,630,209,0,230,325.2488038277512,79,3450,10271.244019138756
1637164713,1,POST,/,0.000000,0.000000,0,0,0,0,0,0,0,0,0,0,0,28,0,440,526.2142857142857,184,1560,9905.464285714286
1637164713,1,GET,/auth/find-friends/,1.400000,0.000000,180,220,240,250,280,280,280,280,280,280,280,364,0,210,246.70054945054946,24,1263,1974.0
1637164713,1,GET,/auth/login/,0.000000,0.000000,0,0,0,0,0,0,0,0,0,0,0,1,0,208,208.0,208,208,2961.0
1637164713,1,POST,/auth/login/,0.100000,0.000000,2400,2400,2400,2400,2400,2400,2400,2400,2400,2400,2400,34,0,450,695.2647058823529,114,2490,10114.70588235294
1637164713,1,GET,/auth/logout/,0.100000,0.000000,90,90,90,90,90,90,90,90,90,90,90,33,0,170,265.6363636363636,10,2509,1712.0
1637164713,1,POST,/auth/modify-friend/,0.700000,0.000000,200,220,220,240,240,240,240,240,240,240,240,182,0,190,241.5054945054945,42,4340,1713.0
1637164713,1,GET,/public/,0.600000,0.000000,240,240,310,310,440,440,440,440,440,440,440,182,0,250,295.2142857142857,79,940,10211.92857142857
1637164713,1,,Aggregated,3.400000,0.000000,240,270,310,340,560,630,2400,2400,2400,2400,2400,1033,0,230,293.1326234269119,10,4340,5533.662149080348
1637164714,1,GET,/,0.500000,0.000000,340,450,480,560,630,630,630,630,630,630,630,210,0,230,325.96666666666664,79,3450,10272.261904761905
1637164714,1,POST,/,0.000000,0.000000,0,0,0,0,0,0,0,0,0,0,0,28,0,440,526.2142857142857,184,1560,9905.464285714286
1637164714,1,GET,/auth/find-friends/,1.400000,0.000000,180,220,240,250,280,280,280,280,280,280,280,364,0,210,246.70054945054946,24,1263,1974.0
1637164714,1,GET,/auth/login/,0.000000,0.000000,0,0,0,0,0,0,0,0,0,0,0,1,0,208,208.0,208,208,2961.0
1637164714,1,POST,/auth/login/,0.100000,0.000000,2400,2400,2400,2400,2400,2400,2400,2400,2400,2400,2400,34,0,450,695.2647058823529,114,2490,10114.70588235294
1637164714,1,GET,/auth/logout/,0.100000,0.000000,90,90,90,90,90,90,90,90,90,90,90,33,0,170,265.6363636363636,10,2509,1712.0
1637164714,1,POST,/auth/modify-friend/,0.700000,0.000000,200,220,220,240,240,240,240,240,240,240,240,182,0,190,241.5054945054945,42,4340,1713.0
1637164714,1,GET,/public/,0.600000,0.000000,310,310,440,440,440,440,440,440,440,440,440,182,0,250,295.2142857142857,79,940,10211.92857142857
1637164714,1,,Aggregated,3.400000,0.000000,240,280,310,440,560,630,2400,2400,2400,2400,2400,1034,0,230,293.30947775628624,10,4340,5538.450676982592
1637164715,1,GET,/,0.500000,0.000000,450,480,560,560,630,630,630,630,630,630,630,210,0,230,325.96666666666664,79,3450,10272.261904761905
1637164715,1,POST,/,0.000000,0.000000,0,0,0,0,0,0,0,0,0,0,0,28,0,440,526.2142857142857,184,1560,9905.464285714286
1637164715,1,GET,/auth/find-friends/,1.400000,0.000000,180,220,250,250,280,280,280,280,280,280,280,364,0,210,246.70054945054946,24,1263,1974.0
1637164715,1,GET,/auth/login/,0.000000,0.000000,0,0,0,0,0,0,0,0,0,0,0,1,0,208,208.0,208,208,2961.0
1637164715,1,POST,/auth/login/,0.100000,0.000000,2400,2400,2400,2400,2400,2400,2400,2400,2400,2400,2400,34,0,450,695.2647058823529,114,2490,10114.70588235294
1637164715,1,GET,/auth/logout/,0.100000,0.000000,90,90,90,90,90,90,90,90,90,90,90,33,0,170,265.6363636363636,10,2509,1712.0
1637164715,1,POST,/auth/modify-friend/,0.700000,0.000000,220,220,240,240,240,240,240,240,240,240,240,182,0,190,241.5054945054945,42,4340,1713.0
1637164715,1,GET,/public/,0.600000,0.000000,310,310,440,440,440,440,440,440,440,440,440,182,0,250,295.2142857142857,79,940,10211.92857142857
1637164715,1,,Aggregated,3.400000,0.000000,240,300,340,450,560,630,2400,2400,2400,2400,2400,1034,0,230,293.30947775628624,10,4340,5538.450676982592
1637164716,1,GET,/,0.800000,0.000000,450,480,560,630,2200,2200,2200,2200,2200,2200,2200,212,0,230,334.4009433962264,79,3450,10275.174528301886
1637164716,1,POST,/,0.000000,0.000000,0,0,0,0,0,0,0,0,0,0,0,28,0,440,526.2142857142857,184,1560,9905.464285714286
1637164716,1,GET,/auth/find-friends/,0.800000,0.000000,180,220,250,280,280,280,280,280,280,280,280,365,0,210,246.78082191780823,24,1263,1974.0
1637164716,1,GET,/auth/login/,0.000000,0.000000,0,0,0,0,0,0,0,0,0,0,0,1,0,208,208.0,208,208,2961.0
1637164716,1,POST,/auth/login/,0.100000,0.000000,2400,2400,2400,2400,2400,2400,2400,2400,2400,2400,2400,34,0,450,695.2647058823529,114,2490,10114.70588235294
1637164716,1,GET,/auth/logout/,0.000000,0.000000,90,90,90,90,90,90,90,90,90,90,90,33,0,170,265.6363636363636,10,2509,1712.0
1637164716,1,POST,/auth/modify-friend/,0.400000,0.000000,220,220,240,240,240,240,240,240,240,240,240,182,0,190,241.5054945054945,42,4340,1713.0
1637164716,1,GET,/public/,0.400000,0.000000,230,310,310,440,440,440,440,440,440,440,440,183,0,250,294.8360655737705,79,940,10212.601092896175
1637164716,1,,Aggregated,2.500000,0.000000,250,300,340,450,630,2200,2400,2400,2400,2400,2400,1038,0,230,295.0134874759152,10,4340,5549.353564547207
1637164717,1,GET,/,0.800000,0.000000,450,480,560,630,2200,2200,2200,2200,2200,2200,2200,212,0,230,334.4009433962264,79,3450,10275.174528301886
1637164717,1,POST,/,0.000000,0.000000,0,0,0,0,0,0,0,0,0,0,0,28,0,440,526.2142857142857,184,1560,9905.464285714286
1637164717,1,GET,/auth/find-friends/,0.800000,0.000000,190,220,280,280,320,320,320,320,320,320,320,367,0,210,246.81471389645776,24,1263,1974.0
1637164717,1,GET,/auth/login/,0.000000,0.000000,0,0,0,0,0,0,0,0,0,0,0,1,0,208,208.0,208,208,2961.0
1637164717,1,POST,/auth/login/,0.100000,0.000000,2400,2400,2400,2400,2400,2400,2400,2400,2400,2400,2400,34,0,450,695.2647058823529,114,2490,10114.70588235294
1637164717,1,GET,/auth/logout/,0.000000,0.000000,90,90,90,90,90,90,90,90,90,90,90,33,0,170,265.6363636363636,10,2509,1712.0
1637164717,1,POST,/auth/modify-friend/,0.400000,0.000000,170,220,220,240,240,240,240,240,240,240,240,183,0,190,241.13661202185793,42,4340,1713.0
1637164717,1,GET,/public/,0.400000,0.000000,280,280,310,310,440,440,440,440,440,440,440,184,0,250,294.7771739130435,79,940,10212.78804347826
1637164717,1,,Aggregated,2.500000,0.000000,230,280,320,440,560,630,2200,2200,2200,2200,2200,1042,0,230,294.80614203454894,10,4340,5543.317658349329
1637164718,1,GET,/,1.000000,0.000000,450,480,560,630,2200,2200,2200,2200,2200,2200,2200,212,0,230,334.4009433962264,79,3450,10275.174528301886
1637164718,1,POST,/,0.000000,0.000000,0,0,0,0,0,0,0,0,0,0,0,28,0,440,526.2142857142857,184,1560,9905.464285714286
1637164718,1,GET,/auth/find-friends/,0.800000,0.000000,200,260,280,280,280,320,320,320,320,320,320,369,0,210,246.71273712737127,24,1263,1974.0
1637164718,1,GET,/auth/login/,0.000000,0.000000,0,0,0,0,0,0,0,0,0,0,0,1,0,208,208.0,208,208,2961.0
1637164718,1,POST,/auth/login/,0.100000,0.000000,2400,2400,2400,2400,2400,2400,2400,2400,2400,2400,2400,34,0,450,695.2647058823529,114,2490,10114.70588235294
1637164718,1,GET,/auth/logout/,0.000000,0.000000,90,90,90,90,90,90,90,90,90,90,90,33,0,170,265.6363636363636,10,2509,1712.0
1637164718,1,POST,/auth/modify-friend/,0.400000,0.000000,170,240,240,270,270,270,270,270,270,270,270,184,0,190,241.28804347826087,42,4340,1713.0
1637164718,1,GET,/public/,0.400000,0.000000,280,280,290,290,440,440,440,440,440,440,440,185,0,250,294.75135135135133,79,940,10213.113513513514
1637164718,1,,Aggregated,2.700000,0.000000,260,280,300,440,560,630,2200,2200,2200,2200,2200,1046,0,230,294.6491395793499,10,4340,5537.352772466539
1637164719,1,GET,/,1.000000,0.000000,450,480,560,630,2200,2200,2200,2200,2200,2200,2200,213,0,230,334.8356807511737,79,3450,10277.18779342723
1637164719,1,POST,/,0.000000,0.000000,0,0,0,0,0,0,0,0,0,0,0,28,0,440,526.2142857142857,184,1560,9905.464285714286
1637164719,1,GET,/auth/find-friends/,1.000000,0.000000,260,280,280,280,320,320,320,320,320,320,320,370,0,210,246.7972972972973,24,1263,1974.0
1637164719,1,GET,/auth/login/,0.000000,0.000000,0,0,0,0,0,0,0,0,0,0,0,1,0,208,208.0,208,208,2961.0
1637164719,1,POST,/auth/login/,0.100000,0.000000,2400,2400,2400,2400,2400,2400,2400,2400,2400,2400,2400,34,0,450,695.2647058823529,114,2490,10114.70588235294
1637164719,1,GET,/auth/logout/,0.000000,0.000000,90,90,90,90,90,90,90,90,90,90,90,33,0,170,265.6363636363636,10,2509,1712.0
1637164719,1,POST,/auth/modify-friend/,0.400000,0.000000,240,270,270,350,350,350,350,350,350,350,350,185,0,190,241.88108108108108,42,4340,1713.0
1637164719,1,GET,/public/,0.500000,0.000000,280,280,290,290,290,290,290,290,290,290,290,185,0,250,294.75135135135133,79,940,10213.113513513514
1637164719,1,,Aggregated,3.000000,0.000000,280,290,350,430,560,630,2200,2200,2200,2200,2200,1049,0,230,294.813155386082,10,4340,5535.23546234509
1637164720,1,GET,/,0.900000,0.000000,450,480,560,630,2200,2200,2200,2200,2200,2200,2200,213,0,230,334.8356807511737,79,3450,10277.18779342723
1637164720,1,POST,/,0.000000,0.000000,0,0,0,0,0,0,0,0,0,0,0,28,0,440,526.2142857142857,184,1560,9905.464285714286
1637164720,1,GET,/auth/find-friends/,1.100000,0.000000,250,280,280,280,280,320,320,320,320,320,320,372,0,210,246.497311827957,24,1263,1974.0
1637164720,1,GET,/auth/login/,0.000000,0.000000,0,0,0,0,0,0,0,0,0,0,0,1,0,208,208.0,208,208,2961.0
1637164720,1,POST,/auth/login/,0.000000,0.000000,2400,2400,2400,2400,2400,2400,2400,2400,2400,2400,2400,34,0,450,695.2647058823529,114,2490,10114.70588235294
1637164720,1,GET,/auth/logout/,0.000000,0.000000,90,90,90,90,90,90,90,90,90,90,90,33,0,170,265.6363636363636,10,2509,1712.0
1637164720,1,POST,/auth/modify-friend/,0.500000,0.000000,240,270,270,350,350,350,350,350,350,350,350,185,0,190,241.88108108108108,42,4340,1713.0
1637164720,1,GET,/public/,0.500000,0.000000,280,290,290,330,330,330,330,330,330,330,330,186,0,250,294.93548387096774,79,940,10214.413978494624
1637164720,1,,Aggregated,3.000000,0.000000,280,320,430,450,560,630,2200,2200,2200,2200,2200,1052,0,230,294.648288973384,10,4340,5533.141634980989
1637164721,1,GET,/,0.800000,0.000000,510,560,630,630,2200,2200,2200,2200,2200,2200,2200,214,0,230,335.64953271028037,79,3450,10280.116822429907
1637164721,1,POST,/,0.000000,0.000000,0,0,0,0,0,0,0,0,0,0,0,28,0,440,526.2142857142857,184,1560,9905.464285714286
1637164721,1,GET,/auth/find-friends/,1.200000,0.000000,250,280,280,280,280,320,320,320,320,320,320,372,0,210,246.497311827957,24,1263,1974.0
1637164721,1,GET,/auth/login/,0.000000,0.000000,0,0,0,0,0,0,0,0,0,0,0,1,0,208,208.0,208,208,2961.0
1637164721,1,POST,/auth/login/,0.000000,0.000000,2400,2400,2400,2400,2400,2400,2400,2400,2400,2400,2400,34,0,450,695.2647058823529,114,2490,10114.70588235294
1637164721,1,GET,/auth/logout/,0.000000,0.000000,0,0,0,0,0,0,0,0,0,0,0,33,0,170,265.6363636363636,10,2509,1712.0
1637164721,1,POST,/auth/modify-friend/,0.500000,0.000000,270,270,350,350,380,380,380,380,380,380,380,186,0,190,242.63440860215053,42,4340,1713.0
1637164721,1,GET,/public/,0.600000,0.000000,280,290,290,330,330,330,330,330,330,330,330,186,0,250,294.93548387096774,79,940,10214.413978494624
1637164721,1,,Aggregated,3.100000,0.000000,280,350,430,480,560,630,2200,2200,2200,2200,2200,1054,0,230,294.93453510436433,10,4340,5534.612903225807
1637164722,1,GET,/,0.900000,0.000000,480,510,560,560,2200,2200,2200,2200,2200,2200,2200,215,0,230,335.4139534883721,79,3450,10280.706976744186
1637164722,1,POST,/,0.000000,0.000000,600,600,600,600,600,600,600,600,600,600,600,29,0,450,528.6896551724138,184,1560,9929.724137931034
1637164722,1,GET,/auth/find-friends/,0.900000,0.000000,250,280,280,280,280,320,320,320,320,320,320,372,0,210,246.497311827957,24,1263,1974.0
1637164722,1,GET,/auth/login/,0.000000,0.000000,0,0,0,0,0,0,0,0,0,0,0,1,0,208,208.0,208,208,2961.0
1637164722,1,POST,/auth/login/,0.000000,0.000000,2400,2400,2400,2400,2400,2400,2400,2400,2400,2400,2400,34,0,450,695.2647058823529,114,2490,10114.70588235294
1637164722,1,GET,/auth/logout/,0.000000,0.000000,0,0,0,0,0,0,0,0,0,0,0,33,0,170,265.6363636363636,10,2509,1712.0
1637164722,1,POST,/auth/modify-friend/,0.500000,0.000000,270,270,350,350,380,380,380,380,380,380,380,186,0,190,242.63440860215053,42,4340,1713.0
1637164722,1,GET,/public/,0.500000,0.000000,280,290,290,330,330,330,330,330,330,330,330,186,0,250,294.93548387096774,79,940,10214.413978494624
1637164722,1,,Aggregated,2.800000,0.000000,280,330,430,480,560,600,2200,2200,2200,2200,2200,1056,0,230,295.2121212121212,10,4340,5544.032196969697
1637164723,1,GET,/,0.900000,0.000000,440,480,510,560,2200,2200,2200,2200,2200,2200,2200,217,0,240,335.82027649769583,79,3450,10281.05069124424
1637164723,1,POST,/,0.000000,0.000000,840,840,840,840,840,840,840,840,840,840,840,30,0,450,538.9,184,1560,9940.133333333333
1637164723,1,GET,/auth/find-friends/,0.800000,0.000000,260,280,280,280,320,320,320,320,320,320,320,372,0,210,246.497311827957,24,1263,1974.0
1637164723,1,GET,/auth/login/,0.000000,0.000000,0,0,0,0,0,0,0,0,0,0,0,1,0,208,208.0,208,208,2961.0
1637164723,1,POST,/auth/login/,0.000000,0.000000,2400,2400,2400,2400,2400,2400,2400,2400,2400,2400,2400,34,0,450,695.2647058823529,114,2490,10114.70588235294
1637164723,1,GET,/auth/logout/,0.000000,0.000000,0,0,0,0,0,0,0,0,0,0,0,33,0,170,265.6363636363636,10,2509,1712.0
1637164723,1,POST,/auth/modify-friend/,0.400000,0.000000,350,350,380,380,380,380,380,380,380,380,380,186,0,190,242.63440860215053,42,4340,1713.0
1637164723,1,GET,/public/,0.400000,0.000000,290,290,330,330,330,330,330,330,330,330,330,186,0,250,294.93548387096774,79,940,10214.413978494624
1637164723,1,,Aggregated,2.500000,0.000000,290,350,440,480,600,840,2200,2200,2200,2200,2200,1059,0,230,295.8810198300283,10,4340,5557.484419263456
1637164724,1,GET,/,0.700000,0.000000,320,430,440,510,2200,2200,2200,2200,2200,2200,2200,220,0,240,335.21363636363634,79,3450,10281.631818181819
1637164724,1,POST,/,0.100000,0.000000,840,840,840,840,840,840,840,840,840,840,840,30,0,450,538.9,184,1560,9940.133333333333
1637164724,1,GET,/auth/find-friends/,0.800000,0.000000,260,280,280,280,320,320,320,320,320,320,320,372,0,210,246.497311827957,24,1263,1974.0
1637164724,1,GET,/auth/login/,0.000000,0.000000,0,0,0,0,0,0,0,0,0,0,0,1,0,208,208.0,208,208,2961.0
1637164724,1,POST,/auth/login/,0.000000,0.000000,2400,2400,2400,2400,2400,2400,2400,2400,2400,2400,2400,34,0,450,695.2647058823529,114,2490,10114.70588235294
1637164724,1,GET,/auth/logout/,0.000000,0.000000,0,0,0,0,0,0,0,0,0,0,0,33,0,170,265.6363636363636,10,2509,1712.0
1637164724,1,POST,/auth/modify-friend/,0.400000,0.000000,350,350,380,380,380,380,380,380,380,380,380,186,0,190,242.63440860215053,42,4340,1713.0
1637164724,1,GET,/public/,0.400000,0.000000,290,290,330,330,330,330,330,330,330,330,330,186,0,250,294.93548387096774,79,940,10214.413978494624
1637164724,1,,Aggregated,2.400000,0.000000,290,320,380,430,600,840,2200,2200,2200,2200,2200,1062,0,230,295.86817325800376,10,4340,5570.948210922787
1637164725,1,GET,/,0.700000,0.000000,320,430,440,510,2200,2200,2200,2200,2200,2200,2200,220,0,240,335.21363636363634,79,3450,10281.631818181819
1637164725,1,POST,/,0.200000,0.000000,840,840,840,840,840,840,840,840,840,840,840,30,0,450,538.9,184,1560,9940.133333333333
1637164725,1,GET,/auth/find-friends/,0.800000,0.000000,270,280,280,320,320,320,320,320,320,320,320,374,0,210,246.7620320855615,24,1263,1974.0
1637164725,1,GET,/auth/login/,0.000000,0.000000,0,0,0,0,0,0,0,0,0,0,0,1,0,208,208.0,208,208,2961.0
1637164725,1,POST,/auth/login/,0.000000,0.000000,0,0,0,0,0,0,0,0,0,0,0,34,0,450,695.2647058823529,114,2490,10114.70588235294
1637164725,1,GET,/auth/logout/,0.000000,0.000000,0,0,0,0,0,0,0,0,0,0,0,33,0,170,265.6363636363636,10,2509,1712.0
1637164725,1,POST,/auth/modify-friend/,0.400000,0.000000,270,350,350,380,380,380,380,380,380,380,380,187,0,190,242.7379679144385,42,4340,1713.0
1637164725,1,GET,/public/,0.400000,0.000000,290,320,320,330,330,330,330,330,330,330,330,187,0,250,295.0534759358289,79,940,10213.63101604278
1637164725,1,,Aggregated,2.500000,0.000000,290,320,330,380,510,600,840,840,840,840,840,1066,0,230,295.8564727954972,10,4340,5564.799249530957
1637164726,1,GET,/,0.700000,0.000000,320,430,440,440,510,2200,2200,2200,2200,2200,2200,221,0,240,334.9366515837104,79,3450,10282.389140271493
1637164726,1,POST,/,0.200000,0.000000,600,600,840,840,840,840,840,840,840,840,840,31,0,460,540.8064516129032,184,1560,9958.612903225807
1637164726,1,GET,/auth/find-friends/,0.800000,0.000000,260,270,280,280,320,320,320,320,320,320,320,374,0,210,246.7620320855615,24,1263,1974.0
1637164726,1,GET,/auth/login/,0.000000,0.000000,0,0,0,0,0,0,0,0,0,0,0,1,0,208,208.0,208,208,2961.0
1637164726,1,POST,/auth/login/,0.000000,0.000000,0,0,0,0,0,0,0,0,0,0,0,34,0,450,695.2647058823529,114,2490,10114.70588235294
1637164726,1,GET,/auth/logout/,0.000000,0.000000,0,0,0,0,0,0,0,0,0,0,0,33,0,170,265.6363636363636,10,2509,1712.0
1637164726,1,POST,/auth/modify-friend/,0.400000,0.000000,270,350,350,380,380,380,380,380,380,380,380,187,0,190,242.7379679144385,42,4340,1713.0
1637164726,1,GET,/public/,0.400000,0.000000,320,320,330,330,330,330,330,330,330,330,330,187,0,250,295.0534759358289,79,940,10213.63101604278
1637164726,1,,Aggregated,2.500000,0.000000,290,320,350,430,600,600,840,840,840,840,840,1068,0,230,296.1189138576779,10,4340,5574.005617977528
1637164727,1,GET,/,1.000000,0.000000,320,320,430,440,510,510,510,510,510,510,510,222,0,240,334.6621621621622,79,3450,10283.522522522522
1637164727,1,POST,/,0.200000,0.000000,600,600,840,840,840,840,840,840,840,840,840,31,0,460,540.8064516129032,184,1560,9958.612903225807
1637164727,1,GET,/auth/find-friends/,0.800000,0.000000,250,270,280,280,320,320,320,320,320,320,320,376,0,210,246.12765957446808,24,1263,1974.0
1637164727,1,GET,/auth/login/,0.000000,0.000000,0,0,0,0,0,0,0,0,0,0,0,1,0,208,208.0,208,208,2961.0
1637164727,1,POST,/auth/login/,0.000000,0.000000,0,0,0,0,0,0,0,0,0,0,0,34,0,450,695.2647058823529,114,2490,10114.70588235294
1637164727,1,GET,/auth/logout/,0.000000,0.000000,0,0,0,0,0,0,0,0,0,0,0,33,0,170,265.6363636363636,10,2509,1712.0
1637164727,1,POST,/auth/modify-friend/,0.400000,0.000000,270,350,350,380,380,380,380,380,380,380,380,188,0,190,242.6595744680851,42,4340,1713.0
1637164727,1,GET,/public/,0.500000,0.000000,330,330,370,370,370,370,370,370,370,370,370,188,0,250,295.43617021276594,79,940,10214.127659574468
1637164727,1,,Aggregated,2.900000,0.000000,310,320,370,430,600,600,840,840,840,840,840,1073,0,230,295.78657968313144,10,4340,5572.730661696179
1637164728,1,GET,/,0.800000,0.000000,320,330,430,430,440,510,510,510,510,510,510,223,0,240,334.62331838565024,79,3450,10283.793721973094
1637164728,1,POST,/,0.200000,0.000000,600,600,840,840,840,840,840,840,840,840,840,31,0,460,540.8064516129032,184,1560,9958.612903225807
1637164728,1,GET,/auth/find-friends/,1.000000,0.000000,200,250,270,280,320,320,320,320,320,320,320,378,0,210,245.62698412698413,24,1263,1974.0
1637164728,1,GET,/auth/login/,0.000000,0.000000,0,0,0,0,0,0,0,0,0,0,0,1,0,208,208.0,208,208,2961.0
1637164728,1,POST,/auth/login/,0.000000,0.000000,0,0,0,0,0,0,0,0,0,0,0,34,0,450,695.2647058823529,114,2490,10114.70588235294
1637164728,1,GET,/auth/logout/,0.000000,0.000000,0,0,0,0,0,0,0,0,0,0,0,33,0,170,265.6363636363636,10,2509,1712.0
1637164728,1,POST,/auth/modify-friend/,0.500000,0.000000,350,350,380,380,380,380,380,380,380,380,380,188,0,190,242.6595744680851,42,4340,1713.0
1637164728,1,GET,/public/,0.500000,0.000000,330,330,370,370,370,370,370,370,370,370,370,189,0,250,295.4761904761905,79,940,10214.507936507936
1637164728,1,,Aggregated,3.000000,0.000000,320,330,370,430,600,600,840,840,840,840,840,1077,0,230,295.55338904363975,10,4340,5574.854224698236
1637164729,1,GET,/,1.000000,0.000000,320,320,430,430,440,510,510,510,510,510,510,224,0,240,334.48660714285717,79,3450,10284.504464285714
1637164729,1,POST,/,0.300000,0.000000,600,600,840,840,840,840,840,840,840,840,840,31,0,460,540.8064516129032,184,1560,9958.612903225807
1637164729,1,GET,/auth/find-friends/,0.800000,0.000000,180,240,250,270,320,320,320,320,320,320,320,379,0,210,245.6042216358839,24,1263,1974.0
1637164729,1,GET,/auth/login/,0.000000,0.000000,0,0,0,0,0,0,0,0,0,0,0,1,0,208,208.0,208,208,2961.0
1637164729,1,POST,/auth/login/,0.000000,0.000000,0,0,0,0,0,0,0,0,0,0,0,34,0,450,695.2647058823529,114,2490,10114.70588235294
1637164729,1,GET,/auth/logout/,0.000000,0.000000,0,0,0,0,0,0,0,0,0,0,0,33,0,170,265.6363636363636,10,2509,1712.0
1637164729,1,POST,/auth/modify-friend/,0.500000,0.000000,370,370,380,380,380,380,380,380,380,380,380,189,0,190,243.33862433862433,42,4340,1713.0
1637164729,1,GET,/public/,0.400000,0.000000,320,330,330,370,370,370,370,370,370,370,370,190,0,250,295.1421052631579,79,940,10215.11052631579
1637164729,1,,Aggregated,3.000000,0.000000,300,320,370,370,510,600,840,840,840,840,840,1081,0,230,295.51803885291395,10,4340,5576.851988899168
1637164730,1,GET,/,1.000000,0.000000,310,320,330,330,440,510,510,510,510,510,510,224,0,240,334.48660714285717,79,3450,10284.504464285714
1637164730,1,POST,/,0.300000,0.000000,600,600,840,840,840,840,840,840,840,840,840,31,0,460,540.8064516129032,184,1560,9958.612903225807
1637164730,1,GET,/auth/find-friends/,0.800000,0.000000,200,250,250,250,270,320,320,320,320,320,320,381,0,210,245.50656167979002,24,1263,1974.0
1637164730,1,GET,/auth/login/,0.000000,0.000000,0,0,0,0,0,0,0,0,0,0,0,1,0,208,208.0,208,208,2961.0
1637164730,1,POST,/auth/login/,0.000000,0.000000,0,0,0,0,0,0,0,0,0,0,0,34,0,450,695.2647058823529,114,2490,10114.70588235294
1637164730,1,GET,/auth/logout/,0.000000,0.000000,0,0,0,0,0,0,0,0,0,0,0,33,0,170,265.6363636363636,10,2509,1712.0
1637164730,1,POST,/auth/modify-friend/,0.500000,0.000000,300,370,370,380,380,380,380,380,380,380,380,190,0,190,243.61052631578949,42,4340,1713.0
1637164730,1,GET,/public/,0.400000,0.000000,320,320,330,330,370,370,370,370,370,370,370,191,0,250,294.83769633507853,79,940,10214.874345549739
1637164730,1,,Aggregated,3.000000,0.000000,300,320,330,370,510,600,840,840,840,840,840,1085,0,230,295.3373271889401,10,4340,5570.882949308756
1637164731,1,GET,/,1.100000,0.000000,310,320,320,330,440,440,440,440,440,440,440,224,0,240,334.48660714285717,79,3450,10284.504464285714
1637164731,1,POST,/,0.300000,0.000000,840,840,840,840,840,840,840,840,840,840,840,31,0,460,540.8064516129032,184,1560,9958.612903225807
1637164731,1,GET,/auth/find-friends/,0.800000,0.000000,240,250,270,270,300,320,320,320,320,320,320,382,0,210,245.64921465968587,24,1263,1974.0
1637164731,1,GET,/auth/login/,0.000000,0.000000,0,0,0,0,0,0,0,0,0,0,0,1,0,208,208.0,208,208,2961.0
1637164731,1,POST,/auth/login/,0.000000,0.000000,0,0,0,0,0,0,0,0,0,0,0,34,0,450,695.2647058823529,114,2490,10114.70588235294
1637164731,1,GET,/auth/logout/,0.000000,0.000000,0,0,0,0,0,0,0,0,0,0,0,33,0,170,265.6363636363636,10,2509,1712.0
1637164731,1,POST,/auth/modify-friend/,0.400000,0.000000,300,300,370,370,380,380,380,380,380,380,380,191,0,200,243.8062827225131,42,4340,1713.0
1637164731,1,GET,/public/,0.400000,0.000000,300,320,320,370,370,370,370,370,370,370,370,191,0,250,294.83769633507853,79,940,10214.874345549739
1637164731,1,,Aggregated,3.000000,0.000000,280,310,320,320,370,600,840,840,840,840,840,1087,0,230,295.3284268629255,10,4340,5564.02483900644
1637164733,1,GET,/,1.100000,0.000000,300,310,320,320,330,330,330,330,330,330,330,224,0,240,334.48660714285717,79,3450,10284.504464285714
1637164733,1,POST,/,0.300000,0.000000,840,840,840,840,840,840,840,840,840,840,840,31,0,460,540.8064516129032,184,1560,9958.612903225807
1637164733,1,GET,/auth/find-friends/,0.900000,0.000000,240,250,270,270,300,320,320,320,320,320,320,384,0,210,245.56510416666666,24,1263,1974.0
1637164733,1,GET,/auth/login/,0.000000,0.000000,0,0,0,0,0,0,0,0,0,0,0,1,0,208,208.0,208,208,2961.0
1637164733,1,POST,/auth/login/,0.000000,0.000000,0,0,0,0,0,0,0,0,0,0,0,34,0,450,695.2647058823529,114,2490,10114.70588235294
1637164733,1,GET,/auth/logout/,0.000000,0.000000,170,170,170,170,170,170,170,170,170,170,170,34,0,170,262.7647058823529,10,2509,1712.0
1637164733,1,POST,/auth/modify-friend/,0.400000,0.000000,280,280,300,300,370,370,370,370,370,370,370,192,0,200,243.72916666666666,42,4340,1713.0
1637164733,1,GET,/public/,0.400000,0.000000,320,320,370,370,560,560,560,560,560,560,560,192,0,250,296.21875,79,940,10215.041666666666
1637164733,1,,Aggregated,3.100000,0.000000,270,300,310,320,370,560,600,600,600,600,600,1092,0,230,295.2728937728938,10,4340,5554.684065934066
1637164734,1,GET,/,1.100000,0.000000,300,310,320,320,330,330,330,330,330,330,330,224,0,240,334.48660714285717,79,3450,10284.504464285714
1637164734,1,POST,/,0.300000,0.000000,600,600,600,600,600,600,600,600,600,600,600,31,0,460,540.8064516129032,184,1560,9958.612903225807
1637164734,1,GET,/auth/find-friends/,0.900000,0.000000,240,250,270,270,300,320,320,320,320,320,320,384,0,210,245.56510416666666,24,1263,1974.0
1637164734,1,GET,/auth/login/,0.000000,0.000000,0,0,0,0,0,0,0,0,0,0,0,1,0,208,208.0,208,208,2961.0
1637164734,1,POST,/auth/login/,0.000000,0.000000,0,0,0,0,0,0,0,0,0,0,0,34,0,450,695.2647058823529,114,2490,10114.70588235294
1637164734,1,GET,/auth/logout/,0.000000,0.000000,170,170,170,170,170,170,170,170,170,170,170,34,0,170,262.7647058823529,10,2509,1712.0
1637164734,1,POST,/auth/modify-friend/,0.400000,0.000000,280,280,300,300,370,370,370,370,370,370,370,192,0,200,243.72916666666666,42,4340,1713.0
1637164734,1,GET,/public/,0.400000,0.000000,320,320,370,370,560,560,560,560,560,560,560,192,0,250,296.21875,79,940,10215.041666666666
1637164734,1,,Aggregated,3.100000,0.000000,260,300,300,320,370,560,600,600,600,600,600,1092,0,230,295.2728937728938,10,4340,5554.684065934066
1637164735,1,GET,/,1.000000,0.000000,300,300,330,330,330,330,330,330,330,330,330,224,0,240,334.48660714285717,79,3450,10284.504464285714
1637164735,1,POST,/,0.200000,0.000000,600,600,600,600,600,600,600,600,600,600,600,31,0,460,540.8064516129032,184,1560,9958.612903225807
1637164735,1,GET,/auth/find-friends/,1.000000,0.000000,240,250,270,270,300,320,320,320,320,320,320,384,0,210,245.56510416666666,24,1263,1974.0
1637164735,1,GET,/auth/login/,0.000000,0.000000,0,0,0,0,0,0,0,0,0,0,0,1,0,208,208.0,208,208,2961.0
1637164735,1,POST,/auth/login/,0.000000,0.000000,890,890,890,890,890,890,890,890,890,890,890,35,0,500,700.7428571428571,114,2490,10125.085714285715
1637164735,1,GET,/auth/logout/,0.000000,0.000000,170,170,170,170,170,170,170,170,170,170,170,34,0,170,262.7647058823529,10,2509,1712.0
1637164735,1,POST,/auth/modify-friend/,0.500000,0.000000,280,280,300,300,370,370,370,370,370,370,370,192,0,200,243.72916666666666,42,4340,1713.0
1637164735,1,GET,/public/,0.500000,0.000000,300,370,370,560,560,560,560,560,560,560,560,192,0,250,296.21875,79,940,10215.041666666666
1637164735,1,,Aggregated,3.200000,0.000000,250,300,300,330,560,600,890,890,890,890,890,1093,0,230,295.8142726440988,10,4340,5559.188472095151
1637164736,1,GET,/,0.900000,0.000000,330,330,560,560,610,610,610,610,610,610,610,226,0,240,336.69026548672565,79,3450,10284.641592920354
1637164736,1,POST,/,0.100000,0.000000,600,600,600,600,600,600,600,600,600,600,600,31,0,460,540.8064516129032,184,1560,9958.612903225807
1637164736,1,GET,/auth/find-friends/,1.200000,0.000000,200,240,250,250,300,300,300,300,300,300,300,384,0,210,245.56510416666666,24,1263,1974.0
1637164736,1,GET,/auth/login/,0.000000,0.000000,0,0,0,0,0,0,0,0,0,0,0,1,0,208,208.0,208,208,2961.0
1637164736,1,POST,/auth/login/,0.000000,0.000000,890,890,890,890,890,890,890,890,890,890,890,35,0,500,700.7428571428571,114,2490,10125.085714285715
1637164736,1,GET,/auth/logout/,0.100000,0.000000,170,170,170,170,170,170,170,170,170,170,170,34,0,170,262.7647058823529,10,2509,1712.0
1637164736,1,POST,/auth/modify-friend/,0.600000,0.000000,280,300,300,370,370,370,370,370,370,370,370,192,0,200,243.72916666666666,42,4340,1713.0
1637164736,1,GET,/public/,0.600000,0.000000,300,370,370,560,560,560,560,560,560,560,560,192,0,250,296.21875,79,940,10215.041666666666
1637164736,1,,Aggregated,3.500000,0.000000,250,300,330,370,560,610,890,890,890,890,890,1095,0,230,296.33972602739726,10,4340,5567.847488584475
1637164737,1,GET,/,0.700000,0.000000,550,560,560,610,610,610,610,610,610,610,610,227,0,240,337.6431718061674,79,3450,10284.074889867841
1637164737,1,POST,/,0.100000,0.000000,600,600,600,600,600,600,600,600,600,600,600,31,0,460,540.8064516129032,184,1560,9958.612903225807
1637164737,1,GET,/auth/find-friends/,1.200000,0.000000,240,250,250,250,300,300,300,300,300,300,300,384,0,210,245.56510416666666,24,1263,1974.0
1637164737,1,GET,/auth/login/,0.000000,0.000000,0,0,0,0,0,0,0,0,0,0,0,1,0,208,208.0,208,208,2961.0
1637164737,1,POST,/auth/login/,0.000000,0.000000,890,890,890,890,890,890,890,890,890,890,890,35,0,500,700.7428571428571,114,2490,10125.085714285715
1637164737,1,GET,/auth/logout/,0.100000,0.000000,170,170,170,170,170,170,170,170,170,170,170,34,0,170,262.7647058823529,10,2509,1712.0
1637164737,1,POST,/auth/modify-friend/,0.600000,0.000000,280,300,300,370,370,370,370,370,370,370,370,192,0,200,243.72916666666666,42,4340,1713.0
1637164737,1,GET,/public/,0.600000,0.000000,300,300,560,560,560,560,560,560,560,560,560,192,0,250,296.21875,79,940,10215.041666666666
1637164737,1,,Aggregated,3.300000,0.000000,280,300,370,550,560,610,890,890,890,890,890,1096,0,230,296.57390510948903,10,4340,5572.033759124088
1637164738,1,GET,/,0.400000,0.000000,560,560,610,610,610,610,610,610,610,610,610,227,0,240,337.6431718061674,79,3450,10284.074889867841
1637164738,1,POST,/,0.100000,0.000000,600,600,600,600,600,600,600,600,600,600,600,31,0,460,540.8064516129032,184,1560,9958.612903225807
1637164738,1,GET,/auth/find-friends/,1.200000,0.000000,250,250,300,300,530,530,530,530,530,530,530,385,0,210,246.2961038961039,24,1263,1974.0
1637164738,1,GET,/auth/login/,0.000000,0.000000,0,0,0,0,0,0,0,0,0,0,0,1,0,208,208.0,208,208,2961.0
1637164738,1,POST,/auth/login/,0.100000,0.000000,890,890,890,890,890,890,890,890,890,890,890,35,0,500,700.7428571428571,114,2490,10125.085714285715
1637164738,1,GET,/auth/logout/,0.100000,0.000000,170,170,170,170,170,170,170,170,170,170,170,34,0,170,262.7647058823529,10,2509,1712.0
1637164738,1,POST,/auth/modify-friend/,0.600000,0.000000,300,300,370,370,370,370,370,370,370,370,370,192,0,200,243.72916666666666,42,4340,1713.0
1637164738,1,GET,/public/,0.500000,0.000000,560,560,620,620,620,620,620,620,620,620,620,193,0,250,297.8911917098446,79,940,10214.129533678757
1637164738,1,,Aggregated,3.000000,0.000000,300,370,550,560,610,620,890,890,890,890,890,1098,0,230,297.07741347905284,10,4340,5572.825136612022
1637164739,1,GET,/,0.600000,0.000000,560,560,610,610,610,610,610,610,610,610,610,227,0,240,337.6431718061674,79,3450,10284.074889867841
1637164739,1,POST,/,0.100000,0.000000,600,600,600,600,600,600,600,600,600,600,600,31,0,460,540.8064516129032,184,1560,9958.612903225807
1637164739,1,GET,/auth/find-friends/,1.000000,0.000000,250,300,470,470,530,530,530,530,530,530,530,386,0,210,246.8860103626943,24,1263,1974.0
1637164739,1,GET,/auth/login/,0.000000,0.000000,0,0,0,0,0,0,0,0,0,0,0,1,0,208,208.0,208,208,2961.0
1637164739,1,POST,/auth/login/,0.100000,0.000000,890,890,890,890,890,890,890,890,890,890,890,35,0,500,700.7428571428571,114,2490,10125.085714285715
1637164739,1,GET,/auth/logout/,0.100000,0.000000,170,170,170,170,170,170,170,170,170,170,170,34,0,170,262.7647058823529,10,2509,1712.0
1637164739,1,POST,/auth/modify-friend/,0.500000,0.000000,300,300,820,820,820,820,820,820,820,820,820,193,0,200,246.74093264248705,42,4340,1713.0
1637164739,1,GET,/public/,0.500000,0.000000,560,560,620,620,620,620,620,620,620,620,620,193,0,250,297.8911917098446,79,940,10214.129533678757
1637164739,1,,Aggregated,2.900000,0.000000,300,550,560,610,820,890,890,890,890,890,890,1100,0,230,297.7181818181818,10,4340,5566.044545454545
1637164740,1,GET,/,0.500000,0.000000,560,560,610,610,610,610,610,610,610,610,610,227,0,240,337.6431718061674,79,3450,10284.074889867841
1637164740,1,POST,/,0.000000,0.000000,600,600,600,600,600,600,600,600,600,600,600,31,0,460,540.8064516129032,184,1560,9958.612903225807
1637164740,1,GET,/auth/find-friends/,0.900000,0.000000,470,470,530,530,720,720,720,720,720,720,720,387,0,210,248.11111111111111,24,1263,1974.0
1637164740,1,GET,/auth/login/,0.000000,0.000000,0,0,0,0,0,0,0,0,0,0,0,1,0,208,208.0,208,208,2961.0
1637164740,1,POST,/auth/login/,0.100000,0.000000,890,890,890,890,890,890,890,890,890,890,890,35,0,500,700.7428571428571,114,2490,10125.085714285715
1637164740,1,GET,/auth/logout/,0.100000,0.000000,170,170,170,170,170,170,170,170,170,170,170,34,0,170,262.7647058823529,10,2509,1712.0
1637164740,1,POST,/auth/modify-friend/,0.400000,0.000000,280,280,820,820,820,820,820,820,820,820,820,193,0,200,246.74093264248705,42,4340,1713.0
1637164740,1,GET,/public/,0.500000,0.000000,560,560,620,620,620,620,620,620,620,620,620,194,0,250,298.2113402061856,79,940,10213.469072164948
1637164740,1,,Aggregated,2.500000,0.000000,530,560,610,620,820,890,890,890,890,890,890,1102,0,230,298.15880217785843,10,4340,5566.886569872958
1637164741,1,GET,/,0.400000,0.000000,550,560,560,610,610,610,610,610,610,610,610,228,0,240,337.280701754386,79,3450,10285.013157894737
1637164741,1,POST,/,0.000000,0.000000,600,600,600,600,600,600,600,600,600,600,600,31,0,460,540.8064516129032,184,1560,9958.612903225807
1637164741,1,GET,/auth/find-friends/,0.800000,0.000000,470,470,530,530,720,720,720,720,720,720,720,388,0,210,248.08505154639175,24,1263,1974.0
1637164741,1,GET,/auth/login/,0.000000,0.000000,0,0,0,0,0,0,0,0,0,0,0,1,0,208,208.0,208,208,2961.0
1637164741,1,POST,/auth/login/,0.100000,0.000000,890,890,890,890,890,890,890,890,890,890,890,35,0,500,700.7428571428571,114,2490,10125.085714285715
1637164741,1,GET,/auth/logout/,0.100000,0.000000,170,170,170,170,170,170,170,170,170,170,170,34,0,170,262.7647058823529,10,2509,1712.0
1637164741,1,POST,/auth/modify-friend/,0.500000,0.000000,230,230,820,820,820,820,820,820,820,820,820,194,0,200,246.60824742268042,42,4340,1713.0
1637164741,1,GET,/public/,0.400000,0.000000,560,560,620,620,620,620,620,620,620,620,620,195,0,250,298.2153846153846,79,940,10212.88717948718
1637164741,1,,Aggregated,2.300000,0.000000,470,560,610,620,820,890,890,890,890,890,890,1106,0,230,297.996383363472,10,4340,5568.710669077757
1637164742,1,GET,/,0.300000,0.000000,560,560,610,610,610,610,610,610,610,610,610,228,0,240,337.280701754386,79,3450,10285.013157894737
1637164742,1,POST,/,0.000000,0.000000,600,600,600,600,600,600,600,600,600,600,600,31,0,460,540.8064516129032,184,1560,9958.612903225807
1637164742,1,GET,/auth/find-friends/,0.700000,0.000000,240,250,470,530,720,720,720,720,720,720,720,391,0,210,247.65984654731457,24,1263,1974.0
1637164742,1,GET,/auth/login/,0.000000,0.000000,0,0,0,0,0,0,0,0,0,0,0,1,0,208,208.0,208,208,2961.0
1637164742,1,POST,/auth/login/,0.100000,0.000000,890,890,890,890,890,890,890,890,890,890,890,35,0,500,700.7428571428571,114,2490,10125.085714285715
1637164742,1,GET,/auth/logout/,0.100000,0.000000,170,170,170,170,170,170,170,170,170,170,170,34,0,170,262.7647058823529,10,2509,1712.0
1637164742,1,POST,/auth/modify-friend/,0.400000,0.000000,230,230,820,820,820,820,820,820,820,820,820,195,0,200,246.2153846153846,42,4340,1713.0
1637164742,1,GET,/public/,0.400000,0.000000,360,560,560,620,620,620,620,620,620,620,620,196,0,250,298.2295918367347,79,940,10212.17857142857
1637164742,1,,Aggregated,2.000000,0.000000,300,530,560,610,720,820,890,890,890,890,890,1111,0,230,297.5994599459946,10,4340,5559.588658865887
1637164743,1,GET,/,0.400000,0.000000,550,560,560,610,610,610,610,610,610,610,610,229,0,240,336.9301310043668,79,3450,10285.82096069869
1637164743,1,POST,/,0.000000,0.000000,600,600,600,600,600,600,600,600,600,600,600,31,0,460,540.8064516129032,184,1560,9958.612903225807
1637164743,1,GET,/auth/find-friends/,0.700000,0.000000,250,300,470,530,720,720,720,720,720,720,720,392,0,210,247.80612244897958,24,1263,1974.0
1637164743,1,GET,/auth/login/,0.000000,0.000000,0,0,0,0,0,0,0,0,0,0,0,1,0,208,208.0,208,208,2961.0
1637164743,1,POST,/auth/login/,0.100000,0.000000,890,890,890,890,890,890,890,890,890,890,890,35,0,500,700.7428571428571,114,2490,10125.085714285715
1637164743,1,GET,/auth/logout/,0.100000,0.000000,170,170,170,170,170,170,170,170,170,170,170,34,0,170,262.7647058823529,10,2509,1712.0
1637164743,1,POST,/auth/modify-friend/,0.400000,0.000000,230,420,420,820,820,820,820,820,820,820,820,196,0,200,247.09183673469389,42,4340,1713.0
1637164743,1,GET,/public/,0.300000,0.000000,360,560,560,620,620,620,620,620,620,620,620,196,0,250,298.2295918367347,79,940,10212.17857142857
1637164743,1,,Aggregated,2.000000,0.000000,360,530,560,610,720,820,890,890,890,890,890,1114,0,230,297.67773788150805,10,4340,5557.324955116696
1637164744,1,GET,/,0.400000,0.000000,550,560,560,610,610,610,610,610,610,610,610,229,0,240,336.9301310043668,79,3450,10285.82096069869
1637164744,1,POST,/,0.000000,0.000000,0,0,0,0,0,0,0,0,0,0,0,31,0,460,540.8064516129032,184,1560,9958.612903225807
1637164744,1,GET,/auth/find-friends/,0.800000,0.000000,300,370,470,530,720,720,720,720,720,720,720,394,0,210,247.7284263959391,24,1263,1974.0
1637164744,1,GET,/auth/login/,0.000000,0.000000,0,0,0,0,0,0,0,0,0,0,0,1,0,208,208.0,208,208,2961.0
1637164744,1,POST,/auth/login/,0.100000,0.000000,890,890,890,890,890,890,890,890,890,890,890,35,0,500,700.7428571428571,114,2490,10125.085714285715
1637164744,1,GET,/auth/logout/,0.100000,0.000000,170,170,170,170,170,170,170,170,170,170,170,34,0,170,262.7647058823529,10,2509,1712.0
1637164744,1,POST,/auth/modify-friend/,0.400000,0.000000,250,250,420,420,820,820,820,820,820,820,820,197,0,200,247.09137055837564,42,4340,1713.0
1637164744,1,GET,/public/,0.500000,0.000000,300,360,360,620,620,620,620,620,620,620,620,197,0,250,297.56345177664974,79,940,10211.97461928934
1637164744,1,,Aggregated,2.300000,0.000000,300,420,530,560,620,720,820,820,820,820,820,1118,0,230,297.3989266547406,10,4340,5551.603756708408
1637164745,1,GET,/,0.400000,0.000000,260,280,320,320,550,550,550,550,550,550,550,233,0,240,335.83690987124464,79,3450,10289.54077253219
1637164745,1,POST,/,0.000000,0.000000,0,0,0,0,0,0,0,0,0,0,0,31,0,460,540.8064516129032,184,1560,9958.612903225807
1637164745,1,GET,/auth/find-friends/,0.800000,0.000000,300,370,470,530,720,720,720,720,720,720,720,394,0,210,247.7284263959391,24,1263,1974.0
1637164745,1,GET,/auth/login/,0.000000,0.000000,0,0,0,0,0,0,0,0,0,0,0,1,0,208,208.0,208,208,2961.0
1637164745,1,POST,/auth/login/,0.100000,0.000000,890,890,890,890,890,890,890,890,890,890,890,35,0,500,700.7428571428571,114,2490,10125.085714285715
1637164745,1,GET,/auth/logout/,0.000000,0.000000,170,170,170,170,170,170,170,170,170,170,170,34,0,170,262.7647058823529,10,2509,1712.0
1637164745,1,POST,/auth/modify-friend/,0.400000,0.000000,250,420,420,820,820,820,820,820,820,820,820,197,0,200,247.09137055837564,42,4340,1713.0
1637164745,1,GET,/public/,0.400000,0.000000,300,360,360,620,620,620,620,620,620,620,620,197,0,250,297.56345177664974,79,940,10211.97461928934
1637164745,1,,Aggregated,2.100000,0.000000,280,320,420,470,620,720,820,820,820,820,820,1122,0,230,297.31283422459893,10,4340,5569.254010695187
1637164746,1,GET,/,0.500000,0.000000,280,320,550,550,880,880,880,880,880,880,880,234,0,240,338.1794871794872,79,3450,10290.71794871795
1637164746,1,POST,/,0.000000,0.000000,0,0,0,0,0,0,0,0,0,0,0,31,0,460,540.8064516129032,184,1560,9958.612903225807
1637164746,1,GET,/auth/find-friends/,1.000000,0.000000,300,370,470,530,720,720,720,720,720,720,720,394,0,210,247.7284263959391,24,1263,1974.0
1637164746,1,GET,/auth/login/,0.000000,0.000000,0,0,0,0,0,0,0,0,0,0,0,1,0,208,208.0,208,208,2961.0
1637164746,1,POST,/auth/login/,0.100000,0.000000,890,890,890,890,890,890,890,890,890,890,890,35,0,500,700.7428571428571,114,2490,10125.085714285715
1637164746,1,GET,/auth/logout/,0.000000,0.000000,170,170,170,170,170,170,170,170,170,170,170,34,0,170,262.7647058823529,10,2509,1712.0
1637164746,1,POST,/auth/modify-friend/,0.400000,0.000000,250,420,420,820,820,820,820,820,820,820,820,197,0,200,247.09137055837564,42,4340,1713.0
1637164746,1,GET,/public/,0.500000,0.000000,300,360,360,620,620,620,620,620,620,620,620,197,0,250,297.56345177664974,79,940,10211.97461928934
1637164746,1,,Aggregated,2.500000,0.000000,280,320,420,470,720,820,880,880,880,880,880,1123,0,230,297.8352626892253,10,4340,5573.702582368655
1637164747,1,GET,/,0.800000,0.000000,280,320,550,550,880,880,880,880,880,880,880,234,0,240,338.1794871794872,79,3450,10290.71794871795
1637164747,1,POST,/,0.000000,0.000000,0,0,0,0,0,0,0,0,0,0,0,31,0,460,540.8064516129032,184,1560,9958.612903225807
1637164747,1,GET,/auth/find-friends/,1.000000,0.000000,240,290,370,370,470,720,720,720,720,720,720,397,0,210,247.20403022670024,24,1263,1974.0
1637164747,1,GET,/auth/login/,0.000000,0.000000,0,0,0,0,0,0,0,0,0,0,0,1,0,208,208.0,208,208,2961.0
1637164747,1,POST,/auth/login/,0.000000,0.000000,890,890,890,890,890,890,890,890,890,890,890,35,0,500,700.7428571428571,114,2490,10125.085714285715
1637164747,1,GET,/auth/logout/,0.000000,0.000000,170,170,170,170,170,170,170,170,170,170,170,34,0,170,262.7647058823529,10,2509,1712.0
1637164747,1,POST,/auth/modify-friend/,0.500000,0.000000,250,250,420,420,820,820,820,820,820,820,820,198,0,200,246.52020202020202,42,4340,1713.0
1637164747,1,GET,/public/,0.500000,0.000000,300,330,360,360,620,620,620,620,620,620,620,199,0,250,297.2613065326633,79,940,10212.120603015075
1637164747,1,,Aggregated,2.800000,0.000000,260,300,330,360,470,820,880,880,880,880,880,1129,0,230,297.3188662533215,10,4340,5568.960141718335
1637164748,1,GET,/,0.800000,0.000000,260,280,320,320,880,880,880,880,880,880,880,234,0,240,338.1794871794872,79,3450,10290.71794871795
1637164748,1,POST,/,0.000000,0.000000,0,0,0,0,0,0,0,0,0,0,0,31,0,460,540.8064516129032,184,1560,9958.612903225807
1637164748,1,GET,/auth/find-friends/,1.000000,0.000000,220,290,300,370,470,720,720,720,720,720,720,398,0,210,246.89949748743717,24,1263,1974.0
1637164748,1,GET,/auth/login/,0.000000,0.000000,0,0,0,0,0,0,0,0,0,0,0,1,0,208,208.0,208,208,2961.0
1637164748,1,POST,/auth/login/,0.000000,0.000000,890,890,890,890,890,890,890,890,890,890,890,35,0,500,700.7428571428571,114,2490,10125.085714285715
1637164748,1,GET,/auth/logout/,0.000000,0.000000,170,170,170,170,170,170,170,170,170,170,170,35,0,170,258.48571428571427,10,2509,1712.0
1637164748,1,POST,/auth/modify-friend/,0.500000,0.000000,220,250,420,420,820,820,820,820,820,820,820,199,0,200,245.66331658291458,42,4340,1713.0
1637164748,1,GET,/public/,0.500000,0.000000,300,300,330,330,360,360,360,360,360,360,360,199,0,250,297.2613065326633,79,940,10212.120603015075
1637164748,1,,Aggregated,2.800000,0.000000,250,290,300,320,370,720,880,880,880,880,880,1132,0,230,296.80918727915196,10,4340,5558.970848056537
1637164749,1,GET,/,0.800000,0.000000,260,280,320,320,880,880,880,880,880,880,880,234,0,240,338.1794871794872,79,3450,10290.71794871795
1637164749,1,POST,/,0.000000,0.000000,0,0,0,0,0,0,0,0,0,0,0,31,0,460,540.8064516129032,184,1560,9958.612903225807
1637164749,1,GET,/auth/find-friends/,1.000000,0.000000,220,240,300,300,370,720,720,720,720,720,720,398,0,210,246.89949748743717,24,1263,1974.0
1637164749,1,GET,/auth/login/,0.000000,0.000000,0,0,0,0,0,0,0,0,0,0,0,1,0,208,208.0,208,208,2961.0
1637164749,1,POST,/auth/login/,0.000000,0.000000,890,890,890,890,890,890,890,890,890,890,890,35,0,500,700.7428571428571,114,2490,10125.085714285715
1637164749,1,GET,/auth/logout/,0.000000,0.000000,110,110,110,110,110,110,110,110,110,110,110,35,0,170,258.48571428571427,10,2509,1712.0
1637164749,1,POST,/auth/modify-friend/,0.500000,0.000000,220,220,250,250,420,420,420,420,420,420,420,199,0,200,245.66331658291458,42,4340,1713.0
1637164749,1,GET,/public/,0.500000,0.000000,300,300,330,330,360,360,360,360,360,360,360,199,0,250,297.2613065326633,79,940,10212.120603015075
1637164749,1,,Aggregated,2.800000,0.000000,240,280,300,300,370,720,880,880,880,880,880,1132,0,230,296.80918727915196,10,4340,5558.970848056537
1637164750,1,GET,/,0.700000,0.000000,260,280,320,320,880,880,880,880,880,880,880,235,0,240,337.7148936170213,79,3450,10292.625531914893
1637164750,1,POST,/,0.000000,0.000000,0,0,0,0,0,0,0,0,0,0,0,31,0,460,540.8064516129032,184,1560,9958.612903225807
1637164750,1,GET,/auth/find-friends/,1.300000,0.000000,200,220,290,300,370,370,370,370,370,370,370,398,0,210,246.89949748743717,24,1263,1974.0
1637164750,1,GET,/auth/login/,0.000000,0.000000,0,0,0,0,0,0,0,0,0,0,0,1,0,208,208.0,208,208,2961.0
1637164750,1,POST,/auth/login/,0.000000,0.000000,1500,1500,1500,1500,1500,1500,1500,1500,1500,1500,1500,36,0,500,722.6944444444445,114,2490,10138.361111111111
1637164750,1,GET,/auth/logout/,0.100000,0.000000,110,110,110,110,110,110,110,110,110,110,110,35,0,170,258.48571428571427,10,2509,1712.0
1637164750,1,POST,/auth/modify-friend/,0.700000,0.000000,170,250,250,420,420,420,420,420,420,420,420,199,0,200,245.66331658291458,42,4340,1713.0
1637164750,1,GET,/public/,0.600000,0.000000,300,300,300,330,330,330,330,330,330,330,330,199,0,250,297.2613065326633,79,940,10212.120603015075
1637164750,1,,Aggregated,3.400000,0.000000,230,290,300,320,420,880,1500,1500,1500,1500,1500,1134,0,230,297.8024691358025,10,4340,5567.986772486773
1637164751,1,GET,/,0.700000,0.000000,260,280,320,320,880,880,880,880,880,880,880,236,0,240,337.10593220338984,79,3450,10294.92372881356
1637164751,1,POST,/,0.000000,0.000000,0,0,0,0,0,0,0,0,0,0,0,31,0,460,540.8064516129032,184,1560,9958.612903225807
1637164751,1,GET,/auth/find-friends/,1.200000,0.000000,160,190,290,290,300,370,370,370,370,370,370,402,0,210,245.73880597014926,24,1263,1974.0
1637164751,1,GET,/auth/login/,0.000000,0.000000,0,0,0,0,0,0,0,0,0,0,0,1,0,208,208.0,208,208,2961.0
1637164751,1,POST,/auth/login/,0.000000,0.000000,1500,1500,1500,1500,1500,1500,1500,1500,1500,1500,1500,36,0,500,722.6944444444445,114,2490,10138.361111111111
1637164751,1,GET,/auth/logout/,0.100000,0.000000,110,110,110,110,110,110,110,110,110,110,110,35,0,170,258.48571428571427,10,2509,1712.0
1637164751,1,POST,/auth/modify-friend/,0.600000,0.000000,130,250,250,420,420,420,420,420,420,420,420,200,0,200,244.75,42,4340,1713.0
1637164751,1,GET,/public/,0.600000,0.000000,200,300,300,300,330,330,330,330,330,330,330,201,0,250,295.7910447761194,79,940,10215.44776119403
1637164751,1,,Aggregated,3.200000,0.000000,200,260,290,300,370,880,1500,1500,1500,1500,1500,1142,0,230,296.6593695271454,10,4340,5565.353765323993
1637164752,1,GET,/,0.700000,0.000000,260,280,320,320,880,880,880,880,880,880,880,236,0,240,337.10593220338984,79,3450,10294.92372881356
1637164752,1,POST,/,0.000000,0.000000,0,0,0,0,0,0,0,0,0,0,0,31,0,460,540.8064516129032,184,1560,9958.612903225807
1637164752,1,GET,/auth/find-friends/,1.200000,0.000000,150,160,190,290,370,370,370,370,370,370,370,402,0,210,245.73880597014926,24,1263,1974.0
1637164752,1,GET,/auth/login/,0.000000,0.000000,0,0,0,0,0,0,0,0,0,0,0,1,0,208,208.0,208,208,2961.0
1637164752,1,POST,/auth/login/,0.000000,0.000000,1500,1500,1500,1500,1500,1500,1500,1500,1500,1500,1500,36,0,500,722.6944444444445,114,2490,10138.361111111111
1637164752,1,GET,/auth/logout/,0.100000,0.000000,190,190,190,190,190,190,190,190,190,190,190,36,0,170,256.52777777777777,10,2509,1712.0
1637164752,1,POST,/auth/modify-friend/,0.600000,0.000000,130,130,250,250,420,420,420,420,420,420,420,201,0,200,243.92039800995025,42,4340,1713.0
1637164752,1,GET,/public/,0.600000,0.000000,170,200,200,330,330,330,330,330,330,330,330,201,0,250,295.7910447761194,79,940,10215.44776119403
1637164752,1,,Aggregated,3.200000,0.000000,190,230,260,280,330,880,1500,1500,1500,1500,1500,1144,0,230,296.37325174825173,10,4340,5558.618006993007
1637164753,1,GET,/,0.800000,0.000000,260,280,320,320,880,880,880,880,880,880,880,236,0,240,337.10593220338984,79,3450,10294.92372881356
1637164753,1,POST,/,0.000000,0.000000,0,0,0,0,0,0,0,0,0,0,0,31,0,460,540.8064516129032,184,1560,9958.612903225807
1637164753,1,GET,/auth/find-friends/,1.200000,0.000000,150,160,190,290,370,370,370,370,370,370,370,402,0,210,245.73880597014926,24,1263,1974.0
1637164753,1,GET,/auth/login/,0.000000,0.000000,0,0,0,0,0,0,0,0,0,0,0,1,0,208,208.0,208,208,2961.0
1637164753,1,POST,/auth/login/,0.100000,0.000000,1500,1500,1500,1500,1500,1500,1500,1500,1500,1500,1500,37,0,700,722.1081081081081,114,2490,10153.594594594595
1637164753,1,GET,/auth/logout/,0.100000,0.000000,190,190,190,190,190,190,190,190,190,190,190,36,0,170,256.52777777777777,10,2509,1712.0
1637164753,1,POST,/auth/modify-friend/,0.600000,0.000000,78,130,130,250,250,250,250,250,250,250,250,201,0,200,243.92039800995025,42,4340,1713.0
1637164753,1,GET,/public/,0.600000,0.000000,170,200,200,330,330,330,330,330,330,330,330,201,0,250,295.7910447761194,79,940,10215.44776119403
1637164753,1,,Aggregated,3.400000,0.000000,190,230,280,290,700,880,1500,1500,1500,1500,1500,1145,0,230,296.7266375545851,10,4340,5563.110043668123
1637164754,1,GET,/,0.800000,0.000000,320,320,880,880,880,880,880,880,880,880,880,236,0,240,337.10593220338984,79,3450,10294.92372881356
1637164754,1,POST,/,0.000000,0.000000,0,0,0,0,0,0,0,0,0,0,0,31,0,460,540.8064516129032,184,1560,9958.612903225807
1637164754,1,GET,/auth/find-friends/,1.200000,0.000000,160,190,200,290,320,320,320,320,320,320,320,404,0,210,245.79950495049505,24,1263,1974.0
1637164754,1,GET,/auth/login/,0.000000,0.000000,0,0,0,0,0,0,0,0,0,0,0,1,0,208,208.0,208,208,2961.0
1637164754,1,POST,/auth/login/,0.100000,0.000000,1500,1500,1500,1500,1500,1500,1500,1500,1500,1500,1500,37,0,700,722.1081081081081,114,2490,10153.594594594595
1637164754,1,GET,/auth/logout/,0.200000,0.000000,190,190,190,190,190,190,190,190,190,190,190,36,0,170,256.52777777777777,10,2509,1712.0
1637164754,1,POST,/auth/modify-friend/,0.600000,0.000000,130,130,250,250,290,290,290,290,290,290,290,202,0,200,244.16831683168317,42,4340,1713.0
1637164754,1,GET,/public/,0.500000,0.000000,190,200,200,330,330,330,330,330,330,330,330,202,0,250,295.2524752475247,79,940,10215.940594059406
1637164754,1,,Aggregated,3.400000,0.000000,190,200,290,320,700,880,1500,1500,1500,1500,1500,1149,0,230,296.5613577023499,10,4340,5557.647519582246
1637164755,1,GET,/,0.800000,0.000000,230,230,880,880,880,880,880,880,880,880,880,237,0,240,336.52320675105483,79,3450,10295.864978902953
1637164755,1,POST,/,0.000000,0.000000,0,0,0,0,0,0,0,0,0,0,0,31,0,460,540.8064516129032,184,1560,9958.612903225807
1637164755,1,GET,/auth/find-friends/,1.000000,0.000000,160,170,200,200,290,320,320,320,320,320,320,406,0,210,245.4064039408867,24,1263,1974.0
1637164755,1,GET,/auth/login/,0.000000,0.000000,0,0,0,0,0,0,0,0,0,0,0,1,0,208,208.0,208,208,2961.0
1637164755,1,POST,/auth/login/,0.100000,0.000000,1500,1500,1500,1500,1500,1500,1500,1500,1500,1500,1500,37,0,700,722.1081081081081,114,2490,10153.594594594595
1637164755,1,GET,/auth/logout/,0.200000,0.000000,190,190,190,190,190,190,190,190,190,190,190,36,0,170,256.52777777777777,10,2509,1712.0
1637164755,1,POST,/auth/modify-friend/,0.500000,0.000000,130,130,130,130,290,290,290,290,290,290,290,203,0,200,243.5960591133005,42,4340,1713.0
1637164755,1,GET,/public/,0.500000,0.000000,200,200,330,330,360,360,360,360,360,360,360,203,0,250,295.54679802955667,79,940,10217.56157635468
1637164755,1,,Aggregated,3.100000,0.000000,190,200,290,290,360,880,1500,1500,1500,1500,1500,1154,0,230,296.15511265164645,10,4340,5556.725303292894
1637164756,1,GET,/,0.700000,0.000000,200,230,230,880,880,880,880,880,880,880,880,238,0,240,335.89915966386553,79,3450,10296.676470588236
1637164756,1,POST,/,0.000000,0.000000,0,0,0,0,0,0,0,0,0,0,0,31,0,460,540.8064516129032,184,1560,9958.612903225807
1637164756,1,GET,/auth/find-friends/,0.900000,0.000000,160,160,190,190,200,320,320,320,320,320,320,408,0,210,244.80392156862746,24,1263,1974.0
1637164756,1,GET,/auth/login/,0.000000,0.000000,0,0,0,0,0,0,0,0,0,0,0,1,0,208,208.0,208,208,2961.0
1637164756,1,POST,/auth/login/,0.200000,0.000000,1500,1500,1500,1500,1500,1500,1500,1500,1500,1500,1500,37,0,700,722.1081081081081,114,2490,10153.594594594595
1637164756,1,GET,/auth/logout/,0.200000,0.000000,190,190,190,190,190,190,190,190,190,190,190,36,0,170,256.52777777777777,10,2509,1712.0
1637164756,1,POST,/auth/modify-friend/,0.500000,0.000000,120,120,130,130,290,290,290,290,290,290,290,204,0,190,243.01470588235293,42,4340,1713.0
1637164756,1,GET,/public/,0.500000,0.000000,190,190,200,200,360,360,360,360,360,360,360,204,0,250,294.9313725490196,79,940,10218.0
1637164756,1,,Aggregated,3.000000,0.000000,170,190,200,200,320,700,1500,1500,1500,1500,1500,1159,0,230,295.5056082830026,10,4340,5555.58067299396
1637164757,1,GET,/,0.400000,0.000000,230,230,600,600,880,880,880,880,880,880,880,239,0,240,337.0083682008368,79,3450,10297.430962343096
1637164757,1,POST,/,0.000000,0.000000,0,0,0,0,0,0,0,0,0,0,0,31,0,460,540.8064516129032,184,1560,9958.612903225807
1637164757,1,GET,/auth/find-friends/,1.100000,0.000000,160,180,180,190,200,320,320,320,320,320,320,410,0,210,244.49024390243903,24,1263,1974.0
1637164757,1,GET,/auth/login/,0.000000,0.000000,0,0,0,0,0,0,0,0,0,0,0,1,0,208,208.0,208,208,2961.0
1637164757,1,POST,/auth/login/,0.200000,0.000000,1500,1500,1500,1500,1500,1500,1500,1500,1500,1500,1500,37,0,700,722.1081081081081,114,2490,10153.594594594595
1637164757,1,GET,/auth/logout/,0.200000,0.000000,190,190,190,190,190,190,190,190,190,190,190,36,0,170,256.52777777777777,10,2509,1712.0
1637164757,1,POST,/auth/modify-friend/,0.500000,0.000000,120,120,130,130,290,290,290,290,290,290,290,204,0,190,243.01470588235293,42,4340,1713.0
1637164757,1,GET,/public/,0.600000,0.000000,190,200,330,330,360,360,360,360,360,360,360,205,0,250,295.10731707317075,79,940,10217.50243902439
1637164757,1,,Aggregated,3.000000,0.000000,180,190,200,230,360,700,1500,1500,1500,1500,1500,1163,0,230,295.6010318142734,10,4340,5557.57437661221
1637164758,1,GET,/,0.500000,0.000000,230,230,320,320,600,600,600,600,600,600,600,240,0,240,336.9166666666667,79,3450,10296.745833333332
1637164758,1,POST,/,0.000000,0.000000,0,0,0,0,0,0,0,0,0,0,0,32,0,460,541.25,184,1560,9962.625
1637164758,1,GET,/auth/find-friends/,1.300000,0.000000,170,180,190,190,200,320,320,320,320,320,320,410,0,210,244.49024390243903,24,1263,1974.0
1637164758,1,GET,/auth/login/,0.000000,0.000000,0,0,0,0,0,0,0,0,0,0,0,1,0,208,208.0,208,208,2961.0
1637164758,1,POST,/auth/login/,0.200000,0.000000,1500,1500,1500,1500,1500,1500,1500,1500,1500,1500,1500,37,0,700,722.1081081081081,114,2490,10153.594594594595
1637164758,1,GET,/auth/logout/,0.200000,0.000000,190,190,190,190,190,190,190,190,190,190,190,36,0,170,256.52777777777777,10,2509,1712.0
1637164758,1,POST,/auth/modify-friend/,0.600000,0.000000,130,130,240,240,290,290,290,290,290,290,290,205,0,200,243.01463414634145,42,4340,1713.0
1637164758,1,GET,/public/,0.700000,0.000000,190,190,330,330,360,360,360,360,360,360,360,205,0,250,295.10731707317075,79,940,10217.50243902439
1637164758,1,,Aggregated,3.500000,0.000000,190,200,290,320,560,700,1500,1500,1500,1500,1500,1166,0,230,295.795025728988,10,4340,5562.08576329331
1637164759,1,GET,/,0.500000,0.000000,200,230,280,320,600,600,600,600,600,600,600,244,0,240,334.1885245901639,79,3450,10293.983606557376
1637164759,1,POST,/,0.000000,0.000000,560,560,560,560,560,560,560,560,560,560,560,33,0,460,535.8787878787879,184,1560,9968.39393939394
1637164759,1,GET,/auth/find-friends/,1.200000,0.000000,170,180,190,190,200,320,320,320,320,320,320,410,0,210,244.49024390243903,24,1263,1974.0
1637164759,1,GET,/auth/login/,0.000000,0.000000,0,0,0,0,0,0,0,0,0,0,0,1,0,208,208.0,208,208,2961.0
1637164759,1,POST,/auth/login/,0.200000,0.000000,1500,1500,1500,1500,1500,1500,1500,1500,1500,1500,1500,37,0,700,722.1081081081081,114,2490,10153.594594594595
1637164759,1,GET,/auth/logout/,0.200000,0.000000,190,190,190,190,190,190,190,190,190,190,190,36,0,170,256.52777777777777,10,2509,1712.0
1637164759,1,POST,/auth/modify-friend/,0.600000,0.000000,130,130,240,240,290,290,290,290,290,290,290,205,0,200,243.01463414634145,42,4340,1713.0
1637164759,1,GET,/public/,0.600000,0.000000,190,190,330,330,360,360,360,360,360,360,360,205,0,250,295.10731707317075,79,940,10217.50243902439
1637164759,1,,Aggregated,3.300000,0.000000,190,200,290,320,560,700,1500,1500,1500,1500,1500,1171,0,230,295.4252775405636,10,4340,5581.603757472246
1637164760,1,GET,/,0.500000,0.000000,190,230,280,280,320,600,600,600,600,600,600,245,0,240,333.45714285714286,79,3450,10294.195918367346
1637164760,1,POST,/,0.000000,0.000000,560,560,560,560,560,560,560,560,560,560,560,33,0,460,535.8787878787879,184,1560,9968.39393939394
1637164760,1,GET,/auth/find-friends/,1.200000,0.000000,180,190,200,200,210,320,320,320,320,320,320,412,0,210,244.29611650485438,24,1263,1974.0
1637164760,1,GET,/auth/login/,0.000000,0.000000,0,0,0,0,0,0,0,0,0,0,0,1,0,208,208.0,208,208,2961.0
1637164760,1,POST,/auth/login/,0.200000,0.000000,1500,1500,1500,1500,1500,1500,1500,1500,1500,1500,1500,37,0,700,722.1081081081081,114,2490,10153.594594594595
1637164760,1,GET,/auth/logout/,0.100000,0.000000,190,190,190,190,190,190,190,190,190,190,190,36,0,170,256.52777777777777,10,2509,1712.0
1637164760,1,POST,/auth/modify-friend/,0.600000,0.000000,150,150,240,240,290,290,290,290,290,290,290,206,0,190,242.5631067961165,42,4340,1713.0
1637164760,1,GET,/public/,0.600000,0.000000,230,230,330,330,360,360,360,360,360,360,360,206,0,250,294.7718446601942,79,940,10217.679611650485
1637164760,1,,Aggregated,3.200000,0.000000,190,210,280,320,360,600,700,700,700,700,700,1176,0,230,294.96853741496597,10,4340,5580.203231292517
1637164761,1,GET,/,0.700000,0.000000,200,230,230,280,320,600,600,600,600,600,600,247,0,240,332.57085020242914,79,3450,10295.141700404858
1637164761,1,POST,/,0.100000,0.000000,560,560,560,560,560,560,560,560,560,560,560,33,0,460,535.8787878787879,184,1560,9968.39393939394
1637164761,1,GET,/auth/find-friends/,1.200000,0.000000,180,190,200,200,210,320,320,320,320,320,320,412,0,210,244.29611650485438,24,1263,1974.0
1637164761,1,GET,/auth/login/,0.000000,0.000000,0,0,0,0,0,0,0,0,0,0,0,1,0,208,208.0,208,208,2961.0
1637164761,1,POST,/auth/login/,0.200000,0.000000,700,700,700,700,700,700,700,700,700,700,700,37,0,700,722.1081081081081,114,2490,10153.594594594595
1637164761,1,GET,/auth/logout/,0.100000,0.000000,190,190,190,190,190,190,190,190,190,190,190,36,0,170,256.52777777777777,10,2509,1712.0
1637164761,1,POST,/auth/modify-friend/,0.600000,0.000000,150,150,240,240,290,290,290,290,290,290,290,206,0,190,242.5631067961165,42,4340,1713.0
1637164761,1,GET,/public/,0.600000,0.000000,230,230,330,330,360,360,360,360,360,360,360,206,0,250,294.7718446601942,79,940,10217.679611650485
1637164761,1,,Aggregated,3.500000,0.000000,190,220,280,320,360,600,700,700,700,700,700,1178,0,230,294.8480475382003,10,4340,5588.404923599321
1637164762,1,GET,/,1.000000,0.000000,200,230,280,320,600,1500,1500,1500,1500,1500,1500,249,0,240,336.73895582329317,79,3450,10297.855421686747
1637164762,1,POST,/,0.200000,0.000000,560,560,560,560,560,560,560,560,560,560,560,33,0,460,535.8787878787879,184,1560,9968.39393939394
1637164762,1,GET,/auth/find-friends/,1.200000,0.000000,180,200,200,210,320,320,320,320,320,320,320,412,0,210,244.29611650485438,24,1263,1974.0
1637164762,1,GET,/auth/login/,0.000000,0.000000,0,0,0,0,0,0,0,0,0,0,0,1,0,208,208.0,208,208,2961.0
1637164762,1,POST,/auth/login/,0.200000,0.000000,700,700,700,700,700,700,700,700,700,700,700,37,0,700,722.1081081081081,114,2490,10153.594594594595
1637164762,1,GET,/auth/logout/,0.100000,0.000000,190,190,190,190,190,190,190,190,190,190,190,36,0,170,256.52777777777777,10,2509,1712.0
1637164762,1,POST,/auth/modify-friend/,0.600000,0.000000,150,240,240,290,290,290,290,290,290,290,290,206,0,190,242.5631067961165,42,4340,1713.0
1637164762,1,GET,/public/,0.700000,0.000000,230,330,330,360,360,360,360,360,360,360,360,206,0,250,294.7718446601942,79,940,10217.679611650485
1637164762,1,,Aggregated,4.000000,0.000000,200,230,320,320,560,700,1500,1500,1500,1500,1500,1180,0,230,295.7915254237288,10,4340,5596.955084745763
1637164763,1,GET,/,1.000000,0.000000,200,230,280,320,600,1500,1500,1500,1500,1500,1500,249,0,240,336.73895582329317,79,3450,10297.855421686747
1637164763,1,POST,/,0.200000,0.000000,560,560,560,560,560,560,560,560,560,560,560,34,0,460,536.5294117647059,184,1560,9986.941176470587
1637164763,1,GET,/auth/find-friends/,1.200000,0.000000,180,180,200,210,320,320,320,320,320,320,320,412,0,210,244.29611650485438,24,1263,1974.0
1637164763,1,GET,/auth/login/,0.000000,0.000000,0,0,0,0,0,0,0,0,0,0,0,1,0,208,208.0,208,208,2961.0
1637164763,1,POST,/auth/login/,0.100000,0.000000,700,700,700,700,700,700,700,700,700,700,700,37,0,700,722.1081081081081,114,2490,10153.594594594595
1637164763,1,GET,/auth/logout/,0.100000,0.000000,190,190,190,190,190,190,190,190,190,190,190,37,0,170,254.67567567567568,10,2509,1712.0
1637164763,1,POST,/auth/modify-friend/,0.600000,0.000000,150,240,240,290,290,290,290,290,290,290,290,206,0,190,242.5631067961165,42,4340,1713.0
1637164763,1,GET,/public/,0.600000,0.000000,330,330,360,360,360,360,360,360,360,360,360,206,0,250,294.7718446601942,79,940,10217.679611650485
1637164763,1,,Aggregated,3.800000,0.000000,200,240,320,330,560,600,1500,1500,1500,1500,1500,1182,0,230,295.922165820643,10,4340,5597.900169204738
1637164764,1,GET,/,1.000000,0.000000,200,230,280,320,600,1500,1500,1500,1500,1500,1500,249,0,240,336.73895582329317,79,3450,10297.855421686747
1637164764,1,POST,/,0.200000,0.000000,560,560,560,560,560,560,560,560,560,560,560,34,0,460,536.5294117647059,184,1560,9986.941176470587
1637164764,1,GET,/auth/find-friends/,1.200000,0.000000,180,180,200,200,210,210,210,210,210,210,210,412,0,210,244.29611650485438,24,1263,1974.0
1637164764,1,GET,/auth/login/,0.000000,0.000000,0,0,0,0,0,0,0,0,0,0,0,1,0,208,208.0,208,208,2961.0
1637164764,1,POST,/auth/login/,0.100000,0.000000,700,700,700,700,700,700,700,700,700,700,700,37,0,700,722.1081081081081,114,2490,10153.594594594595
1637164764,1,GET,/auth/logout/,0.100000,0.000000,190,190,190,190,190,190,190,190,190,190,190,37,0,170,254.67567567567568,10,2509,1712.0
1637164764,1,POST,/auth/modify-friend/,0.600000,0.000000,150,150,240,240,240,240,240,240,240,240,240,206,0,190,242.5631067961165,42,4340,1713.0
1637164764,1,GET,/public/,0.600000,0.000000,230,230,330,330,330,330,330,330,330,330,330,206,0,250,294.7718446601942,79,940,10217.679611650485
1637164764,1,,Aggregated,3.800000,0.000000,190,230,280,320,560,600,1500,1500,1500,1500,1500,1182,0,230,295.922165820643,10,4340,5597.900169204738
1637164765,1,GET,/,1.300000,0.000000,220,280,320,320,600,1500,1500,1500,1500,1500,1500,249,0,240,336.73895582329317,79,3450,10297.855421686747
1637164765,1,POST,/,0.200000,0.000000,560,560,560,560,560,560,560,560,560,560,560,34,0,460,536.5294117647059,184,1560,9986.941176470587
1637164765,1,GET,/auth/find-friends/,1.000000,0.000000,180,200,200,210,210,210,210,210,210,210,210,412,0,210,244.29611650485438,24,1263,1974.0
1637164765,1,GET,/auth/login/,0.000000,0.000000,0,0,0,0,0,0,0,0,0,0,0,1,0,208,208.0,208,208,2961.0
1637164765,1,POST,/auth/login/,0.100000,0.000000,960,960,960,960,960,960,960,960,960,960,960,38,0,700,728.3157894736842,114,2490,10160.078947368422
1637164765,1,GET,/auth/logout/,0.000000,0.000000,190,190,190,190,190,190,190,190,190,190,190,37,0,170,254.67567567567568,10,2509,1712.0
1637164765,1,POST,/auth/modify-friend/,0.500000,0.000000,150,150,240,240,240,240,240,240,240,240,240,206,0,190,242.5631067961165,42,4340,1713.0
1637164765,1,GET,/public/,0.500000,0.000000,230,230,330,330,330,330,330,330,330,330,330,206,0,250,294.7718446601942,79,940,10217.679611650485
1637164765,1,,Aggregated,3.600000,0.000000,220,280,330,360,600,960,1500,1500,1500,1500,1500,1183,0,230,296.4818258664412,10,4340,5601.959425190194
1637164766,1,GET,/,1.300000,0.000000,230,320,390,500,600,1500,1500,1500,1500,1500,1500,251,0,240,337.59362549800795,79,3450,10298.565737051793
1637164766,1,POST,/,0.300000,0.000000,560,560,560,560,560,560,560,560,560,560,560,34,0,460,536.5294117647059,184,1560,9986.941176470587
1637164766,1,GET,/auth/find-friends/,0.900000,0.000000,200,200,210,210,210,210,210,210,210,210,210,412,0,210,244.29611650485438,24,1263,1974.0
1637164766,1,GET,/auth/login/,0.000000,0.000000,0,0,0,0,0,0,0,0,0,0,0,1,0,208,208.0,208,208,2961.0
1637164766,1,POST,/auth/login/,0.000000,0.000000,960,960,960,960,960,960,960,960,960,960,960,38,0,700,728.3157894736842,114,2490,10160.078947368422
1637164766,1,GET,/auth/logout/,0.100000,0.000000,190,190,190,190,190,190,190,190,190,190,190,37,0,170,254.67567567567568,10,2509,1712.0
1637164766,1,POST,/auth/modify-friend/,0.500000,0.000000,240,240,240,240,240,240,240,240,240,240,240,206,0,190,242.5631067961165,42,4340,1713.0
1637164766,1,GET,/public/,0.400000,0.000000,330,330,330,330,330,330,330,330,330,330,330,206,0,250,294.7718446601942,79,940,10217.679611650485
1637164766,1,,Aggregated,3.500000,0.000000,230,320,360,500,560,960,1500,1500,1500,1500,1500,1185,0,230,296.7308016877637,10,4340,5610.035443037975
1637164768,1,GET,/,1.300000,0.000000,220,230,390,500,1500,1500,1500,1500,1500,1500,1500,251,0,240,337.59362549800795,79,3450,10298.565737051793
1637164768,1,POST,/,0.300000,0.000000,560,560,850,850,850,850,850,850,850,850,850,35,0,490,545.5142857142857,184,1560,9997.057142857142
1637164768,1,GET,/auth/find-friends/,0.700000,0.000000,210,210,210,210,210,210,210,210,210,210,210,412,0,210,244.29611650485438,24,1263,1974.0
1637164768,1,GET,/auth/login/,0.000000,0.000000,0,0,0,0,0,0,0,0,0,0,0,1,0,208,208.0,208,208,2961.0
1637164768,1,POST,/auth/login/,0.000000,0.000000,960,960,960,960,960,960,960,960,960,960,960,38,0,700,728.3157894736842,114,2490,10160.078947368422
1637164768,1,GET,/auth/logout/,0.100000,0.000000,190,190,190,190,190,190,190,190,190,190,190,37,0,170,254.67567567567568,10,2509,1712.0
1637164768,1,POST,/auth/modify-friend/,0.400000,0.000000,150,150,150,150,150,150,150,150,150,150,150,206,0,190,242.5631067961165,42,4340,1713.0
1637164768,1,GET,/public/,0.300000,0.000000,230,230,230,230,230,230,230,230,230,230,230,206,0,250,294.7718446601942,79,940,10217.679611650485
1637164768,1,,Aggregated,3.100000,0.000000,220,360,500,560,960,1500,1500,1500,1500,1500,1500,1186,0,230,297.1981450252951,10,4340,5614.024451939292
1637164769,1,GET,/,1.100000,0.000000,290,390,500,740,1500,1500,1500,1500,1500,1500,1500,253,0,240,339.00790513833994,79,3450,10299.509881422924
1637164769,1,POST,/,0.300000,0.000000,560,560,850,850,850,850,850,850,850,850,850,35,0,490,545.5142857142857,184,1560,9997.057142857142
1637164769,1,GET,/auth/find-friends/,0.500000,0.000000,210,210,210,210,210,210,210,210,210,210,210,413,0,210,244.21065375302663,24,1263,1974.0
1637164769,1,GET,/auth/login/,0.000000,0.000000,0,0,0,0,0,0,0,0,0,0,0,1,0,208,208.0,208,208,2961.0
1637164769,1,POST,/auth/login/,0.100000,0.000000,960,960,960,960,960,960,960,960,960,960,960,38,0,700,728.3157894736842,114,2490,10160.078947368422
1637164769,1,GET,/auth/logout/,0.100000,0.000000,190,190,190,190,190,190,190,190,190,190,190,37,0,170,254.67567567567568,10,2509,1712.0
1637164769,1,POST,/auth/modify-friend/,0.300000,0.000000,150,150,150,150,150,150,150,150,150,150,150,206,0,190,242.5631067961165,42,4340,1713.0
1637164769,1,GET,/public/,0.200000,0.000000,250,250,250,250,250,250,250,250,250,250,250,207,0,250,294.54589371980677,79,940,10218.270531400965
1637164769,1,,Aggregated,2.600000,0.000000,250,390,560,740,960,1500,1500,1500,1500,1500,1500,1190,0,230,297.4512605042017,10,4340,5623.010924369748
1637164770,1,GET,/,1.200000,0.000000,390,500,740,740,1500,1500,1500,1500,1500,1500,1500,253,0,240,339.00790513833994,79,3450,10299.509881422924
1637164770,1,POST,/,0.300000,0.000000,560,560,850,850,850,850,850,850,850,850,850,35,0,490,545.5142857142857,184,1560,9997.057142857142
1637164770,1,GET,/auth/find-friends/,0.400000,0.000000,210,210,220,220,230,230,230,230,230,230,230,416,0,210,243.94471153846155,24,1263,1974.0
1637164770,1,GET,/auth/login/,0.000000,0.000000,0,0,0,0,0,0,0,0,0,0,0,1,0,208,208.0,208,208,2961.0
1637164770,1,POST,/auth/login/,0.100000,0.000000,960,960,960,960,960,960,960,960,960,960,960,38,0,700,728.3157894736842,114,2490,10160.078947368422
1637164770,1,GET,/auth/logout/,0.100000,0.000000,190,190,190,190,190,190,190,190,190,190,190,37,0,170,254.67567567567568,10,2509,1712.0
1637164770,1,POST,/auth/modify-friend/,0.200000,0.000000,150,150,200,200,200,200,200,200,200,200,200,208,0,190,241.67307692307693,42,4340,1713.0
1637164770,1,GET,/public/,0.200000,0.000000,240,240,250,250,250,250,250,250,250,250,250,208,0,250,294.25961538461536,79,940,10219.024038461539
1637164770,1,,Aggregated,2.500000,0.000000,240,390,560,740,960,1500,1500,1500,1500,1500,1500,1196,0,230,296.9264214046823,10,4340,5611.292642140468
1637164771,1,GET,/,1.200000,0.000000,500,500,740,740,1500,1500,1500,1500,1500,1500,1500,253,0,240,339.00790513833994,79,3450,10299.509881422924
1637164771,1,POST,/,0.400000,0.000000,850,850,850,850,850,850,850,850,850,850,850,35,0,490,545.5142857142857,184,1560,9997.057142857142
1637164771,1,GET,/auth/find-friends/,0.200000,0.000000,210,210,220,220,230,230,230,230,230,230,230,416,0,210,243.94471153846155,24,1263,1974.0
1637164771,1,GET,/auth/login/,0.000000,0.000000,0,0,0,0,0,0,0,0,0,0,0,1,0,208,208.0,208,208,2961.0
1637164771,1,POST,/auth/login/,0.100000,0.000000,960,960,960,960,960,960,960,960,960,960,960,38,0,700,728.3157894736842,114,2490,10160.078947368422
1637164771,1,GET,/auth/logout/,0.100000,0.000000,190,190,190,190,190,190,190,190,190,190,190,38,0,170,251.44736842105263,10,2509,1712.0
1637164771,1,POST,/auth/modify-friend/,0.100000,0.000000,150,150,200,200,200,200,200,200,200,200,200,208,0,190,241.67307692307693,42,4340,1713.0
1637164771,1,GET,/public/,0.100000,0.000000,240,240,250,250,250,250,250,250,250,250,250,208,0,250,294.25961538461536,79,940,10219.024038461539
1637164771,1,,Aggregated,2.200000,0.000000,240,390,560,740,960,1500,1500,1500,1500,1500,1500,1197,0,230,296.7886382623225,10,4340,5608.035087719299
1637164772,1,GET,/,1.200000,0.000000,500,500,740,740,1500,1500,1500,1500,1500,1500,1500,253,0,240,339.00790513833994,79,3450,10299.509881422924
1637164772,1,POST,/,0.300000,0.000000,850,850,850,850,850,850,850,850,850,850,850,35,0,490,545.5142857142857,184,1560,9997.057142857142
1637164772,1,GET,/auth/find-friends/,0.300000,0.000000,210,210,220,220,230,230,230,230,230,230,230,416,0,210,243.94471153846155,24,1263,1974.0
1637164772,1,GET,/auth/login/,0.000000,0.000000,0,0,0,0,0,0,0,0,0,0,0,1,0,208,208.0,208,208,2961.0
1637164772,1,POST,/auth/login/,0.100000,0.000000,960,960,960,960,960,960,960,960,960,960,960,39,0,700,721.3333333333334,114,2490,10176.615384615385
1637164772,1,GET,/auth/logout/,0.100000,0.000000,130,130,190,190,190,190,190,190,190,190,190,39,0,170,248.02564102564102,10,2509,1712.0
1637164772,1,POST,/auth/modify-friend/,0.100000,0.000000,150,150,200,200,200,200,200,200,200,200,200,208,0,190,241.67307692307693,42,4340,1713.0
1637164772,1,GET,/public/,0.200000,0.000000,240,240,250,250,250,250,250,250,250,250,250,208,0,250,294.25961538461536,79,940,10219.024038461539
1637164772,1,,Aggregated,2.300000,0.000000,240,390,500,560,850,960,960,960,960,960,960,1199,0,230,296.77231025854877,10,4340,5609.120100083403
1637164773,1,GET,/,1.200000,0.000000,500,500,740,740,1500,1500,1500,1500,1500,1500,1500,253,0,240,339.00790513833994,79,3450,10299.509881422924
1637164773,1,POST,/,0.300000,0.000000,850,850,850,850,850,850,850,850,850,850,850,35,0,490,545.5142857142857,184,1560,9997.057142857142
1637164773,1,GET,/auth/find-friends/,0.300000,0.000000,210,210,220,220,230,230,230,230,230,230,230,416,0,210,243.94471153846155,24,1263,1974.0
1637164773,1,GET,/auth/login/,0.000000,0.000000,0,0,0,0,0,0,0,0,0,0,0,1,0,208,208.0,208,208,2961.0
1637164773,1,POST,/auth/login/,0.100000,0.000000,960,960,960,960,960,960,960,960,960,960,960,39,0,700,721.3333333333334,114,2490,10176.615384615385
1637164773,1,GET,/auth/logout/,0.100000,0.000000,130,130,190,190,190,190,190,190,190,190,190,39,0,170,248.02564102564102,10,2509,1712.0
1637164773,1,POST,/auth/modify-friend/,0.100000,0.000000,150,150,200,200,200,200,200,200,200,200,200,208,0,190,241.67307692307693,42,4340,1713.0
1637164773,1,GET,/public/,0.200000,0.000000,250,250,250,250,250,250,250,250,250,250,250,208,0,250,294.25961538461536,79,940,10219.024038461539
1637164773,1,,Aggregated,2.300000,0.000000,240,390,500,560,850,960,960,960,960,960,960,1199,0,230,296.77231025854877,10,4340,5609.120100083403
1637164774,1,GET,/,0.600000,0.000000,500,540,540,740,740,740,740,740,740,740,740,254,0,240,339.8070866141732,79,3450,10300.515748031496
1637164774,1,POST,/,0.200000,0.000000,850,850,850,850,850,850,850,850,850,850,850,35,0,490,545.5142857142857,184,1560,9997.057142857142
1637164774,1,GET,/auth/find-friends/,0.400000,0.000000,220,220,230,230,230,230,230,230,230,230,230,416,0,210,243.94471153846155,24,1263,1974.0
1637164774,1,GET,/auth/login/,0.000000,0.000000,0,0,0,0,0,0,0,0,0,0,0,1,0,208,208.0,208,208,2961.0
1637164774,1,POST,/auth/login/,0.200000,0.000000,820,820,960,960,960,960,960,960,960,960,960,40,0,700,723.825,114,2490,10186.7
1637164774,1,GET,/auth/logout/,0.300000,0.000000,130,130,190,190,190,190,190,190,190,190,190,39,0,170,248.02564102564102,10,2509,1712.0
1637164774,1,POST,/auth/modify-friend/,0.200000,0.000000,200,200,200,200,200,200,200,200,200,200,200,208,0,190,241.67307692307693,42,4340,1713.0
1637164774,1,GET,/public/,0.200000,0.000000,250,250,250,250,250,250,250,250,250,250,250,208,0,250,294.25961538461536,79,940,10219.024038461539
1637164774,1,,Aggregated,2.100000,0.000000,250,460,540,740,850,960,960,960,960,960,960,1201,0,230,297.4129891756869,10,4340,5617.377185678602
1637164775,1,GET,/,0.400000,0.000000,510,510,540,540,740,740,740,740,740,740,740,255,0,240,340.4745098039216,79,3450,10300.552941176471
1637164775,1,POST,/,0.200000,0.000000,850,850,850,850,850,850,850,850,850,850,850,35,0,490,545.5142857142857,184,1560,9997.057142857142
1637164775,1,GET,/auth/find-friends/,0.400000,0.000000,220,220,230,230,230,230,230,230,230,230,230,416,0,210,243.94471153846155,24,1263,1974.0
1637164775,1,GET,/auth/login/,0.000000,0.000000,0,0,0,0,0,0,0,0,0,0,0,1,0,208,208.0,208,208,2961.0
1637164775,1,POST,/auth/login/,0.200000,0.000000,820,820,960,960,960,960,960,960,960,960,960,40,0,700,723.825,114,2490,10186.7
1637164775,1,GET,/auth/logout/,0.300000,0.000000,130,130,190,190,190,190,190,190,190,190,190,39,0,170,248.02564102564102,10,2509,1712.0
1637164775,1,POST,/auth/modify-friend/,0.200000,0.000000,200,200,200,200,200,200,200,200,200,200,200,208,0,190,241.67307692307693,42,4340,1713.0
1637164775,1,GET,/public/,0.200000,0.000000,250,250,560,560,560,560,560,560,560,560,560,209,0,250,295.555023923445,79,940,10217.947368421053
1637164775,1,,Aggregated,1.900000,0.000000,290,500,540,560,820,850,850,850,850,850,850,1203,0,230,297.812136325852,10,4340,5624.91604322527
1637164776,1,GET,/,0.400000,0.000000,510,510,540,540,740,740,740,740,740,740,740,255,0,240,340.4745098039216,79,3450,10300.552941176471
1637164776,1,POST,/,0.200000,0.000000,850,850,850,850,850,850,850,850,850,850,850,35,0,490,545.5142857142857,184,1560,9997.057142857142
1637164776,1,GET,/auth/find-friends/,0.400000,0.000000,220,220,230,230,230,230,230,230,230,230,230,416,0,210,243.94471153846155,24,1263,1974.0
1637164776,1,GET,/auth/login/,0.000000,0.000000,0,0,0,0,0,0,0,0,0,0,0,1,0,208,208.0,208,208,2961.0
1637164776,1,POST,/auth/login/,0.200000,0.000000,820,820,960,960,960,960,960,960,960,960,960,40,0,700,723.825,114,2490,10186.7
1637164776,1,GET,/auth/logout/,0.300000,0.000000,130,130,130,130,130,130,130,130,130,130,130,39,0,170,248.02564102564102,10,2509,1712.0
1637164776,1,POST,/auth/modify-friend/,0.200000,0.000000,200,200,200,200,200,200,200,200,200,200,200,208,0,190,241.67307692307693,42,4340,1713.0
1637164776,1,GET,/public/,0.200000,0.000000,250,250,560,560,560,560,560,560,560,560,560,209,0,250,295.555023923445,79,940,10217.947368421053
1637164776,1,,Aggregated,1.900000,0.000000,250,460,540,560,820,850,850,850,850,850,850,1203,0,230,297.812136325852,10,4340,5624.91604322527
1637164777,1,GET,/,0.400000,0.000000,540,540,740,740,740,740,740,740,740,740,740,255,0,240,340.4745098039216,79,3450,10300.552941176471
1637164777,1,POST,/,0.200000,0.000000,850,850,850,850,850,850,850,850,850,850,850,35,0,490,545.5142857142857,184,1560,9997.057142857142
1637164777,1,GET,/auth/find-friends/,0.400000,0.000000,220,220,230,230,230,230,230,230,230,230,230,416,0,210,243.94471153846155,24,1263,1974.0
1637164777,1,GET,/auth/login/,0.000000,0.000000,0,0,0,0,0,0,0,0,0,0,0,1,0,208,208.0,208,208,2961.0
1637164777,1,POST,/auth/login/,0.200000,0.000000,820,820,960,960,960,960,960,960,960,960,960,40,0,700,723.825,114,2490,10186.7
1637164777,1,GET,/auth/logout/,0.300000,0.000000,130,130,130,130,130,130,130,130,130,130,130,39,0,170,248.02564102564102,10,2509,1712.0
1637164777,1,POST,/auth/modify-friend/,0.200000,0.000000,200,200,200,200,200,200,200,200,200,200,200,208,0,190,241.67307692307693,42,4340,1713.0
1637164777,1,GET,/public/,0.200000,0.000000,250,250,560,560,560,560,560,560,560,560,560,209,0,250,295.555023923445,79,940,10217.947368421053
1637164777,1,,Aggregated,1.900000,0.000000,240,460,510,540,740,820,820,820,820,820,820,1203,0,230,297.812136325852,10,4340,5624.91604322527
1637164778,1,GET,/,0.400000,0.000000,540,540,740,740,740,740,740,740,740,740,740,255,0,240,340.4745098039216,79,3450,10300.552941176471
1637164778,1,POST,/,0.200000,0.000000,850,850,850,850,850,850,850,850,850,850,850,35,0,490,545.5142857142857,184,1560,9997.057142857142
1637164778,1,GET,/auth/find-friends/,0.400000,0.000000,220,220,230,230,230,230,230,230,230,230,230,416,0,210,243.94471153846155,24,1263,1974.0
1637164778,1,GET,/auth/login/,0.000000,0.000000,0,0,0,0,0,0,0,0,0,0,0,1,0,208,208.0,208,208,2961.0
1637164778,1,POST,/auth/login/,0.200000,0.000000,820,820,820,820,820,820,820,820,820,820,820,40,0,700,723.825,114,2490,10186.7
1637164778,1,GET,/auth/logout/,0.300000,0.000000,130,130,130,130,130,130,130,130,130,130,130,39,0,170,248.02564102564102,10,2509,1712.0
1637164778,1,POST,/auth/modify-friend/,0.200000,0.000000,200,200,200,200,200,200,200,200,200,200,200,208,0,190,241.67307692307693,42,4340,1713.0
1637164778,1,GET,/public/,0.200000,0.000000,560,560,560,560,560,560,560,560,560,560,560,209,0,250,295.555023923445,79,940,10217.947368421053
1637164778,1,,Aggregated,1.900000,0.000000,230,460,510,540,560,820,820,820,820,820,820,1203,0,230,297.812136325852,10,4340,5624.91604322527
1637164779,1,GET,/,0.400000,0.000000,540,540,740,740,740,740,740,740,740,740,740,255,0,240,340.4745098039216,79,3450,10300.552941176471
1637164779,1,POST,/,0.100000,0.000000,850,850,850,850,850,850,850,850,850,850,850,35,0,490,545.5142857142857,184,1560,9997.057142857142
1637164779,1,GET,/auth/find-friends/,0.400000,0.000000,230,230,4000,4000,4000,4000,4000,4000,4000,4000,4000,417,0,210,252.8369304556355,24,3952,1974.0
1637164779,1,GET,/auth/login/,0.000000,0.000000,0,0,0,0,0,0,0,0,0,0,0,1,0,208,208.0,208,208,2961.0
1637164779,1,POST,/auth/login/,0.200000,0.000000,820,820,820,820,820,820,820,820,820,820,820,40,0,700,723.825,114,2490,10186.7
1637164779,1,GET,/auth/logout/,0.200000,0.000000,130,130,130,130,130,130,130,130,130,130,130,39,0,170,248.02564102564102,10,2509,1712.0
1637164779,1,POST,/auth/modify-friend/,0.200000,0.000000,200,200,200,200,200,200,200,200,200,200,200,208,0,190,241.67307692307693,42,4340,1713.0
1637164779,1,GET,/public/,0.300000,0.000000,560,560,560,560,560,560,560,560,560,560,560,209,0,250,295.555023923445,79,940,10217.947368421053
1637164779,1,,Aggregated,1.800000,0.000000,540,560,820,820,4000,4000,4000,4000,4000,4000,4000,1204,0,230,300.8471760797342,10,4340,5621.883720930233
1637164780,1,GET,/,0.400000,0.000000,540,540,740,740,740,740,740,740,740,740,740,255,0,240,340.4745098039216,79,3450,10300.552941176471
1637164780,1,POST,/,0.100000,0.000000,850,850,850,850,850,850,850,850,850,850,850,35,0,490,545.5142857142857,184,1560,9997.057142857142
1637164780,1,GET,/auth/find-friends/,0.400000,0.000000,230,460,460,4000,4000,4000,4000,4000,4000,4000,4000,418,0,210,253.33492822966508,24,3952,1974.0
1637164780,1,GET,/auth/login/,0.000000,0.000000,0,0,0,0,0,0,0,0,0,0,0,1,0,208,208.0,208,208,2961.0
1637164780,1,POST,/auth/login/,0.200000,0.000000,820,820,820,820,820,820,820,820,820,820,820,40,0,700,723.825,114,2490,10186.7
1637164780,1,GET,/auth/logout/,0.200000,0.000000,120,120,120,120,120,120,120,120,120,120,120,39,0,170,248.02564102564102,10,2509,1712.0
1637164780,1,POST,/auth/modify-friend/,0.200000,0.000000,200,200,420,420,420,420,420,420,420,420,420,209,0,200,242.5071770334928,42,4340,1713.0
1637164780,1,GET,/public/,0.300000,0.000000,560,560,560,560,560,560,560,560,560,560,560,209,0,250,295.555023923445,79,940,10217.947368421053
1637164780,1,,Aggregated,1.800000,0.000000,510,540,560,820,4000,4000,4000,4000,4000,4000,4000,1206,0,230,301.07545605306797,10,4340,5615.617744610282
1637164781,1,GET,/,0.200000,0.000000,510,510,540,540,540,540,540,540,540,540,540,256,0,240,340.6953125,79,3450,10300.40234375
1637164781,1,POST,/,0.000000,0.000000,850,850,850,850,850,850,850,850,850,850,850,36,0,490,552.2777777777778,184,1560,10011.388888888889
1637164781,1,GET,/auth/find-friends/,0.300000,0.000000,230,460,460,4000,4000,4000,4000,4000,4000,4000,4000,418,0,210,253.33492822966508,24,3952,1974.0
1637164781,1,GET,/auth/login/,0.000000,0.000000,0,0,0,0,0,0,0,0,0,0,0,1,0,208,208.0,208,208,2961.0
1637164781,1,POST,/auth/login/,0.200000,0.000000,820,820,820,820,820,820,820,820,820,820,820,40,0,700,723.825,114,2490,10186.7
1637164781,1,GET,/auth/logout/,0.200000,0.000000,120,120,120,120,120,120,120,120,120,120,120,39,0,170,248.02564102564102,10,2509,1712.0
1637164781,1,POST,/auth/modify-friend/,0.200000,0.000000,200,200,420,420,420,420,420,420,420,420,420,209,0,200,242.5071770334928,42,4340,1713.0
1637164781,1,GET,/public/,0.200000,0.000000,560,560,560,560,560,560,560,560,560,560,560,209,0,250,295.555023923445,79,940,10217.947368421053
1637164781,1,,Aggregated,1.300000,0.000000,510,560,790,790,820,4000,4000,4000,4000,4000,4000,1208,0,230,301.5587748344371,10,4340,5623.51821192053
1637164782,1,GET,/,0.200000,0.000000,510,510,540,540,540,540,540,540,540,540,540,257,0,250,341.011673151751,79,3450,10301.53307392996
1637164782,1,POST,/,0.000000,0.000000,850,850,850,850,850,850,850,850,850,850,850,36,0,490,552.2777777777778,184,1560,10011.388888888889
1637164782,1,GET,/auth/find-friends/,0.300000,0.000000,230,460,460,4000,4000,4000,4000,4000,4000,4000,4000,418,0,210,253.33492822966508,24,3952,1974.0
1637164782,1,GET,/auth/login/,0.000000,0.000000,0,0,0,0,0,0,0,0,0,0,0,1,0,208,208.0,208,208,2961.0
1637164782,1,POST,/auth/login/,0.200000,0.000000,820,820,820,820,820,820,820,820,820,820,820,40,0,700,723.825,114,2490,10186.7
1637164782,1,GET,/auth/logout/,0.200000,0.000000,240,240,240,240,240,240,240,240,240,240,240,40,0,170,247.825,10,2509,1712.0
1637164782,1,POST,/auth/modify-friend/,0.200000,0.000000,200,200,420,420,420,420,420,420,420,420,420,209,0,200,242.5071770334928,42,4340,1713.0
1637164782,1,GET,/public/,0.200000,0.000000,560,560,560,560,560,560,560,560,560,560,560,209,0,250,295.555023923445,79,940,10217.947368421053
1637164782,1,,Aggregated,1.300000,0.000000,510,560,790,790,820,4000,4000,4000,4000,4000,4000,1210,0,230,301.60743801652893,10,4340,5624.390909090909
1637164783,1,GET,/,0.300000,0.000000,420,420,510,510,540,540,540,540,540,540,540,259,0,240,339.35521235521236,79,3450,10305.04247104247
1637164783,1,POST,/,0.000000,0.000000,850,850,850,850,850,850,850,850,850,850,850,36,0,490,552.2777777777778,184,1560,10011.388888888889
1637164783,1,GET,/auth/find-friends/,0.200000,0.000000,230,460,460,4000,4000,4000,4000,4000,4000,4000,4000,418,0,210,253.33492822966508,24,3952,1974.0
1637164783,1,GET,/auth/login/,0.000000,0.000000,0,0,0,0,0,0,0,0,0,0,0,1,0,208,208.0,208,208,2961.0
1637164783,1,POST,/auth/login/,0.200000,0.000000,820,820,820,820,820,820,820,820,820,820,820,41,0,700,711.7073170731708,114,2490,10201.0
1637164783,1,GET,/auth/logout/,0.100000,0.000000,240,240,240,240,240,240,240,240,240,240,240,40,0,170,247.825,10,2509,1712.0
1637164783,1,POST,/auth/modify-friend/,0.100000,0.000000,200,200,420,420,420,420,420,420,420,420,420,209,0,200,242.5071770334928,42,4340,1713.0
1637164783,1,GET,/public/,0.100000,0.000000,560,560,560,560,560,560,560,560,560,560,560,209,0,250,295.555023923445,79,940,10217.947368421053
1637164783,1,,Aggregated,1.000000,0.000000,420,510,540,560,790,4000,4000,4000,4000,4000,4000,1213,0,230,301.25721352019787,10,4340,5637.096455070075
1637164784,1,GET,/,0.400000,0.000000,400,420,510,510,540,540,540,540,540,540,540,261,0,240,337.64367816091954,79,3450,10309.214559386974
1637164784,1,POST,/,0.100000,0.000000,790,790,790,790,790,790,790,790,790,790,790,36,0,490,552.2777777777778,184,1560,10011.388888888889
1637164784,1,GET,/auth/find-friends/,0.200000,0.000000,460,460,4000,4000,4000,4000,4000,4000,4000,4000,4000,420,0,210,253.06666666666666,24,3952,1974.0
1637164784,1,GET,/auth/login/,0.000000,0.000000,0,0,0,0,0,0,0,0,0,0,0,1,0,208,208.0,208,208,2961.0
1637164784,1,POST,/auth/login/,0.100000,0.000000,820,820,820,820,820,820,820,820,820,820,820,41,0,700,711.7073170731708,114,2490,10201.0
1637164784,1,GET,/auth/logout/,0.100000,0.000000,240,240,240,240,240,240,240,240,240,240,240,40,0,170,247.825,10,2509,1712.0
1637164784,1,POST,/auth/modify-friend/,0.100000,0.000000,420,420,420,420,420,420,420,420,420,420,420,209,0,200,242.5071770334928,42,4340,1713.0
1637164784,1,GET,/public/,0.100000,0.000000,560,560,560,560,560,560,560,560,560,560,560,210,0,250,294.85238095238094,79,940,10219.209523809524
1637164784,1,,Aggregated,1.100000,0.000000,240,420,460,460,790,4000,4000,4000,4000,4000,4000,1218,0,230,300.6559934318555,10,4340,5643.619047619048
1637164785,1,GET,/,0.400000,0.000000,220,400,420,510,540,540,540,540,540,540,540,262,0,240,337.20992366412213,79,3450,10311.145038167939
1637164785,1,POST,/,0.100000,0.000000,790,790,790,790,790,790,790,790,790,790,790,37,0,490,546.6216216216217,184,1560,10028.972972972973
1637164785,1,GET,/auth/find-friends/,0.200000,0.000000,460,460,4000,4000,4000,4000,4000,4000,4000,4000,4000,420,0,210,253.06666666666666,24,3952,1974.0
1637164785,1,GET,/auth/login/,0.000000,0.000000,0,0,0,0,0,0,0,0,0,0,0,1,0,208,208.0,208,208,2961.0
1637164785,1,POST,/auth/login/,0.100000,0.000000,820,820,820,820,820,820,820,820,820,820,820,41,0,700,711.7073170731708,114,2490,10201.0
1637164785,1,GET,/auth/logout/,0.100000,0.000000,240,240,240,240,240,240,240,240,240,240,240,40,0,170,247.825,10,2509,1712.0
1637164785,1,POST,/auth/modify-friend/,0.100000,0.000000,420,420,420,420,420,420,420,420,420,420,420,210,0,200,243.06666666666666,42,4340,1713.0
1637164785,1,GET,/public/,0.100000,0.000000,210,210,560,560,560,560,560,560,560,560,560,211,0,250,294.45497630331755,79,940,10219.521327014218
1637164785,1,,Aggregated,1.100000,0.000000,240,400,420,460,790,4000,4000,4000,4000,4000,4000,1222,0,230,300.60310965630117,10,4340,5652.539279869067
1637164786,1,GET,/,0.800000,0.000000,220,400,420,510,540,540,540,540,540,540,540,262,0,240,337.20992366412213,79,3450,10311.145038167939
1637164786,1,POST,/,0.100000,0.000000,790,790,790,790,790,790,790,790,790,790,790,37,0,490,546.6216216216217,184,1560,10028.972972972973
1637164786,1,GET,/auth/find-friends/,0.300000,0.000000,160,220,230,460,4000,4000,4000,4000,4000,4000,4000,426,0,210,250.6455399061033,24,3952,1974.0
1637164786,1,GET,/auth/login/,0.000000,0.000000,0,0,0,0,0,0,0,0,0,0,0,1,0,208,208.0,208,208,2961.0
1637164786,1,POST,/auth/login/,0.100000,0.000000,820,820,820,820,820,820,820,820,820,820,820,41,0,700,711.7073170731708,114,2490,10201.0
1637164786,1,GET,/auth/logout/,0.100000,0.000000,240,240,240,240,240,240,240,240,240,240,240,40,0,170,247.825,10,2509,1712.0
1637164786,1,POST,/auth/modify-friend/,0.100000,0.000000,200,360,360,420,420,420,420,420,420,420,420,213,0,200,241.0281690140845,42,4340,1713.0
1637164786,1,GET,/public/,0.200000,0.000000,210,250,250,560,560,560,560,560,560,560,560,213,0,250,293.3380281690141,79,940,10217.80751173709
1637164786,1,,Aggregated,1.700000,0.000000,210,240,360,400,460,790,4000,4000,4000,4000,4000,1233,0,230,298.8402270884023,10,4340,5632.165450121654
1637164787,1,GET,/,0.800000,0.000000,130,150,220,400,420,420,420,420,420,420,420,264,0,240,335.344696969697,79,3450,10311.526515151516
1637164787,1,POST,/,0.100000,0.000000,790,790,790,790,790,790,790,790,790,790,790,37,0,490,546.6216216216217,184,1560,10028.972972972973
1637164787,1,GET,/auth/find-friends/,0.300000,0.000000,160,220,230,460,4000,4000,4000,4000,4000,4000,4000,426,0,210,250.6455399061033,24,3952,1974.0
1637164787,1,GET,/auth/login/,0.000000,0.000000,0,0,0,0,0,0,0,0,0,0,0,1,0,208,208.0,208,208,2961.0
1637164787,1,POST,/auth/login/,0.100000,0.000000,820,820,820,820,820,820,820,820,820,820,820,41,0,700,711.7073170731708,114,2490,10201.0
1637164787,1,GET,/auth/logout/,0.100000,0.000000,240,240,240,240,240,240,240,240,240,240,240,41,0,170,242.02439024390245,10,2509,1712.0
1637164787,1,POST,/auth/modify-friend/,0.100000,0.000000,200,360,360,420,420,420,420,420,420,420,420,213,0,200,241.0281690140845,42,4340,1713.0
1637164787,1,GET,/public/,0.200000,0.000000,210,250,250,560,560,560,560,560,560,560,560,213,0,250,293.3380281690141,79,940,10217.80751173709
1637164787,1,,Aggregated,1.700000,0.000000,160,230,250,360,420,790,4000,4000,4000,4000,4000,1236,0,230,298.27022653721684,10,4340,5636.64644012945
1637164788,1,GET,/,0.700000,0.000000,150,220,280,400,420,420,420,420,420,420,420,265,0,240,335.12075471698114,79,3450,10311.928301886792
1637164788,1,POST,/,0.200000,0.000000,790,790,790,790,790,790,790,790,790,790,790,37,0,490,546.6216216216217,184,1560,10028.972972972973
1637164788,1,GET,/auth/find-friends/,0.600000,0.000000,160,220,230,460,4000,4000,4000,4000,4000,4000,4000,426,0,210,250.6455399061033,24,3952,1974.0
1637164788,1,GET,/auth/login/,0.000000,0.000000,0,0,0,0,0,0,0,0,0,0,0,1,0,208,208.0,208,208,2961.0
1637164788,1,POST,/auth/login/,0.100000,0.000000,370,370,370,370,370,370,370,370,370,370,370,42,0,500,703.6666666666666,114,2490,10205.666666666666
1637164788,1,GET,/auth/logout/,0.100000,0.000000,240,240,240,240,240,240,240,240,240,240,240,41,0,170,242.02439024390245,10,2509,1712.0
1637164788,1,POST,/auth/modify-friend/,0.300000,0.000000,200,360,360,420,420,420,420,420,420,420,420,213,0,200,241.0281690140845,42,4340,1713.0
1637164788,1,GET,/public/,0.200000,0.000000,210,250,250,560,560,560,560,560,560,560,560,213,0,250,293.3380281690141,79,940,10217.80751173709
1637164788,1,,Aggregated,2.200000,0.000000,200,240,340,370,420,790,4000,4000,4000,4000,4000,1238,0,230,298.31340872374795,10,4340,5644.35379644588
1637164789,1,GET,/,0.900000,0.000000,150,220,280,400,420,420,420,420,420,420,420,265,0,240,335.12075471698114,79,3450,10311.928301886792
1637164789,1,POST,/,0.200000,0.000000,790,790,790,790,790,790,790,790,790,790,790,37,0,490,546.6216216216217,184,1560,10028.972972972973
1637164789,1,GET,/auth/find-friends/,1.000000,0.000000,220,230,240,240,460,4000,4000,4000,4000,4000,4000,428,0,210,250.5677570093458,24,3952,1974.0
1637164789,1,GET,/auth/login/,0.000000,0.000000,0,0,0,0,0,0,0,0,0,0,0,1,0,208,208.0,208,208,2961.0
1637164789,1,POST,/auth/login/,0.100000,0.000000,370,370,370,370,370,370,370,370,370,370,370,42,0,500,703.6666666666666,114,2490,10205.666666666666
1637164789,1,GET,/auth/logout/,0.200000,0.000000,240,240,240,240,240,240,240,240,240,240,240,41,0,170,242.02439024390245,10,2509,1712.0
1637164789,1,POST,/auth/modify-friend/,0.500000,0.000000,250,250,360,360,420,420,420,420,420,420,420,214,0,200,241.07009345794393,42,4340,1713.0
1637164789,1,GET,/public/,0.400000,0.000000,210,250,250,310,310,310,310,310,310,310,310,214,0,250,293.4158878504673,79,940,10217.154205607476
1637164789,1,,Aggregated,3.300000,0.000000,210,230,250,280,370,420,790,790,790,790,790,1242,0,230,298.1803542673108,10,4340,5638.847826086957
1637164790,1,GET,/,0.900000,0.000000,130,150,220,280,420,420,420,420,420,420,420,265,0,240,335.12075471698114,79,3450,10311.928301886792
1637164790,1,POST,/,0.200000,0.000000,790,790,790,790,790,790,790,790,790,790,790,37,0,490,546.6216216216217,184,1560,10028.972972972973
1637164790,1,GET,/auth/find-friends/,1.000000,0.000000,200,230,230,240,460,4000,4000,4000,4000,4000,4000,430,0,210,250.34186046511627,24,3952,1974.0
1637164790,1,GET,/auth/login/,0.000000,0.000000,0,0,0,0,0,0,0,0,0,0,0,1,0,208,208.0,208,208,2961.0
1637164790,1,POST,/auth/login/,0.100000,0.000000,370,370,370,370,370,370,370,370,370,370,370,42,0,500,703.6666666666666,114,2490,10205.666666666666
1637164790,1,GET,/auth/logout/,0.200000,0.000000,240,240,240,240,240,240,240,240,240,240,240,41,0,170,242.02439024390245,10,2509,1712.0
1637164790,1,POST,/auth/modify-friend/,0.500000,0.000000,210,250,360,360,420,420,420,420,420,420,420,215,0,200,240.92093023255813,42,4340,1713.0
1637164790,1,GET,/public/,0.400000,0.000000,250,270,280,280,310,310,310,310,310,310,310,216,0,250,293.24074074074076,79,940,10215.50925925926
1637164790,1,,Aggregated,3.300000,0.000000,210,230,250,280,360,420,790,790,790,790,790,1247,0,230,297.91659983961506,10,4340,5636.879711307137
1637164791,1,GET,/,1.000000,0.000000,130,150,220,280,420,420,420,420,420,420,420,265,0,240,335.12075471698114,79,3450,10311.928301886792
1637164791,1,POST,/,0.200000,0.000000,790,790,790,790,790,790,790,790,790,790,790,37,0,490,546.6216216216217,184,1560,10028.972972972973
1637164791,1,GET,/auth/find-friends/,1.100000,0.000000,180,200,220,220,230,240,240,240,240,240,240,434,0,200,249.36405529953916,24,3952,1974.0
1637164791,1,GET,/auth/login/,0.000000,0.000000,0,0,0,0,0,0,0,0,0,0,0,1,0,208,208.0,208,208,2961.0
1637164791,1,POST,/auth/login/,0.200000,0.000000,370,370,370,370,370,370,370,370,370,370,370,42,0,500,703.6666666666666,114,2490,10205.666666666666
1637164791,1,GET,/auth/logout/,0.200000,0.000000,240,240,240,240,240,240,240,240,240,240,240,41,0,170,242.02439024390245,10,2509,1712.0
1637164791,1,POST,/auth/modify-friend/,0.500000,0.000000,200,210,250,250,360,360,360,360,360,360,360,217,0,200,239.889400921659,42,4340,1713.0
1637164791,1,GET,/public/,0.500000,0.000000,250,270,280,280,310,310,310,310,310,310,310,217,0,250,292.86175115207374,79,940,10215.15207373272
1637164791,1,,Aggregated,3.700000,0.000000,200,230,240,250,340,370,790,790,790,790,790,1254,0,230,297.0877192982456,10,4340,5622.527113237639
1637164792,1,GET,/,1.000000,0.000000,130,150,220,220,280,280,280,280,280,280,280,265,0,240,335.12075471698114,79,3450,10311.928301886792
1637164792,1,POST,/,0.200000,0.000000,790,790,790,790,790,790,790,790,790,790,790,37,0,490,546.6216216216217,184,1560,10028.972972972973
1637164792,1,GET,/auth/find-friends/,1.100000,0.000000,160,180,200,220,230,240,240,240,240,240,240,436,0,200,248.4862385321101,24,3952,1974.0
1637164792,1,GET,/auth/login/,0.000000,0.000000,0,0,0,0,0,0,0,0,0,0,0,1,0,208,208.0,208,208,2961.0
1637164792,1,POST,/auth/login/,0.200000,0.000000,370,370,370,370,370,370,370,370,370,370,370,42,0,500,703.6666666666666,114,2490,10205.666666666666
1637164792,1,GET,/auth/logout/,0.200000,0.000000,10,10,240,240,240,240,240,240,240,240,240,42,0,140,236.5,10,2509,1712.0
1637164792,1,POST,/auth/modify-friend/,0.500000,0.000000,150,200,210,250,360,360,360,360,360,360,360,218,0,190,239.1559633027523,42,4340,1713.0
1637164792,1,GET,/public/,0.500000,0.000000,210,250,270,280,310,310,310,310,310,310,310,218,0,250,292.27064220183485,79,940,10215.220183486239
1637164792,1,,Aggregated,3.700000,0.000000,160,210,230,240,280,340,370,370,370,370,370,1259,0,230,296.2017474185862,10,4340,5614.179507545671
1637164793,1,GET,/,1.000000,0.000000,220,220,280,280,280,280,280,280,280,280,280,265,0,240,335.12075471698114,79,3450,10311.928301886792
1637164793,1,POST,/,0.200000,0.000000,340,340,340,340,340,340,340,340,340,340,340,37,0,490,546.6216216216217,184,1560,10028.972972972973
1637164793,1,GET,/auth/find-friends/,1.100000,0.000000,130,180,200,200,230,240,240,240,240,240,240,436,0,200,248.4862385321101,24,3952,1974.0
1637164793,1,GET,/auth/login/,0.000000,0.000000,0,0,0,0,0,0,0,0,0,0,0,1,0,208,208.0,208,208,2961.0
1637164793,1,POST,/auth/login/,0.200000,0.000000,370,370,370,370,370,370,370,370,370,370,370,42,0,500,703.6666666666666,114,2490,10205.666666666666
1637164793,1,GET,/auth/logout/,0.200000,0.000000,10,10,10,10,10,10,10,10,10,10,10,42,0,140,236.5,10,2509,1712.0
1637164793,1,POST,/auth/modify-friend/,0.500000,0.000000,150,200,210,250,360,360,360,360,360,360,360,218,0,190,239.1559633027523,42,4340,1713.0
1637164793,1,GET,/public/,0.500000,0.000000,210,250,270,280,310,310,310,310,310,310,310,218,0,250,292.27064220183485,79,940,10215.220183486239
1637164793,1,,Aggregated,3.700000,0.000000,180,210,230,250,280,340,370,370,370,370,370,1259,0,230,296.2017474185862,10,4340,5614.179507545671
1637164794,1,GET,/,0.800000,0.000000,220,220,280,280,280,280,280,280,280,280,280,265,0,240,335.12075471698114,79,3450,10311.928301886792
1637164794,1,POST,/,0.100000,0.000000,340,340,340,340,340,340,340,340,340,340,340,37,0,490,546.6216216216217,184,1560,10028.972972972973
1637164794,1,GET,/auth/find-friends/,1.800000,0.000000,180,200,220,230,240,280,280,280,280,280,280,438,0,200,248.55251141552512,24,3952,1974.0
1637164794,1,GET,/auth/login/,0.000000,0.000000,0,0,0,0,0,0,0,0,0,0,0,1,0,208,208.0,208,208,2961.0
1637164794,1,POST,/auth/login/,0.200000,0.000000,370,370,760,760,760,760,760,760,760,760,760,43,0,700,704.8837209302326,114,2490,10218.558139534884
1637164794,1,GET,/auth/logout/,0.200000,0.000000,10,10,10,10,10,10,10,10,10,10,10,42,0,140,236.5,10,2509,1712.0
1637164794,1,POST,/auth/modify-friend/,0.900000,0.000000,150,200,210,210,250,250,250,250,250,250,250,218,0,190,239.1559633027523,42,4340,1713.0
1637164794,1,GET,/public/,0.900000,0.000000,250,270,280,310,320,320,320,320,320,320,320,219,0,250,292.39269406392697,79,940,10216.027397260274
1637164794,1,,Aggregated,4.900000,0.000000,180,220,250,270,310,340,760,760,760,760,760,1263,0,230,296.53127474267615,10,4340,5616.272367379256
1637164795,1,GET,/,0.800000,0.000000,92,92,280,280,280,280,280,280,280,280,280,265,0,240,335.12075471698114,79,3450,10311.928301886792
1637164795,1,POST,/,0.100000,0.000000,340,340,340,340,340,340,340,340,340,340,340,37,0,490,546.6216216216217,184,1560,10028.972972972973
1637164795,1,GET,/auth/find-friends/,1.800000,0.000000,180,200,230,240,260,280,280,280,280,280,280,439,0,210,248.56719817767654,24,3952,1974.0
1637164795,1,GET,/auth/login/,0.000000,0.000000,0,0,0,0,0,0,0,0,0,0,0,1,0,208,208.0,208,208,2961.0
1637164795,1,POST,/auth/login/,0.200000,0.000000,760,760,760,760,760,760,760,760,760,760,760,43,0,700,704.8837209302326,114,2490,10218.558139534884
1637164795,1,GET,/auth/logout/,0.200000,0.000000,10,10,10,10,10,10,10,10,10,10,10,42,0,140,236.5,10,2509,1712.0
1637164795,1,POST,/auth/modify-friend/,0.900000,0.000000,150,210,250,250,250,250,250,250,250,250,250,219,0,200,239.18721461187215,42,4340,1713.0
1637164795,1,GET,/public/,0.900000,0.000000,270,280,310,320,430,430,430,430,430,430,430,220,0,250,293.03636363636366,79,940,10216.772727272728
1637164795,1,,Aggregated,4.900000,0.000000,180,240,250,270,310,370,760,760,760,760,760,1266,0,230,296.56714060031595,10,4340,5614.075039494471
1637164796,1,GET,/,0.400000,0.000000,280,280,360,360,360,360,360,360,360,360,360,266,0,240,335.2293233082707,79,3450,10313.394736842105
1637164796,1,POST,/,0.100000,0.000000,340,340,340,340,340,340,340,340,340,340,340,37,0,490,546.6216216216217,184,1560,10028.972972972973
1637164796,1,GET,/auth/find-friends/,1.700000,0.000000,180,200,240,240,280,300,300,300,300,300,300,440,0,210,248.67954545454546,24,3952,1974.0
1637164796,1,GET,/auth/login/,0.000000,0.000000,0,0,0,0,0,0,0,0,0,0,0,1,0,208,208.0,208,208,2961.0
1637164796,1,POST,/auth/login/,0.200000,0.000000,760,760,760,760,760,760,760,760,760,760,760,43,0,700,704.8837209302326,114,2490,10218.558139534884
1637164796,1,GET,/auth/logout/,0.200000,0.000000,10,10,10,10,10,10,10,10,10,10,10,42,0,140,236.5,10,2509,1712.0
1637164796,1,POST,/auth/modify-friend/,0.900000,0.000000,150,210,250,250,290,290,290,290,290,290,290,220,0,200,239.4227272727273,42,4340,1713.0
1637164796,1,GET,/public/,0.800000,0.000000,270,280,310,320,430,430,430,430,430,430,430,220,0,250,293.03636363636366,79,940,10216.772727272728
1637164796,1,,Aggregated,4.300000,0.000000,200,250,280,280,320,370,760,760,760,760,760,1269,0,230,296.6170212765957,10,4340,5612.141843971631
1637164797,1,GET,/,0.300000,0.000000,360,360,560,560,560,560,560,560,560,560,560,267,0,240,336.0561797752809,79,3450,10314.760299625468
1637164797,1,POST,/,0.100000,0.000000,340,340,340,340,340,340,340,340,340,340,340,37,0,490,546.6216216216217,184,1560,10028.972972972973
1637164797,1,GET,/auth/find-friends/,1.800000,0.000000,200,240,240,260,280,300,300,300,300,300,300,441,0,210,248.65759637188208,24,3952,1974.0
1637164797,1,GET,/auth/login/,0.000000,0.000000,0,0,0,0,0,0,0,0,0,0,0,1,0,208,208.0,208,208,2961.0
1637164797,1,POST,/auth/login/,0.200000,0.000000,760,760,760,760,760,760,760,760,760,760,760,43,0,700,704.8837209302326,114,2490,10218.558139534884
1637164797,1,GET,/auth/logout/,0.200000,0.000000,10,10,10,10,10,10,10,10,10,10,10,42,0,140,236.5,10,2509,1712.0
1637164797,1,POST,/auth/modify-friend/,0.900000,0.000000,210,250,250,250,290,290,290,290,290,290,290,220,0,200,239.4227272727273,42,4340,1713.0
1637164797,1,GET,/public/,0.900000,0.000000,310,320,370,370,430,430,430,430,430,430,430,221,0,250,293.3891402714932,79,940,10217.217194570136
1637164797,1,,Aggregated,4.400000,0.000000,240,280,300,310,370,560,760,760,760,760,760,1272,0,230,296.83411949685535,10,4340,5616.961477987421
1637164798,1,GET,/,0.300000,0.000000,280,360,360,560,560,560,560,560,560,560,560,269,0,240,334.4981412639405,79,3450,10317.089219330855
1637164798,1,POST,/,0.000000,0.000000,340,340,340,340,340,340,340,340,340,340,340,37,0,490,546.6216216216217,184,1560,10028.972972972973
1637164798,1,GET,/auth/find-friends/,1.800000,0.000000,200,230,240,240,280,300,300,300,300,300,300,444,0,210,247.8716216216216,24,3952,1974.0
1637164798,1,GET,/auth/login/,0.000000,0.000000,0,0,0,0,0,0,0,0,0,0,0,1,0,208,208.0,208,208,2961.0
1637164798,1,POST,/auth/login/,0.200000,0.000000,760,760,760,760,760,760,760,760,760,760,760,43,0,700,704.8837209302326,114,2490,10218.558139534884
1637164798,1,GET,/auth/logout/,0.200000,0.000000,10,10,10,10,10,10,10,10,10,10,10,42,0,140,236.5,10,2509,1712.0
1637164798,1,POST,/auth/modify-friend/,0.800000,0.000000,150,210,250,250,290,290,290,290,290,290,290,222,0,190,238.4009009009009,42,4340,1713.0
1637164798,1,GET,/public/,0.900000,0.000000,280,320,370,370,430,430,430,430,430,430,430,222,0,250,292.47297297297297,79,940,10216.878378378378
1637164798,1,,Aggregated,4.200000,0.000000,210,250,280,290,370,560,760,760,760,760,760,1280,0,230,295.75390625,10,4340,5613.68828125
1637164799,1,GET,/,0.200000,0.000000,280,280,360,360,560,560,560,560,560,560,560,270,0,240,333.77777777777777,79,3450,10318.085185185186
1637164799,1,POST,/,0.000000,0.000000,340,340,340,340,340,340,340,340,340,340,340,37,0,490,546.6216216216217,184,1560,10028.972972972973
1637164799,1,GET,/auth/find-friends/,1.400000,0.000000,180,230,240,240,280,300,300,300,300,300,300,446,0,200,247.25336322869956,24,3952,1974.0
1637164799,1,GET,/auth/login/,0.000000,0.000000,0,0,0,0,0,0,0,0,0,0,0,1,0,208,208.0,208,208,2961.0
1637164799,1,POST,/auth/login/,0.200000,0.000000,760,760,760,760,760,760,760,760,760,760,760,43,0,700,704.8837209302326,114,2490,10218.558139534884
1637164799,1,GET,/auth/logout/,0.100000,0.000000,10,10,10,10,10,10,10,10,10,10,10,42,0,140,236.5,10,2509,1712.0
1637164799,1,POST,/auth/modify-friend/,0.700000,0.000000,150,210,210,250,290,290,290,290,290,290,290,223,0,200,238.26905829596413,42,4340,1713.0
1637164799,1,GET,/public/,0.700000,0.000000,270,280,320,370,430,430,430,430,430,430,430,224,0,250,291.5892857142857,79,940,10216.40625
1637164799,1,,Aggregated,3.300000,0.000000,180,240,270,280,360,430,760,760,760,760,760,1286,0,230,295.11741835147745,10,4340,5615.937791601867
1637164800,1,GET,/,0.300000,0.000000,280,280,360,360,560,560,560,560,560,560,560,270,0,240,333.77777777777777,79,3450,10318.085185185186
1637164800,1,POST,/,0.000000,0.000000,340,340,340,340,340,340,340,340,340,340,340,37,0,490,546.6216216216217,184,1560,10028.972972972973
1637164800,1,GET,/auth/find-friends/,1.600000,0.000000,170,200,240,240,280,300,300,300,300,300,300,450,0,200,246.20666666666668,24,3952,1974.0
1637164800,1,GET,/auth/login/,0.000000,0.000000,0,0,0,0,0,0,0,0,0,0,0,1,0,208,208.0,208,208,2961.0
1637164800,1,POST,/auth/login/,0.200000,0.000000,760,760,760,760,760,760,760,760,760,760,760,43,0,700,704.8837209302326,114,2490,10218.558139534884
1637164800,1,GET,/auth/logout/,0.100000,0.000000,10,10,10,10,10,10,10,10,10,10,10,42,0,140,236.5,10,2509,1712.0
1637164800,1,POST,/auth/modify-friend/,0.700000,0.000000,150,190,210,250,290,290,290,290,290,290,290,225,0,190,237.34666666666666,42,4340,1713.0
1637164800,1,GET,/public/,0.800000,0.000000,210,270,320,370,430,430,430,430,430,430,430,226,0,250,290.3628318584071,79,940,10218.128318584071
1637164800,1,,Aggregated,3.700000,0.000000,160,210,250,280,360,430,760,760,760,760,760,1294,0,230,294.1375579598145,10,4340,5606.058732612056
1637164801,1,GET,/,0.500000,0.000000,280,280,360,360,560,560,560,560,560,560,560,270,0,240,333.77777777777777,79,3450,10318.085185185186
1637164801,1,POST,/,0.000000,0.000000,340,340,340,340,340,340,340,340,340,340,340,37,0,490,546.6216216216217,184,1560,10028.972972972973
1637164801,1,GET,/auth/find-friends/,1.700000,0.000000,130,180,230,240,260,280,300,300,300,300,300,456,0,200,244.38815789473685,24,3952,1974.0
1637164801,1,GET,/auth/login/,0.000000,0.000000,0,0,0,0,0,0,0,0,0,0,0,1,0,208,208.0,208,208,2961.0
1637164801,1,POST,/auth/login/,0.100000,0.000000,760,760,760,760,760,760,760,760,760,760,760,43,0,700,704.8837209302326,114,2490,10218.558139534884
1637164801,1,GET,/auth/logout/,0.100000,0.000000,10,10,10,10,10,10,10,10,10,10,10,42,0,140,236.5,10,2509,1712.0
1637164801,1,POST,/auth/modify-friend/,0.900000,0.000000,140,150,210,210,250,290,290,290,290,290,290,227,0,190,235.94273127753303,42,4340,1713.0
1637164801,1,GET,/public/,0.900000,0.000000,180,210,320,320,370,430,430,430,430,430,430,228,0,250,288.7894736842105,79,940,10220.166666666666
1637164801,1,,Aggregated,4.200000,0.000000,140,190,240,260,320,430,560,760,760,760,760,1304,0,230,292.6687116564417,10,4340,5590.805981595092
1637164802,1,GET,/,0.500000,0.000000,150,360,360,560,560,560,560,560,560,560,560,270,0,240,333.77777777777777,79,3450,10318.085185185186
1637164802,1,POST,/,0.000000,0.000000,340,340,340,340,340,340,340,340,340,340,340,37,0,490,546.6216216216217,184,1560,10028.972972972973
1637164802,1,GET,/auth/find-friends/,1.800000,0.000000,170,200,240,240,280,300,300,300,300,300,300,456,0,200,244.38815789473685,24,3952,1974.0
1637164802,1,GET,/auth/login/,0.000000,0.000000,0,0,0,0,0,0,0,0,0,0,0,1,0,208,208.0,208,208,2961.0
1637164802,1,POST,/auth/login/,0.100000,0.000000,760,760,760,760,760,760,760,760,760,760,760,43,0,700,704.8837209302326,114,2490,10218.558139534884
1637164802,1,GET,/auth/logout/,0.100000,0.000000,150,150,150,150,150,150,150,150,150,150,150,43,0,150,234.5581395348837,10,2509,1712.0
1637164802,1,POST,/auth/modify-friend/,0.900000,0.000000,190,210,250,290,310,310,310,310,310,310,310,228,0,190,236.26754385964912,42,4340,1713.0
1637164802,1,GET,/public/,0.900000,0.000000,180,270,320,370,430,430,430,430,430,430,430,228,0,250,288.7894736842105,79,940,10220.166666666666
1637164802,1,,Aggregated,4.300000,0.000000,150,230,260,280,360,430,760,760,760,760,760,1306,0,230,292.5750382848392,10,4340,5584.866768759572
1637164803,1,GET,/,0.500000,0.000000,170,170,360,360,560,560,560,560,560,560,560,271,0,240,333.18819188191884,79,3450,10319.542435424355
1637164803,1,POST,/,0.000000,0.000000,0,0,0,0,0,0,0,0,0,0,0,37,0,490,546.6216216216217,184,1560,10028.972972972973
1637164803,1,GET,/auth/find-friends/,1.900000,0.000000,170,200,240,240,280,300,300,300,300,300,300,456,0,200,244.38815789473685,24,3952,1974.0
1637164803,1,GET,/auth/login/,0.000000,0.000000,0,0,0,0,0,0,0,0,0,0,0,1,0,208,208.0,208,208,2961.0
1637164803,1,POST,/auth/login/,0.100000,0.000000,760,760,760,760,760,760,760,760,760,760,760,44,0,500,693.4772727272727,114,2490,10229.795454545454
1637164803,1,GET,/auth/logout/,0.100000,0.000000,150,150,150,150,150,150,150,150,150,150,150,43,0,150,234.5581395348837,10,2509,1712.0
1637164803,1,POST,/auth/modify-friend/,1.000000,0.000000,190,210,250,290,310,310,310,310,310,310,310,228,0,190,236.26754385964912,42,4340,1713.0
1637164803,1,GET,/public/,1.000000,0.000000,180,270,320,370,430,430,430,430,430,430,430,228,0,250,288.7894736842105,79,940,10220.166666666666
1637164803,1,,Aggregated,4.600000,0.000000,170,200,250,270,320,370,560,560,560,560,560,1308,0,230,292.41590214067276,10,4340,5592.707951070336
1637164805,1,GET,/,0.500000,0.000000,170,360,550,550,560,560,560,560,560,560,560,272,0,240,333.9742647058824,79,3450,10320.786764705883
1637164805,1,POST,/,0.000000,0.000000,0,0,0,0,0,0,0,0,0,0,0,37,0,490,546.6216216216217,184,1560,10028.972972972973
1637164805,1,GET,/auth/find-friends/,2.000000,0.000000,170,200,220,230,260,300,300,300,300,300,300,458,0,200,244.25982532751092,24,3952,1974.0
1637164805,1,GET,/auth/login/,0.000000,0.000000,0,0,0,0,0,0,0,0,0,0,0,1,0,208,208.0,208,208,2961.0
1637164805,1,POST,/auth/login/,0.100000,0.000000,760,760,760,760,760,760,760,760,760,760,760,44,0,500,693.4772727272727,114,2490,10229.795454545454
1637164805,1,GET,/auth/logout/,0.000000,0.000000,150,150,150,150,150,150,150,150,150,150,150,43,0,150,234.5581395348837,10,2509,1712.0
1637164805,1,POST,/auth/modify-friend/,0.900000,0.000000,140,190,210,290,310,310,310,310,310,310,310,228,0,190,236.26754385964912,42,4340,1713.0
1637164805,1,GET,/public/,1.000000,0.000000,170,180,270,370,430,430,430,430,430,430,430,229,0,250,288.27947598253274,79,940,10221.170305676857
1637164805,1,,Aggregated,4.500000,0.000000,150,190,200,230,310,370,560,560,560,560,560,1312,0,230,292.4001524390244,10,4340,5594.754573170731
1637164806,1,GET,/,0.500000,0.000000,170,170,550,550,560,560,560,560,560,560,560,272,0,240,333.9742647058824,79,3450,10320.786764705883
1637164806,1,POST,/,0.000000,0.000000,0,0,0,0,0,0,0,0,0,0,0,37,0,490,546.6216216216217,184,1560,10028.972972972973
1637164806,1,GET,/auth/find-friends/,2.000000,0.000000,120,170,190,200,220,230,240,240,240,240,240,462,0,200,243.1839826839827,24,3952,1974.0
1637164806,1,GET,/auth/login/,0.000000,0.000000,0,0,0,0,0,0,0,0,0,0,0,1,0,208,208.0,208,208,2961.0
1637164806,1,POST,/auth/login/,0.100000,0.000000,760,760,760,760,760,760,760,760,760,760,760,44,0,500,693.4772727272727,114,2490,10229.795454545454
1637164806,1,GET,/auth/logout/,0.100000,0.000000,150,150,150,150,150,150,150,150,150,150,150,43,0,150,234.5581395348837,10,2509,1712.0
1637164806,1,POST,/auth/modify-friend/,1.000000,0.000000,140,190,210,210,290,310,310,310,310,310,310,230,0,190,235.38260869565218,42,4340,1713.0
1637164806,1,GET,/public/,1.000000,0.000000,150,170,180,180,270,370,370,370,370,370,370,231,0,250,287.17316017316017,79,940,10224.380952380952
1637164806,1,,Aggregated,4.700000,0.000000,140,170,190,200,240,370,550,560,560,560,560,1320,0,220,291.43863636363636,10,4340,5585.472727272727
1637164807,1,GET,/,0.600000,0.000000,160,160,170,170,550,550,550,550,550,550,550,273,0,240,333.34065934065933,79,3450,10321.608058608059
1637164807,1,POST,/,0.000000,0.000000,0,0,0,0,0,0,0,0,0,0,0,37,0,490,546.6216216216217,184,1560,10028.972972972973
1637164807,1,GET,/auth/find-friends/,2.000000,0.000000,120,150,170,180,200,200,220,220,220,220,220,464,0,200,242.74784482758622,24,3952,1974.0
1637164807,1,GET,/auth/login/,0.000000,0.000000,0,0,0,0,0,0,0,0,0,0,0,1,0,208,208.0,208,208,2961.0
1637164807,1,POST,/auth/login/,0.100000,0.000000,760,760,760,760,760,760,760,760,760,760,760,44,0,500,693.4772727272727,114,2490,10229.795454545454
1637164807,1,GET,/auth/logout/,0.100000,0.000000,150,150,150,150,150,150,150,150,150,150,150,43,0,150,234.5581395348837,10,2509,1712.0
1637164807,1,POST,/auth/modify-friend/,1.000000,0.000000,130,140,190,190,210,310,310,310,310,310,310,232,0,190,234.16810344827587,42,4340,1713.0
1637164807,1,GET,/public/,1.000000,0.000000,130,170,170,170,180,270,270,270,270,270,270,232,0,240,286.4913793103448,79,940,10225.353448275862
1637164807,1,,Aggregated,4.800000,0.000000,130,150,170,180,200,270,310,550,550,550,550,1326,0,220,290.69532428355956,10,4340,5581.593514328809
1637164808,1,GET,/,0.700000,0.000000,160,160,170,170,550,550,550,550,550,550,550,273,0,240,333.34065934065933,79,3450,10321.608058608059
1637164808,1,POST,/,0.000000,0.000000,0,0,0,0,0,0,0,0,0,0,0,37,0,490,546.6216216216217,184,1560,10028.972972972973
1637164808,1,GET,/auth/find-friends/,2.000000,0.000000,140,170,190,200,220,410,410,410,410,410,410,466,0,200,243.44849785407726,24,3952,1974.0
1637164808,1,GET,/auth/login/,0.000000,0.000000,0,0,0,0,0,0,0,0,0,0,0,1,0,208,208.0,208,208,2961.0
1637164808,1,POST,/auth/login/,0.100000,0.000000,200,200,200,200,200,200,200,200,200,200,200,44,0,500,693.4772727272727,114,2490,10229.795454545454
1637164808,1,GET,/auth/logout/,0.100000,0.000000,150,150,150,150,150,150,150,150,150,150,150,43,0,150,234.5581395348837,10,2509,1712.0
1637164808,1,POST,/auth/modify-friend/,0.900000,0.000000,130,140,190,210,310,310,310,310,310,310,310,232,0,190,234.16810344827587,42,4340,1713.0
1637164808,1,GET,/public/,1.000000,0.000000,170,170,180,270,310,310,310,310,310,310,310,233,0,250,286.6094420600858,79,940,10225.793991416309
1637164808,1,,Aggregated,4.800000,0.000000,150,170,190,200,310,410,550,550,550,550,550,1329,0,220,290.88638073739656,10,4340,5579.735891647855
1637164809,1,GET,/,0.700000,0.000000,160,160,170,170,550,550,550,550,550,550,550,273,0,240,333.34065934065933,79,3450,10321.608058608059
1637164809,1,POST,/,0.000000,0.000000,0,0,0,0,0,0,0,0,0,0,0,37,0,490,546.6216216216217,184,1560,10028.972972972973
1637164809,1,GET,/auth/find-friends/,2.200000,0.000000,130,150,190,200,410,410,410,410,410,410,410,466,0,200,243.44849785407726,24,3952,1974.0
1637164809,1,GET,/auth/login/,0.000000,0.000000,0,0,0,0,0,0,0,0,0,0,0,1,0,208,208.0,208,208,2961.0
1637164809,1,POST,/auth/login/,0.100000,0.000000,200,200,200,200,200,200,200,200,200,200,200,44,0,500,693.4772727272727,114,2490,10229.795454545454
1637164809,1,GET,/auth/logout/,0.100000,0.000000,150,150,150,150,150,150,150,150,150,150,150,43,0,150,234.5581395348837,10,2509,1712.0
1637164809,1,POST,/auth/modify-friend/,1.100000,0.000000,130,140,190,310,430,430,430,430,430,430,430,233,0,190,235.0214592274678,42,4340,1713.0
1637164809,1,GET,/public/,1.100000,0.000000,170,170,180,310,630,630,630,630,630,630,630,234,0,250,288.0897435897436,79,940,10224.752136752137
1637164809,1,,Aggregated,5.300000,0.000000,150,170,190,200,410,430,630,630,630,630,630,1331,0,220,291.25018782870023,10,4340,5580.138241923366
1637164810,1,GET,/,0.600000,0.000000,160,160,170,170,550,550,550,550,550,550,550,276,0,240,330.7536231884058,79,3450,10321.054347826086
1637164810,1,POST,/,0.000000,0.000000,0,0,0,0,0,0,0,0,0,0,0,37,0,490,546.6216216216217,184,1560,10028.972972972973
1637164810,1,GET,/auth/find-friends/,2.400000,0.000000,140,180,200,220,410,410,410,410,410,410,410,470,0,200,242.41702127659573,24,3952,1974.0
1637164810,1,GET,/auth/login/,0.000000,0.000000,0,0,0,0,0,0,0,0,0,0,0,1,0,208,208.0,208,208,2961.0
1637164810,1,POST,/auth/login/,0.100000,0.000000,200,200,200,200,200,200,200,200,200,200,200,44,0,500,693.4772727272727,114,2490,10229.795454545454
1637164810,1,GET,/auth/logout/,0.100000,0.000000,150,150,150,150,150,150,150,150,150,150,150,43,0,150,234.5581395348837,10,2509,1712.0
1637164810,1,POST,/auth/modify-friend/,1.200000,0.000000,130,140,160,310,430,430,430,430,430,430,430,235,0,190,233.90212765957446,42,4340,1713.0
1637164810,1,GET,/public/,1.200000,0.000000,150,170,170,310,630,630,630,630,630,630,630,235,0,250,287.2340425531915,79,940,10224.327659574468
1637164810,1,,Aggregated,5.600000,0.000000,140,170,200,200,410,430,630,630,630,630,630,1341,0,220,289.87546607009693,10,4340,5577.496644295302
1637164811,1,GET,/,0.300000,0.000000,100,160,170,170,550,550,550,550,550,550,550,277,0,240,329.87725631768956,79,3450,10320.891696750903
1637164811,1,POST,/,0.000000,0.000000,0,0,0,0,0,0,0,0,0,0,0,37,0,490,546.6216216216217,184,1560,10028.972972972973
1637164811,1,GET,/auth/find-friends/,2.200000,0.000000,120,150,200,200,230,410,410,410,410,410,410,474,0,200,240.63713080168776,24,3952,1974.0
1637164811,1,GET,/auth/login/,0.000000,0.000000,0,0,0,0,0,0,0,0,0,0,0,1,0,208,208.0,208,208,2961.0
1637164811,1,POST,/auth/login/,0.100000,0.000000,200,200,200,200,200,200,200,200,200,200,200,44,0,500,693.4772727272727,114,2490,10229.795454545454
1637164811,1,GET,/auth/logout/,0.100000,0.000000,150,150,150,150,150,150,150,150,150,150,150,43,0,150,234.5581395348837,10,2509,1712.0
1637164811,1,POST,/auth/modify-friend/,1.100000,0.000000,130,140,160,310,430,430,430,430,430,430,430,237,0,190,232.23206751054852,31,4340,1713.0
1637164811,1,GET,/public/,1.100000,0.000000,150,170,310,310,420,630,630,630,630,630,630,238,0,240,286.172268907563,78,940,10222.53781512605
1637164811,1,,Aggregated,4.900000,0.000000,140,170,200,220,410,430,630,630,630,630,630,1351,0,220,288.3923019985196,10,4340,5574.58771280533
1637164812,1,GET,/,0.400000,0.000000,100,160,170,220,550,550,550,550,550,550,550,279,0,240,328.673835125448,79,3450,10320.200716845879
1637164812,1,POST,/,0.000000,0.000000,0,0,0,0,0,0,0,0,0,0,0,38,0,460,540.8947368421053,184,1560,10032.5
1637164812,1,GET,/auth/find-friends/,2.100000,0.000000,130,150,200,220,410,410,410,410,410,410,410,476,0,200,240.02100840336135,24,3952,1974.0
1637164812,1,GET,/auth/login/,0.000000,0.000000,0,0,0,0,0,0,0,0,0,0,0,1,0,208,208.0,208,208,2961.0
1637164812,1,POST,/auth/login/,0.100000,0.000000,200,200,200,200,200,200,200,200,200,200,200,44,0,500,693.4772727272727,114,2490,10229.795454545454
1637164812,1,GET,/auth/logout/,0.100000,0.000000,150,150,150,150,150,150,150,150,150,150,150,43,0,150,234.5581395348837,10,2509,1712.0
1637164812,1,POST,/auth/modify-friend/,1.100000,0.000000,130,160,180,180,310,430,430,430,430,430,430,238,0,190,231.99579831932772,31,4340,1713.0
1637164812,1,GET,/public/,1.000000,0.000000,170,170,310,420,630,630,630,630,630,630,630,238,0,240,286.172268907563,78,940,10222.53781512605
1637164812,1,,Aggregated,4.800000,0.000000,130,170,200,220,410,430,550,630,630,630,630,1357,0,220,287.8666175386883,10,4340,5576.669859985262
1637164813,1,GET,/,0.700000,0.000000,110,140,160,220,550,550,550,550,550,550,550,281,0,240,327.2348754448399,79,3450,10319.174377224199
1637164813,1,POST,/,0.000000,0.000000,330,330,330,330,330,330,330,330,330,330,330,38,0,460,540.8947368421053,184,1560,10032.5
1637164813,1,GET,/auth/find-friends/,2.300000,0.000000,120,140,200,200,230,410,410,410,410,410,410,480,0,200,238.62916666666666,24,3952,1974.0
1637164813,1,GET,/auth/login/,0.000000,0.000000,0,0,0,0,0,0,0,0,0,0,0,1,0,208,208.0,208,208,2961.0
1637164813,1,POST,/auth/login/,0.100000,0.000000,200,200,200,200,200,200,200,200,200,200,200,44,0,500,693.4772727272727,114,2490,10229.795454545454
1637164813,1,GET,/auth/logout/,0.100000,0.000000,150,150,150,150,150,150,150,150,150,150,150,43,0,150,234.5581395348837,10,2509,1712.0
1637164813,1,POST,/auth/modify-friend/,1.200000,0.000000,120,130,160,160,180,430,430,430,430,430,430,240,0,190,230.82916666666668,31,4340,1713.0
1637164813,1,GET,/public/,1.100000,0.000000,160,170,310,310,420,630,630,630,630,630,630,240,0,240,284.825,78,940,10219.7125
1637164813,1,,Aggregated,5.500000,0.000000,120,150,170,200,410,430,550,630,630,630,630,1367,0,220,286.4762253108998,10,4340,5573.505486466715
1637164814,1,GET,/,0.800000,0.000000,110,140,160,160,220,550,550,550,550,550,550,283,0,230,325.8056537102473,79,3450,10318.77738515901
1637164814,1,POST,/,0.000000,0.000000,330,330,330,330,330,330,330,330,330,330,330,39,0,460,532.0769230769231,184,1560,10040.846153846154
1637164814,1,GET,/auth/find-friends/,2.000000,0.000000,89,120,150,150,230,410,410,410,410,410,410,482,0,200,237.95228215767634,24,3952,1974.0
1637164814,1,GET,/auth/login/,0.000000,0.000000,0,0,0,0,0,0,0,0,0,0,0,1,0,208,208.0,208,208,2961.0
1637164814,1,POST,/auth/login/,0.100000,0.000000,200,200,200,200,200,200,200,200,200,200,200,44,0,500,693.4772727272727,114,2490,10229.795454545454
1637164814,1,GET,/auth/logout/,0.100000,0.000000,150,150,150,150,150,150,150,150,150,150,150,43,0,150,234.5581395348837,10,2509,1712.0
1637164814,1,POST,/auth/modify-friend/,1.100000,0.000000,94,130,140,160,180,430,430,430,430,430,430,241,0,190,230.06639004149378,31,4340,1713.0
1637164814,1,GET,/public/,1.000000,0.000000,150,170,310,350,420,630,630,630,630,630,630,242,0,240,284.4710743801653,78,940,10218.40909090909
1637164814,1,,Aggregated,5.100000,0.000000,110,140,160,180,330,410,430,630,630,630,630,1375,0,220,285.6305454545454,10,4340,5582.291636363636
1637164815,1,GET,/,1.000000,0.000000,100,140,150,150,160,220,220,220,220,220,220,283,0,230,325.8056537102473,79,3450,10318.77738515901
1637164815,1,POST,/,0.100000,0.000000,330,330,330,330,330,330,330,330,330,330,330,39,0,460,532.0769230769231,184,1560,10040.846153846154
1637164815,1,GET,/auth/find-friends/,2.200000,0.000000,89,140,180,200,300,410,410,410,410,410,410,484,0,200,237.96280991735537,24,3952,1974.0
1637164815,1,GET,/auth/login/,0.000000,0.000000,0,0,0,0,0,0,0,0,0,0,0,1,0,208,208.0,208,208,2961.0
1637164815,1,POST,/auth/login/,0.100000,0.000000,200,200,200,200,200,200,200,200,200,200,200,44,0,500,693.4772727272727,114,2490,10229.795454545454
1637164815,1,GET,/auth/logout/,0.000000,0.000000,150,150,150,150,150,150,150,150,150,150,150,43,0,150,234.5581395348837,10,2509,1712.0
1637164815,1,POST,/auth/modify-friend/,1.100000,0.000000,94,120,180,180,420,430,430,430,430,430,430,242,0,190,230.87190082644628,31,4340,1713.0
1637164815,1,GET,/public/,1.200000,0.000000,140,310,350,350,420,630,630,630,630,630,630,242,0,240,284.4710743801653,78,940,10218.40909090909
1637164815,1,,Aggregated,5.700000,0.000000,110,150,180,220,410,420,430,630,630,630,630,1378,0,220,285.66618287373007,10,4340,5574.246734397678
1637164816,1,GET,/,1.100000,0.000000,110,150,160,190,220,240,240,240,240,240,240,285,0,230,325.0385964912281,79,3450,10319.831578947369
1637164816,1,POST,/,0.100000,0.000000,330,330,330,330,330,330,330,330,330,330,330,39,0,460,532.0769230769231,184,1560,10040.846153846154
1637164816,1,GET,/auth/find-friends/,2.600000,0.000000,87,130,200,230,410,410,410,410,410,410,410,484,0,200,237.96280991735537,24,3952,1974.0
1637164816,1,GET,/auth/login/,0.000000,0.000000,0,0,0,0,0,0,0,0,0,0,0,1,0,208,208.0,208,208,2961.0
1637164816,1,POST,/auth/login/,0.000000,0.000000,200,200,200,200,200,200,200,200,200,200,200,44,0,500,693.4772727272727,114,2490,10229.795454545454
1637164816,1,GET,/auth/logout/,0.000000,0.000000,150,150,150,150,150,150,150,150,150,150,150,43,0,150,234.5581395348837,10,2509,1712.0
1637164816,1,POST,/auth/modify-friend/,1.200000,0.000000,94,120,180,180,420,430,430,430,430,430,430,242,0,190,230.87190082644628,31,4340,1713.0
1637164816,1,GET,/public/,1.300000,0.000000,160,350,420,420,460,630,630,630,630,630,630,243,0,240,285.1769547325103,78,940,10217.25925925926
1637164816,1,,Aggregated,6.300000,0.000000,110,180,220,300,410,430,460,630,630,630,630,1381,0,220,285.68935553946415,10,4340,5584.496017378711
1637164817,1,GET,/,1.100000,0.000000,110,140,190,190,220,240,240,240,240,240,240,285,0,230,325.0385964912281,79,3450,10319.831578947369
1637164817,1,POST,/,0.200000,0.000000,330,330,330,330,330,330,330,330,330,330,330,39,0,460,532.0769230769231,184,1560,10040.846153846154
1637164817,1,GET,/auth/find-friends/,2.600000,0.000000,89,180,230,260,300,410,410,410,410,410,410,486,0,200,238.07407407407408,24,3952,1974.0
1637164817,1,GET,/auth/login/,0.000000,0.000000,0,0,0,0,0,0,0,0,0,0,0,1,0,208,208.0,208,208,2961.0
1637164817,1,POST,/auth/login/,0.000000,0.000000,200,200,200,200,200,200,200,200,200,200,200,44,0,500,693.4772727272727,114,2490,10229.795454545454
1637164817,1,GET,/auth/logout/,0.000000,0.000000,150,150,150,150,150,150,150,150,150,150,150,44,0,140,231.3181818181818,10,2509,1712.0
1637164817,1,POST,/auth/modify-friend/,1.300000,0.000000,94,170,180,180,420,430,430,430,430,430,430,243,0,190,230.6090534979424,31,4340,1713.0
1637164817,1,GET,/public/,1.300000,0.000000,160,350,420,460,630,630,630,630,630,630,630,243,0,240,285.1769547325103,78,940,10217.25925925926
1637164817,1,,Aggregated,6.500000,0.000000,110,160,200,230,350,430,460,630,630,630,630,1385,0,220,285.43393501805053,10,4340,5573.690974729242
1637164818,1,GET,/,1.100000,0.000000,110,140,190,190,220,240,240,240,240,240,240,285,0,230,325.0385964912281,79,3450,10319.831578947369
1637164818,1,POST,/,0.200000,0.000000,330,330,330,330,330,330,330,330,330,330,330,39,0,460,532.0769230769231,184,1560,10040.846153846154
1637164818,1,GET,/auth/find-friends/,2.600000,0.000000,87,130,200,230,270,300,300,300,300,300,300,486,0,200,238.07407407407408,24,3952,1974.0
1637164818,1,GET,/auth/login/,0.000000,0.000000,0,0,0,0,0,0,0,0,0,0,0,1,0,208,208.0,208,208,2961.0
1637164818,1,POST,/auth/login/,0.000000,0.000000,200,200,200,200,200,200,200,200,200,200,200,44,0,500,693.4772727272727,114,2490,10229.795454545454
1637164818,1,GET,/auth/logout/,0.000000,0.000000,150,150,150,150,150,150,150,150,150,150,150,44,0,140,231.3181818181818,10,2509,1712.0
1637164818,1,POST,/auth/modify-friend/,1.300000,0.000000,94,160,170,180,420,420,420,420,420,420,420,243,0,190,230.6090534979424,31,4340,1713.0
1637164818,1,GET,/public/,1.300000,0.000000,160,350,420,460,630,630,630,630,630,630,630,243,0,240,285.1769547325103,78,940,10217.25925925926
1637164818,1,,Aggregated,6.500000,0.000000,100,160,190,220,300,420,420,460,460,460,460,1385,0,220,285.43393501805053,10,4340,5573.690974729242
1637164819,1,GET,/,1.200000,0.000000,110,150,190,190,220,240,240,240,240,240,240,285,0,230,325.0385964912281,79,3450,10319.831578947369
1637164819,1,POST,/,0.200000,0.000000,330,330,330,330,330,330,330,330,330,330,330,39,0,460,532.0769230769231,184,1560,10040.846153846154
1637164819,1,GET,/auth/find-friends/,2.200000,0.000000,65,89,130,180,270,300,300,300,300,300,300,486,0,200,238.07407407407408,24,3952,1974.0
1637164819,1,GET,/auth/login/,0.000000,0.000000,0,0,0,0,0,0,0,0,0,0,0,1,0,208,208.0,208,208,2961.0
1637164819,1,POST,/auth/login/,0.000000,0.000000,1100,1100,1100,1100,1100,1100,1100,1100,1100,1100,1100,45,0,700,701.5333333333333,114,2490,10235.466666666667
1637164819,1,GET,/auth/logout/,0.000000,0.000000,92,92,92,92,92,92,92,92,92,92,92,44,0,140,231.3181818181818,10,2509,1712.0
1637164819,1,POST,/auth/modify-friend/,1.100000,0.000000,90,94,170,180,420,420,420,420,420,420,420,243,0,190,230.6090534979424,31,4340,1713.0
1637164819,1,GET,/public/,1.100000,0.000000,140,160,350,420,460,460,460,460,460,460,460,243,0,240,285.1769547325103,78,940,10217.25925925926
1637164819,1,,Aggregated,5.800000,0.000000,99,150,190,220,330,420,460,1100,1100,1100,1100,1386,0,220,285.989898989899,10,4340,5577.234487734488
1637164820,1,GET,/,1.200000,0.000000,150,190,220,220,240,240,240,240,240,240,240,285,0,230,325.0385964912281,79,3450,10319.831578947369
1637164820,1,POST,/,0.200000,0.000000,330,330,330,330,330,330,330,330,330,330,330,39,0,460,532.0769230769231,184,1560,10040.846153846154
1637164820,1,GET,/auth/find-friends/,2.000000,0.000000,110,180,260,270,300,480,480,480,480,480,480,487,0,200,238.5770020533881,24,3952,1974.0
1637164820,1,GET,/auth/login/,0.000000,0.000000,0,0,0,0,0,0,0,0,0,0,0,1,0,208,208.0,208,208,2961.0
1637164820,1,POST,/auth/login/,0.000000,0.000000,1100,1100,1100,1100,1100,1100,1100,1100,1100,1100,1100,45,0,700,701.5333333333333,114,2490,10235.466666666667
1637164820,1,GET,/auth/logout/,0.100000,0.000000,92,92,92,92,92,92,92,92,92,92,92,44,0,140,231.3181818181818,10,2509,1712.0
1637164820,1,POST,/auth/modify-friend/,1.100000,0.000000,170,170,180,180,420,420,420,420,420,420,420,243,0,190,230.6090534979424,31,4340,1713.0
1637164820,1,GET,/public/,1.000000,0.000000,350,420,460,460,780,780,780,780,780,780,780,244,0,240,287.2172131147541,78,940,10217.495901639344
1637164820,1,,Aggregated,5.600000,0.000000,160,220,270,330,460,780,1100,1100,1100,1100,1100,1388,0,220,286.4899135446686,10,4340,5578.023054755044
1637164821,1,GET,/,1.200000,0.000000,140,150,190,190,240,240,240,240,240,240,240,285,0,230,325.0385964912281,79,3450,10319.831578947369
1637164821,1,POST,/,0.200000,0.000000,330,330,330,330,330,330,330,330,330,330,330,39,0,460,532.0769230769231,184,1560,10040.846153846154
1637164821,1,GET,/auth/find-friends/,2.000000,0.000000,170,260,270,300,320,480,480,480,480,480,480,490,0,200,238.39591836734695,24,3952,1974.0
1637164821,1,GET,/auth/login/,0.000000,0.000000,0,0,0,0,0,0,0,0,0,0,0,1,0,208,208.0,208,208,2961.0
1637164821,1,POST,/auth/login/,0.000000,0.000000,1100,1100,1100,1100,1100,1100,1100,1100,1100,1100,1100,45,0,700,701.5333333333333,114,2490,10235.466666666667
1637164821,1,GET,/auth/logout/,0.100000,0.000000,92,92,92,92,92,92,92,92,92,92,92,44,0,140,231.3181818181818,10,2509,1712.0
1637164821,1,POST,/auth/modify-friend/,1.000000,0.000000,170,170,210,210,420,420,420,420,420,420,420,244,0,190,230.5204918032787,31,4340,1713.0
1637164821,1,GET,/public/,0.900000,0.000000,340,350,460,460,780,780,780,780,780,780,780,245,0,250,287.43673469387755,78,940,10217.01224489796
1637164821,1,,Aggregated,5.400000,0.000000,170,240,300,330,460,780,1100,1100,1100,1100,1100,1393,0,220,286.3065326633166,10,4340,5570.732232591529
1637164822,1,GET,/,1.100000,0.000000,230,240,250,250,260,260,260,260,260,260,260,288,0,230,324.2326388888889,79,3450,10319.677083333334
1637164822,1,POST,/,0.200000,0.000000,330,330,330,330,330,330,330,330,330,330,330,39,0,460,532.0769230769231,184,1560,10040.846153846154
1637164822,1,GET,/auth/find-friends/,1.800000,0.000000,180,260,300,300,320,480,480,480,480,480,480,490,0,200,238.39591836734695,24,3952,1974.0
1637164822,1,GET,/auth/login/,0.000000,0.000000,0,0,0,0,0,0,0,0,0,0,0,1,0,208,208.0,208,208,2961.0
1637164822,1,POST,/auth/login/,0.100000,0.000000,1100,1100,1100,1100,1100,1100,1100,1100,1100,1100,1100,45,0,700,701.5333333333333,114,2490,10235.466666666667
1637164822,1,GET,/auth/logout/,0.100000,0.000000,92,92,92,92,92,92,92,92,92,92,92,44,0,140,231.3181818181818,10,2509,1712.0
1637164822,1,POST,/auth/modify-friend/,0.900000,0.000000,210,210,230,230,420,420,420,420,420,420,420,245,0,190,230.534693877551,31,4340,1713.0
1637164822,1,GET,/public/,1.000000,0.000000,350,460,460,780,780,780,780,780,780,780,780,245,0,250,287.43673469387755,78,940,10217.01224489796
1637164822,1,,Aggregated,5.200000,0.000000,210,260,300,340,460,780,1100,1100,1100,1100,1100,1397,0,220,286.1861130994989,10,4340,5578.137437365784
1637164823,1,GET,/,0.800000,0.000000,240,250,250,250,260,260,260,260,260,260,260,289,0,240,323.9896193771626,79,3450,10319.716262975779
1637164823,1,POST,/,0.200000,0.000000,200,200,200,200,200,200,200,200,200,200,200,39,0,460,532.0769230769231,184,1560,10040.846153846154
1637164823,1,GET,/auth/find-friends/,1.400000,0.000000,270,300,320,320,480,480,480,480,480,480,480,490,0,200,238.39591836734695,24,3952,1974.0
1637164823,1,GET,/auth/login/,0.000000,0.000000,0,0,0,0,0,0,0,0,0,0,0,1,0,208,208.0,208,208,2961.0
1637164823,1,POST,/auth/login/,0.100000,0.000000,1100,1100,1100,1100,1100,1100,1100,1100,1100,1100,1100,45,0,700,701.5333333333333,114,2490,10235.466666666667
1637164823,1,GET,/auth/logout/,0.100000,0.000000,92,92,92,92,92,92,92,92,92,92,92,44,0,140,231.3181818181818,10,2509,1712.0
1637164823,1,POST,/auth/modify-friend/,0.700000,0.000000,210,230,230,420,420,420,420,420,420,420,420,245,0,190,230.534693877551,31,4340,1713.0
1637164823,1,GET,/public/,0.700000,0.000000,460,670,670,780,780,780,780,780,780,780,780,246,0,250,288.9837398373984,78,940,10217.333333333334
1637164823,1,,Aggregated,4.000000,0.000000,250,270,340,420,670,780,1100,1100,1100,1100,1100,1399,0,220,286.43602573266617,10,4340,5584.907076483202
1637164824,1,GET,/,0.700000,0.000000,250,250,250,250,260,260,260,260,260,260,260,289,0,240,323.9896193771626,79,3450,10319.716262975779
1637164824,1,POST,/,0.200000,0.000000,200,200,200,200,200,200,200,200,200,200,200,39,0,460,532.0769230769231,184,1560,10040.846153846154
1637164824,1,GET,/auth/find-friends/,1.400000,0.000000,260,270,300,320,480,480,480,480,480,480,480,492,0,200,238.40243902439025,24,3952,1974.0
1637164824,1,GET,/auth/login/,0.000000,0.000000,0,0,0,0,0,0,0,0,0,0,0,1,0,208,208.0,208,208,2961.0
1637164824,1,POST,/auth/login/,0.100000,0.000000,1100,1100,1100,1100,1100,1100,1100,1100,1100,1100,1100,45,0,700,701.5333333333333,114,2490,10235.466666666667
1637164824,1,GET,/auth/logout/,0.100000,0.000000,300,300,300,300,300,300,300,300,300,300,300,45,0,150,232.86666666666667,10,2509,1712.0
1637164824,1,POST,/auth/modify-friend/,0.700000,0.000000,230,280,280,420,420,420,420,420,420,420,420,246,0,190,230.7479674796748,31,4340,1713.0
1637164824,1,GET,/public/,0.700000,0.000000,460,670,670,780,780,780,780,780,780,780,780,246,0,250,288.9837398373984,78,940,10217.333333333334
1637164824,1,,Aggregated,3.900000,0.000000,260,300,340,420,670,780,1100,1100,1100,1100,1100,1403,0,220,286.3777619387028,10,4340,5574.23948681397
1637164825,1,GET,/,0.700000,0.000000,250,250,250,250,260,260,260,260,260,260,260,289,0,240,323.9896193771626,79,3450,10319.716262975779
1637164825,1,POST,/,0.200000,0.000000,200,200,200,200,200,200,200,200,200,200,200,39,0,460,532.0769230769231,184,1560,10040.846153846154
1637164825,1,GET,/auth/find-friends/,1.400000,0.000000,260,270,320,320,480,480,480,480,480,480,480,492,0,200,238.40243902439025,24,3952,1974.0
1637164825,1,GET,/auth/login/,0.000000,0.000000,0,0,0,0,0,0,0,0,0,0,0,1,0,208,208.0,208,208,2961.0
1637164825,1,POST,/auth/login/,0.100000,0.000000,1100,1100,1100,1100,1100,1100,1100,1100,1100,1100,1100,45,0,700,701.5333333333333,114,2490,10235.466666666667
1637164825,1,GET,/auth/logout/,0.100000,0.000000,300,300,300,300,300,300,300,300,300,300,300,45,0,150,232.86666666666667,10,2509,1712.0
1637164825,1,POST,/auth/modify-friend/,0.700000,0.000000,230,230,280,280,280,280,280,280,280,280,280,246,0,190,230.7479674796748,31,4340,1713.0
1637164825,1,GET,/public/,0.700000,0.000000,670,670,780,780,780,780,780,780,780,780,780,246,0,250,288.9837398373984,78,940,10217.333333333334
1637164825,1,,Aggregated,3.900000,0.000000,260,300,340,460,670,780,1100,1100,1100,1100,1100,1403,0,220,286.3777619387028,10,4340,5574.23948681397
1637164826,1,GET,/,0.700000,0.000000,250,250,250,250,260,260,260,260,260,260,260,289,0,240,323.9896193771626,79,3450,10319.716262975779
1637164826,1,POST,/,0.100000,0.000000,200,200,200,200,200,200,200,200,200,200,200,39,0,460,532.0769230769231,184,1560,10040.846153846154
1637164826,1,GET,/auth/find-friends/,1.000000,0.000000,260,270,320,320,480,480,480,480,480,480,480,492,0,200,238.40243902439025,24,3952,1974.0
1637164826,1,GET,/auth/login/,0.000000,0.000000,0,0,0,0,0,0,0,0,0,0,0,1,0,208,208.0,208,208,2961.0
1637164826,1,POST,/auth/login/,0.100000,0.000000,1100,1100,1100,1100,1100,1100,1100,1100,1100,1100,1100,46,0,700,708.6304347826087,114,2490,10237.695652173914
1637164826,1,GET,/auth/logout/,0.100000,0.000000,300,300,300,300,300,300,300,300,300,300,300,45,0,150,232.86666666666667,10,2509,1712.0
1637164826,1,POST,/auth/modify-friend/,0.500000,0.000000,230,230,280,280,280,280,280,280,280,280,280,246,0,190,230.7479674796748,31,4340,1713.0
1637164826,1,GET,/public/,0.500000,0.000000,670,670,780,780,780,780,780,780,780,780,780,246,0,250,288.9837398373984,78,940,10217.333333333334
1637164826,1,,Aggregated,3.000000,0.000000,260,320,480,670,1000,1100,1100,1100,1100,1100,1100,1404,0,220,286.9059829059829,10,4340,5577.6324786324785
1637164827,1,GET,/,0.600000,0.000000,250,250,260,260,580,580,580,580,580,580,580,290,0,240,324.86206896551727,79,3450,10319.724137931034
1637164827,1,POST,/,0.000000,0.000000,200,200,200,200,200,200,200,200,200,200,200,39,0,460,532.0769230769231,184,1560,10040.846153846154
1637164827,1,GET,/auth/find-friends/,0.800000,0.000000,260,270,320,320,480,480,480,480,480,480,480,492,0,200,238.40243902439025,24,3952,1974.0
1637164827,1,GET,/auth/login/,0.000000,0.000000,0,0,0,0,0,0,0,0,0,0,0,1,0,208,208.0,208,208,2961.0
1637164827,1,POST,/auth/login/,0.100000,0.000000,1100,1100,1100,1100,1100,1100,1100,1100,1100,1100,1100,46,0,700,708.6304347826087,114,2490,10237.695652173914
1637164827,1,GET,/auth/logout/,0.200000,0.000000,300,300,300,300,300,300,300,300,300,300,300,45,0,150,232.86666666666667,10,2509,1712.0
1637164827,1,POST,/auth/modify-friend/,0.500000,0.000000,230,230,280,280,280,280,280,280,280,280,280,246,0,190,230.7479674796748,31,4340,1713.0
1637164827,1,GET,/public/,0.400000,0.000000,670,670,780,780,780,780,780,780,780,780,780,246,0,250,288.9837398373984,78,940,10217.333333333334
1637164827,1,,Aggregated,2.600000,0.000000,260,320,480,580,780,1000,1100,1100,1100,1100,1100,1405,0,220,287.1124555160142,10,4340,5581.00925266904
1637164828,1,GET,/,0.400000,0.000000,260,260,390,390,580,580,580,580,580,580,580,291,0,240,325.07216494845363,79,3450,10320.745704467354
1637164828,1,POST,/,0.000000,0.000000,1100,1100,1100,1100,1100,1100,1100,1100,1100,1100,1100,40,0,460,546.975,184,1560,10055.175
1637164828,1,GET,/auth/find-friends/,0.800000,0.000000,260,260,320,320,480,480,480,480,480,480,480,492,0,200,238.40243902439025,24,3952,1974.0
1637164828,1,GET,/auth/login/,0.000000,0.000000,0,0,0,0,0,0,0,0,0,0,0,1,0,208,208.0,208,208,2961.0
1637164828,1,POST,/auth/login/,0.100000,0.000000,1100,1100,1100,1100,1100,1100,1100,1100,1100,1100,1100,46,0,700,708.6304347826087,114,2490,10237.695652173914
1637164828,1,GET,/auth/logout/,0.200000,0.000000,300,300,300,300,300,300,300,300,300,300,300,45,0,150,232.86666666666667,10,2509,1712.0
1637164828,1,POST,/auth/modify-friend/,0.400000,0.000000,230,230,280,280,280,280,280,280,280,280,280,246,0,190,230.7479674796748,31,4340,1713.0
1637164828,1,GET,/public/,0.400000,0.000000,670,670,780,780,780,780,780,780,780,780,780,246,0,250,288.9837398373984,78,940,10217.333333333334
1637164828,1,,Aggregated,2.300000,0.000000,300,390,580,670,1000,1100,1100,1100,1100,1100,1100,1407,0,220,287.78038379530915,10,4340,5588.165600568585
1637164829,1,GET,/,0.400000,0.000000,260,290,390,390,580,580,580,580,580,580,580,292,0,240,324.93835616438355,79,3450,10321.842465753425
1637164829,1,POST,/,0.000000,0.000000,1100,1100,1100,1100,1100,1100,1100,1100,1100,1100,1100,40,0,460,546.975,184,1560,10055.175
1637164829,1,GET,/auth/find-friends/,0.600000,0.000000,260,260,320,320,480,480,480,480,480,480,480,492,0,200,238.40243902439025,24,3952,1974.0
1637164829,1,GET,/auth/login/,0.000000,0.000000,0,0,0,0,0,0,0,0,0,0,0,1,0,208,208.0,208,208,2961.0
1637164829,1,POST,/auth/login/,0.200000,0.000000,1100,1100,1100,1100,1100,1100,1100,1100,1100,1100,1100,46,0,700,708.6304347826087,114,2490,10237.695652173914
1637164829,1,GET,/auth/logout/,0.200000,0.000000,220,220,300,300,300,300,300,300,300,300,300,46,0,150,232.6304347826087,10,2509,1712.0
1637164829,1,POST,/auth/modify-friend/,0.300000,0.000000,230,230,280,280,280,280,280,280,280,280,280,246,0,190,230.7479674796748,31,4340,1713.0
1637164829,1,GET,/public/,0.300000,0.000000,670,670,780,780,780,780,780,780,780,780,780,246,0,250,288.9837398373984,78,940,10217.333333333334
1637164829,1,,Aggregated,2.000000,0.000000,280,320,390,480,670,1000,1100,1100,1100,1100,1100,1409,0,220,287.7324343506033,10,4340,5589.000709723208
1637164830,1,GET,/,0.500000,0.000000,260,290,390,390,580,580,580,580,580,580,580,292,0,240,324.93835616438355,79,3450,10321.842465753425
1637164830,1,POST,/,0.000000,0.000000,1100,1100,1100,1100,1100,1100,1100,1100,1100,1100,1100,40,0,460,546.975,184,1560,10055.175
1637164830,1,GET,/auth/find-friends/,0.600000,0.000000,220,220,260,260,260,260,260,260,260,260,260,492,0,200,238.40243902439025,24,3952,1974.0
1637164830,1,GET,/auth/login/,0.000000,0.000000,0,0,0,0,0,0,0,0,0,0,0,1,0,208,208.0,208,208,2961.0
1637164830,1,POST,/auth/login/,0.200000,0.000000,1000,1000,1100,1100,1100,1100,1100,1100,1100,1100,1100,47,0,700,701.1063829787234,114,2490,10247.234042553191
1637164830,1,GET,/auth/logout/,0.100000,0.000000,300,300,300,300,300,300,300,300,300,300,300,46,0,150,232.6304347826087,10,2509,1712.0
1637164830,1,POST,/auth/modify-friend/,0.300000,0.000000,280,280,280,280,280,280,280,280,280,280,280,246,0,190,230.7479674796748,31,4340,1713.0
1637164830,1,GET,/public/,0.300000,0.000000,340,340,670,670,670,670,670,670,670,670,670,247,0,250,288.834008097166,78,940,10217.538461538461
1637164830,1,,Aggregated,2.000000,0.000000,260,300,360,390,670,1000,1100,1100,1100,1100,1100,1411,0,220,287.75478384124733,10,4340,5595.929128277817
1637164831,1,GET,/,0.700000,0.000000,260,290,390,390,580,580,580,580,580,580,580,292,0,240,324.93835616438355,79,3450,10321.842465753425
1637164831,1,POST,/,0.100000,0.000000,1100,1100,1100,1100,1100,1100,1100,1100,1100,1100,1100,40,0,460,546.975,184,1560,10055.175
1637164831,1,GET,/auth/find-friends/,0.600000,0.000000,170,200,220,220,260,260,260,260,260,260,260,496,0,200,237.55241935483872,24,3952,1974.0
1637164831,1,GET,/auth/login/,0.000000,0.000000,0,0,0,0,0,0,0,0,0,0,0,1,0,208,208.0,208,208,2961.0
1637164831,1,POST,/auth/login/,0.200000,0.000000,1000,1000,1100,1100,1100,1100,1100,1100,1100,1100,1100,47,0,700,701.1063829787234,114,2490,10247.234042553191
1637164831,1,GET,/auth/logout/,0.100000,0.000000,300,300,300,300,300,300,300,300,300,300,300,46,0,150,232.6304347826087,10,2509,1712.0
1637164831,1,POST,/auth/modify-friend/,0.300000,0.000000,230,230,280,280,280,280,280,280,280,280,280,247,0,190,230.51417004048582,31,4340,1713.0
1637164831,1,GET,/public/,0.300000,0.000000,340,340,670,670,670,670,670,670,670,670,670,248,0,250,288.6008064516129,78,940,10217.318548387097
1637164831,1,,Aggregated,2.300000,0.000000,250,290,360,390,670,1000,1100,1100,1100,1100,1100,1417,0,220,287.196894848271,10,4340,5586.187720536344
1637164832,1,GET,/,0.700000,0.000000,260,290,390,390,580,580,580,580,580,580,580,292,0,240,324.93835616438355,79,3450,10321.842465753425
1637164832,1,POST,/,0.100000,0.000000,1100,1100,1100,1100,1100,1100,1100,1100,1100,1100,1100,40,0,460,546.975,184,1560,10055.175
1637164832,1,GET,/auth/find-friends/,0.600000,0.000000,200,220,260,260,270,270,270,270,270,270,270,498,0,200,237.36546184738955,24,3952,1974.0
1637164832,1,GET,/auth/login/,0.000000,0.000000,0,0,0,0,0,0,0,0,0,0,0,1,0,208,208.0,208,208,2961.0
1637164832,1,POST,/auth/login/,0.100000,0.000000,1000,1000,1000,1000,1000,1000,1000,1000,1000,1000,1000,47,0,700,701.1063829787234,114,2490,10247.234042553191
1637164832,1,GET,/auth/logout/,0.200000,0.000000,300,300,300,300,300,300,300,300,300,300,300,46,0,150,232.6304347826087,10,2509,1712.0
1637164832,1,POST,/auth/modify-friend/,0.300000,0.000000,190,190,280,280,280,280,280,280,280,280,280,248,0,190,230.34274193548387,31,4340,1713.0
1637164832,1,GET,/public/,0.200000,0.000000,250,250,670,670,670,670,670,670,670,670,670,249,0,250,288.3413654618474,78,940,10216.923694779116
1637164832,1,,Aggregated,2.200000,0.000000,250,290,360,390,670,1000,1100,1100,1100,1100,1100,1421,0,220,286.9472202674173,10,4340,5581.56790992259
1637164834,1,GET,/,0.700000,0.000000,390,390,580,580,580,580,580,580,580,580,580,292,0,240,324.93835616438355,79,3450,10321.842465753425
1637164834,1,POST,/,0.100000,0.000000,1100,1100,1100,1100,1100,1100,1100,1100,1100,1100,1100,40,0,460,546.975,184,1560,10055.175
1637164834,1,GET,/auth/find-friends/,0.500000,0.000000,200,220,220,260,270,270,270,270,270,270,270,499,0,200,237.33066132264528,24,3952,1974.0
1637164834,1,GET,/auth/login/,0.000000,0.000000,0,0,0,0,0,0,0,0,0,0,0,1,0,208,208.0,208,208,2961.0
1637164834,1,POST,/auth/login/,0.200000,0.000000,1000,1000,1000,1000,1000,1000,1000,1000,1000,1000,1000,47,0,700,701.1063829787234,114,2490,10247.234042553191
1637164834,1,GET,/auth/logout/,0.200000,0.000000,300,300,300,300,300,300,300,300,300,300,300,46,0,150,232.6304347826087,10,2509,1712.0
1637164834,1,POST,/auth/modify-friend/,0.200000,0.000000,280,280,700,700,700,700,700,700,700,700,700,249,0,190,232.20883534136547,31,4340,1713.0
1637164834,1,GET,/public/,0.300000,0.000000,250,350,350,670,670,670,670,670,670,670,670,250,0,250,288.58,78,940,10216.072
1637164834,1,,Aggregated,2.200000,0.000000,250,300,360,390,700,1000,1100,1100,1100,1100,1100,1424,0,220,287.22963483146066,10,4340,5579.42345505618
1637164835,1,GET,/,0.700000,0.000000,390,390,580,580,580,580,580,580,580,580,580,292,0,240,324.93835616438355,79,3450,10321.842465753425
1637164835,1,POST,/,0.100000,0.000000,1100,1100,1100,1100,1100,1100,1100,1100,1100,1100,1100,40,0,460,546.975,184,1560,10055.175
1637164835,1,GET,/auth/find-friends/,0.600000,0.000000,220,220,260,270,450,450,450,450,450,450,450,500,0,200,237.76,24,3952,1974.0
1637164835,1,GET,/auth/login/,0.000000,0.000000,0,0,0,0,0,0,0,0,0,0,0,1,0,208,208.0,208,208,2961.0
1637164835,1,POST,/auth/login/,0.200000,0.000000,1000,1000,1000,1000,1000,1000,1000,1000,1000,1000,1000,47,0,700,701.1063829787234,114,2490,10247.234042553191
1637164835,1,GET,/auth/logout/,0.200000,0.000000,300,300,300,300,300,300,300,300,300,300,300,46,0,150,232.6304347826087,10,2509,1712.0
1637164835,1,POST,/auth/modify-friend/,0.300000,0.000000,240,280,280,700,700,700,700,700,700,700,700,250,0,190,232.232,31,4340,1713.0
1637164835,1,GET,/public/,0.300000,0.000000,280,280,350,350,670,670,670,670,670,670,670,251,0,250,288.54581673306774,78,940,10215.239043824702
1637164835,1,,Aggregated,2.400000,0.000000,250,290,390,450,700,1000,1100,1100,1100,1100,1100,1427,0,220,287.30553608969865,10,4340,5577.290119131044
1637164836,1,GET,/,0.300000,0.000000,390,390,580,580,580,580,580,580,580,580,580,293,0,240,324.9249146757679,79,3450,10321.733788395904
1637164836,1,POST,/,0.100000,0.000000,1100,1100,1100,1100,1100,1100,1100,1100,1100,1100,1100,40,0,460,546.975,184,1560,10055.175
1637164836,1,GET,/auth/find-friends/,0.800000,0.000000,220,230,230,270,450,450,450,450,450,450,450,502,0,200,237.73505976095618,24,3952,1974.0
1637164836,1,GET,/auth/login/,0.000000,0.000000,0,0,0,0,0,0,0,0,0,0,0,1,0,208,208.0,208,208,2961.0
1637164836,1,POST,/auth/login/,0.200000,0.000000,1000,1000,1000,1000,1000,1000,1000,1000,1000,1000,1000,47,0,700,701.1063829787234,114,2490,10247.234042553191
1637164836,1,GET,/auth/logout/,0.200000,0.000000,220,220,220,220,220,220,220,220,220,220,220,46,0,150,232.6304347826087,10,2509,1712.0
1637164836,1,POST,/auth/modify-friend/,0.300000,0.000000,280,280,320,320,700,700,700,700,700,700,700,251,0,190,232.5816733067729,31,4340,1713.0
1637164836,1,GET,/public/,0.400000,0.000000,250,280,280,350,350,350,350,350,350,350,350,251,0,250,288.54581673306774,78,940,10215.239043824702
1637164836,1,,Aggregated,2.300000,0.000000,240,290,350,360,580,700,1100,1100,1100,1100,1100,1431,0,220,287.2739343116702,10,4340,5572.846960167715
1637164837,1,GET,/,0.300000,0.000000,340,340,390,390,440,440,440,440,440,440,440,296,0,240,325.2195945945946,79,3450,10320.800675675675
1637164837,1,POST,/,0.100000,0.000000,1100,1100,1100,1100,1100,1100,1100,1100,1100,1100,1100,40,0,460,546.975,184,1560,10055.175
1637164837,1,GET,/auth/find-friends/,0.800000,0.000000,220,230,230,270,450,450,450,450,450,450,450,502,0,200,237.73505976095618,24,3952,1974.0
1637164837,1,GET,/auth/login/,0.000000,0.000000,0,0,0,0,0,0,0,0,0,0,0,1,0,208,208.0,208,208,2961.0
1637164837,1,POST,/auth/login/,0.200000,0.000000,1000,1000,1000,1000,1000,1000,1000,1000,1000,1000,1000,47,0,700,701.1063829787234,114,2490,10247.234042553191
1637164837,1,GET,/auth/logout/,0.100000,0.000000,220,220,220,220,220,220,220,220,220,220,220,46,0,150,232.6304347826087,10,2509,1712.0
1637164837,1,POST,/auth/modify-friend/,0.400000,0.000000,240,320,320,700,700,700,700,700,700,700,700,251,0,190,232.5816733067729,31,4340,1713.0
1637164837,1,GET,/public/,0.500000,0.000000,250,280,280,350,350,350,350,350,350,350,350,251,0,250,288.54581673306774,78,940,10215.239043824702
1637164837,1,,Aggregated,2.400000,0.000000,250,320,340,360,450,700,1100,1100,1100,1100,1100,1434,0,220,287.4135285913529,10,4340,5582.589260808926
1637164838,1,GET,/,0.300000,0.000000,340,340,390,390,440,440,440,440,440,440,440,296,0,240,325.2195945945946,79,3450,10320.800675675675
1637164838,1,POST,/,0.100000,0.000000,1100,1100,1100,1100,1100,1100,1100,1100,1100,1100,1100,40,0,460,546.975,184,1560,10055.175
1637164838,1,GET,/auth/find-friends/,0.800000,0.000000,220,230,270,270,320,450,450,450,450,450,450,503,0,200,237.9065606361829,24,3952,1974.0
1637164838,1,GET,/auth/login/,0.000000,0.000000,0,0,0,0,0,0,0,0,0,0,0,1,0,208,208.0,208,208,2961.0
1637164838,1,POST,/auth/login/,0.200000,0.000000,360,360,360,360,360,360,360,360,360,360,360,47,0,700,701.1063829787234,114,2490,10247.234042553191
1637164838,1,GET,/auth/logout/,0.100000,0.000000,220,220,220,220,220,220,220,220,220,220,220,46,0,150,232.6304347826087,10,2509,1712.0
1637164838,1,POST,/auth/modify-friend/,0.400000,0.000000,240,320,320,700,700,700,700,700,700,700,700,251,0,190,232.5816733067729,31,4340,1713.0
1637164838,1,GET,/public/,0.500000,0.000000,280,280,350,350,390,390,390,390,390,390,390,252,0,250,288.96031746031747,78,940,10214.587301587302
1637164838,1,,Aggregated,2.400000,0.000000,250,320,340,350,440,450,700,700,700,700,700,1436,0,220,287.5125348189415,10,4340,5583.188022284123
1637164839,1,GET,/,0.400000,0.000000,320,340,390,390,440,440,440,440,440,440,440,298,0,240,324.88926174496646,79,3450,10320.24832214765
1637164839,1,POST,/,0.100000,0.000000,1100,1100,1100,1100,1100,1100,1100,1100,1100,1100,1100,40,0,460,546.975,184,1560,10055.175
1637164839,1,GET,/auth/find-friends/,1.000000,0.000000,230,230,320,320,400,450,450,450,450,450,450,504,0,200,238.22619047619048,24,3952,1974.0
1637164839,1,GET,/auth/login/,0.000000,0.000000,0,0,0,0,0,0,0,0,0,0,0,1,0,208,208.0,208,208,2961.0
1637164839,1,POST,/auth/login/,0.200000,0.000000,360,360,360,360,360,360,360,360,360,360,360,47,0,700,701.1063829787234,114,2490,10247.234042553191
1637164839,1,GET,/auth/logout/,0.100000,0.000000,220,220,220,220,220,220,220,220,220,220,220,46,0,150,232.6304347826087,10,2509,1712.0
1637164839,1,POST,/auth/modify-friend/,0.500000,0.000000,240,240,320,320,700,700,700,700,700,700,700,252,0,190,232.3293650793651,31,4340,1713.0
1637164839,1,GET,/public/,0.500000,0.000000,280,280,350,350,390,390,390,390,390,390,390,252,0,250,288.96031746031747,78,940,10214.587301587302
1637164839,1,,Aggregated,2.800000,0.000000,260,320,340,350,400,450,700,700,700,700,700,1440,0,220,287.4916666666667,10,4340,5584.459722222222
1637164840,1,GET,/,0.600000,0.000000,320,340,390,390,440,440,440,440,440,440,440,298,0,240,324.88926174496646,79,3450,10320.24832214765
1637164840,1,POST,/,0.100000,0.000000,1100,1100,1100,1100,1100,1100,1100,1100,1100,1100,1100,41,0,490,548.0487804878048,184,1560,10059.19512195122
1637164840,1,GET,/auth/find-friends/,1.100000,0.000000,230,270,320,320,400,450,450,450,450,450,450,505,0,200,238.29108910891088,24,3952,1974.0
1637164840,1,GET,/auth/login/,0.000000,0.000000,0,0,0,0,0,0,0,0,0,0,0,1,0,208,208.0,208,208,2961.0
1637164840,1,POST,/auth/login/,0.100000,0.000000,360,360,360,360,360,360,360,360,360,360,360,47,0,700,701.1063829787234,114,2490,10247.234042553191
1637164840,1,GET,/auth/logout/,0.100000,0.000000,220,220,220,220,220,220,220,220,220,220,220,46,0,150,232.6304347826087,10,2509,1712.0
1637164840,1,POST,/auth/modify-friend/,0.500000,0.000000,240,240,320,320,700,700,700,700,700,700,700,252,0,190,232.3293650793651,31,4340,1713.0
1637164840,1,GET,/public/,0.600000,0.000000,310,310,350,350,390,390,390,390,390,390,390,253,0,250,289.0474308300395,78,940,10214.324110671936
1637164840,1,,Aggregated,3.100000,0.000000,270,320,340,350,440,590,700,700,700,700,700,1443,0,220,287.7068607068607,10,4340,5588.33264033264
1637164841,1,GET,/,0.600000,0.000000,320,340,440,440,470,470,470,470,470,470,470,299,0,240,325.3678929765886,79,3450,10320.561872909699
1637164841,1,POST,/,0.000000,0.000000,1100,1100,1100,1100,1100,1100,1100,1100,1100,1100,1100,41,0,490,548.0487804878048,184,1560,10059.19512195122
1637164841,1,GET,/auth/find-friends/,1.200000,0.000000,270,310,320,400,450,450,450,450,450,450,450,506,0,200,238.4407114624506,24,3952,1974.0
1637164841,1,GET,/auth/login/,0.000000,0.000000,0,0,0,0,0,0,0,0,0,0,0,1,0,208,208.0,208,208,2961.0
1637164841,1,POST,/auth/login/,0.100000,0.000000,360,360,360,360,360,360,360,360,360,360,360,47,0,700,701.1063829787234,114,2490,10247.234042553191
1637164841,1,GET,/auth/logout/,0.100000,0.000000,220,220,220,220,220,220,220,220,220,220,220,46,0,150,232.6304347826087,10,2509,1712.0
1637164841,1,POST,/auth/modify-friend/,0.600000,0.000000,240,310,320,320,700,700,700,700,700,700,700,253,0,190,232.64822134387353,31,4340,1713.0
1637164841,1,GET,/public/,0.600000,0.000000,310,350,350,390,390,390,390,390,390,390,390,253,0,250,289.0474308300395,78,940,10214.324110671936
1637164841,1,,Aggregated,3.200000,0.000000,310,320,390,400,470,590,700,700,700,700,700,1446,0,220,287.86721991701245,10,4340,5586.490318118948
1637164842,1,GET,/,0.600000,0.000000,320,340,440,440,470,470,470,470,470,470,470,299,0,240,325.3678929765886,79,3450,10320.561872909699
1637164842,1,POST,/,0.100000,0.000000,1100,1100,1100,1100,1100,1100,1100,1100,1100,1100,1100,41,0,490,548.0487804878048,184,1560,10059.19512195122
1637164842,1,GET,/auth/find-friends/,1.200000,0.000000,310,320,400,440,450,450,450,450,450,450,450,508,0,200,238.79921259842519,24,3952,1974.0
1637164842,1,GET,/auth/login/,0.000000,0.000000,0,0,0,0,0,0,0,0,0,0,0,1,0,208,208.0,208,208,2961.0
1637164842,1,POST,/auth/login/,0.100000,0.000000,360,360,360,360,360,360,360,360,360,360,360,47,0,700,701.1063829787234,114,2490,10247.234042553191
1637164842,1,GET,/auth/logout/,0.000000,0.000000,220,220,220,220,220,220,220,220,220,220,220,46,0,150,232.6304347826087,10,2509,1712.0
1637164842,1,POST,/auth/modify-friend/,0.600000,0.000000,310,320,320,700,700,700,700,700,700,700,700,253,0,190,232.64822134387353,31,4340,1713.0
1637164842,1,GET,/public/,0.700000,0.000000,310,350,350,390,390,390,390,390,390,390,390,254,0,250,289.03937007874015,78,940,10213.830708661417
1637164842,1,,Aggregated,3.300000,0.000000,310,340,400,440,470,590,700,700,700,700,700,1449,0,220,287.9240855762595,10,4340,5584.6114561766735
1637164843,1,GET,/,0.600000,0.000000,320,340,440,440,470,470,470,470,470,470,470,300,0,240,325.24666666666667,79,3450,10320.753333333334
1637164843,1,POST,/,0.100000,0.000000,640,640,640,640,640,640,640,640,640,640,640,42,0,490,550.3571428571429,184,1560,10066.285714285714
1637164843,1,GET,/auth/find-friends/,1.300000,0.000000,310,320,400,440,450,450,450,450,450,450,450,508,0,200,238.79921259842519,24,3952,1974.0
1637164843,1,GET,/auth/login/,0.000000,0.000000,0,0,0,0,0,0,0,0,0,0,0,1,0,208,208.0,208,208,2961.0
1637164843,1,POST,/auth/login/,0.000000,0.000000,360,360,360,360,360,360,360,360,360,360,360,47,0,700,701.1063829787234,114,2490,10247.234042553191
1637164843,1,GET,/auth/logout/,0.000000,0.000000,220,220,220,220,220,220,220,220,220,220,220,46,0,150,232.6304347826087,10,2509,1712.0
1637164843,1,POST,/auth/modify-friend/,0.700000,0.000000,240,310,310,320,320,320,320,320,320,320,320,254,0,190,232.27165354330708,31,4340,1713.0
1637164843,1,GET,/public/,0.600000,0.000000,310,310,390,390,390,390,390,390,390,390,390,254,0,250,289.03937007874015,78,940,10213.830708661417
1637164843,1,,Aggregated,3.300000,0.000000,310,320,400,440,470,590,640,640,640,640,640,1452,0,220,288.0668044077135,10,4340,5588.533057851239
1637164844,1,GET,/,0.700000,0.000000,320,340,440,440,470,470,470,470,470,470,470,300,0,240,325.24666666666667,79,3450,10320.753333333334
1637164844,1,POST,/,0.100000,0.000000,640,640,640,640,640,640,640,640,640,640,640,42,0,490,550.3571428571429,184,1560,10066.285714285714
1637164844,1,GET,/auth/find-friends/,1.100000,0.000000,270,310,320,400,440,440,440,440,440,440,440,510,0,200,238.72745098039215,24,3952,1974.0
1637164844,1,GET,/auth/login/,0.000000,0.000000,0,0,0,0,0,0,0,0,0,0,0,1,0,208,208.0,208,208,2961.0
1637164844,1,POST,/auth/login/,0.000000,0.000000,360,360,360,360,360,360,360,360,360,360,360,47,0,700,701.1063829787234,114,2490,10247.234042553191
1637164844,1,GET,/auth/logout/,0.000000,0.000000,220,220,220,220,220,220,220,220,220,220,220,46,0,150,232.6304347826087,10,2509,1712.0
1637164844,1,POST,/auth/modify-friend/,0.500000,0.000000,280,310,310,320,320,320,320,320,320,320,320,255,0,190,232.47058823529412,31,4340,1713.0
1637164844,1,GET,/public/,0.600000,0.000000,290,310,310,390,390,390,390,390,390,390,390,255,0,250,288.82745098039214,78,940,10212.847058823529
1637164844,1,,Aggregated,3.000000,0.000000,290,320,340,400,470,590,640,640,640,640,640,1456,0,220,287.9340659340659,10,4340,5583.910714285715
1637164845,1,GET,/,0.800000,0.000000,290,340,440,440,470,470,470,470,470,470,470,301,0,240,325.04651162790697,79,3450,10321.212624584718
1637164845,1,POST,/,0.100000,0.000000,590,590,640,640,640,640,640,640,640,640,640,43,0,530,550.7906976744187,184,1560,10079.651162790698
1637164845,1,GET,/auth/find-friends/,1.000000,0.000000,270,310,320,400,440,440,440,440,440,440,440,510,0,200,238.72745098039215,24,3952,1974.0
1637164845,1,GET,/auth/login/,0.000000,0.000000,0,0,0,0,0,0,0,0,0,0,0,1,0,208,208.0,208,208,2961.0
1637164845,1,POST,/auth/login/,0.000000,0.000000,360,360,360,360,360,360,360,360,360,360,360,47,0,700,701.1063829787234,114,2490,10247.234042553191
1637164845,1,GET,/auth/logout/,0.000000,0.000000,220,220,220,220,220,220,220,220,220,220,220,46,0,150,232.6304347826087,10,2509,1712.0
1637164845,1,POST,/auth/modify-friend/,0.600000,0.000000,280,310,310,320,320,320,320,320,320,320,320,255,0,190,232.47058823529412,31,4340,1713.0
1637164845,1,GET,/public/,0.500000,0.000000,310,310,390,390,390,390,390,390,390,390,390,255,0,250,288.82745098039214,78,940,10212.847058823529
1637164845,1,,Aggregated,3.000000,0.000000,290,320,400,440,570,590,640,640,640,640,640,1458,0,230,288.1111111111111,10,4340,5590.722908093278
1637164846,1,GET,/,0.800000,0.000000,290,340,370,370,470,470,470,470,470,470,470,303,0,240,324.9504950495049,79,3450,10323.6699669967
1637164846,1,POST,/,0.100000,0.000000,590,590,640,640,640,640,640,640,640,640,640,43,0,530,550.7906976744187,184,1560,10079.651162790698
1637164846,1,GET,/auth/find-friends/,1.000000,0.000000,310,320,400,400,440,440,440,440,440,440,440,510,0,200,238.72745098039215,24,3952,1974.0
1637164846,1,GET,/auth/login/,0.000000,0.000000,0,0,0,0,0,0,0,0,0,0,0,1,0,208,208.0,208,208,2961.0
1637164846,1,POST,/auth/login/,0.000000,0.000000,360,360,360,360,360,360,360,360,360,360,360,47,0,700,701.1063829787234,114,2490,10247.234042553191
1637164846,1,GET,/auth/logout/,0.000000,0.000000,220,220,220,220,220,220,220,220,220,220,220,46,0,150,232.6304347826087,10,2509,1712.0
1637164846,1,POST,/auth/modify-friend/,0.600000,0.000000,280,280,310,310,310,310,310,310,310,310,310,255,0,190,232.47058823529412,31,4340,1713.0
1637164846,1,GET,/public/,0.500000,0.000000,310,310,390,390,390,390,390,390,390,390,390,255,0,250,288.82745098039214,78,940,10212.847058823529
1637164846,1,,Aggregated,3.000000,0.000000,290,320,390,400,570,590,640,640,640,640,640,1460,0,230,288.1417808219178,10,4340,5597.71301369863
1637164847,1,GET,/,0.900000,0.000000,290,290,370,370,470,470,470,470,470,470,470,303,0,240,324.9504950495049,79,3450,10323.6699669967
1637164847,1,POST,/,0.200000,0.000000,640,640,870,870,870,870,870,870,870,870,870,44,0,530,557.9545454545455,184,1560,10096.477272727272
1637164847,1,GET,/auth/find-friends/,1.000000,0.000000,300,310,400,400,440,440,440,440,440,440,440,511,0,200,238.8454011741683,24,3952,1974.0
1637164847,1,GET,/auth/login/,0.000000,0.000000,0,0,0,0,0,0,0,0,0,0,0,1,0,208,208.0,208,208,2961.0
1637164847,1,POST,/auth/login/,0.000000,0.000000,360,360,360,360,360,360,360,360,360,360,360,47,0,700,701.1063829787234,114,2490,10247.234042553191
1637164847,1,GET,/auth/logout/,0.000000,0.000000,0,0,0,0,0,0,0,0,0,0,0,46,0,150,232.6304347826087,10,2509,1712.0
1637164847,1,POST,/auth/modify-friend/,0.500000,0.000000,280,280,310,310,310,310,310,310,310,310,310,255,0,190,232.47058823529412,31,4340,1713.0
1637164847,1,GET,/public/,0.400000,0.000000,310,360,360,390,390,390,390,390,390,390,390,256,0,250,289.125,78,940,10214.31640625
1637164847,1,,Aggregated,3.000000,0.000000,290,310,400,440,590,640,870,870,870,870,870,1463,0,230,288.59671907040325,10,4340,5602.217361585783
1637164848,1,GET,/,1.000000,0.000000,290,290,370,370,470,470,470,470,470,470,470,303,0,240,324.9504950495049,79,3450,10323.6699669967
1637164848,1,POST,/,0.300000,0.000000,640,640,870,870,870,870,870,870,870,870,870,44,0,530,557.9545454545455,184,1560,10096.477272727272
1637164848,1,GET,/auth/find-friends/,0.800000,0.000000,300,310,400,440,480,480,480,480,480,480,480,512,0,200,239.326171875,24,3952,1974.0
1637164848,1,GET,/auth/login/,0.000000,0.000000,0,0,0,0,0,0,0,0,0,0,0,1,0,208,208.0,208,208,2961.0
1637164848,1,POST,/auth/login/,0.000000,0.000000,0,0,0,0,0,0,0,0,0,0,0,47,0,700,701.1063829787234,114,2490,10247.234042553191
1637164848,1,GET,/auth/logout/,0.000000,0.000000,0,0,0,0,0,0,0,0,0,0,0,46,0,150,232.6304347826087,10,2509,1712.0
1637164848,1,POST,/auth/modify-friend/,0.400000,0.000000,280,310,310,610,610,610,610,610,610,610,610,256,0,190,233.9609375,31,4340,1713.0
1637164848,1,GET,/public/,0.400000,0.000000,310,310,360,360,360,360,360,360,360,360,360,256,0,250,289.125,78,940,10214.31640625
1637164848,1,,Aggregated,2.900000,0.000000,310,370,470,570,610,640,870,870,870,870,870,1465,0,230,288.9529010238908,10,4340,5597.086006825939
1637164849,1,GET,/,0.800000,0.000000,290,370,370,470,470,470,470,470,470,470,470,303,0,240,324.9504950495049,79,3450,10323.6699669967
1637164849,1,POST,/,0.400000,0.000000,640,640,870,870,870,870,870,870,870,870,870,44,0,530,557.9545454545455,184,1560,10096.477272727272
1637164849,1,GET,/auth/find-friends/,0.800000,0.000000,300,310,330,440,480,480,480,480,480,480,480,514,0,200,239.50778210116732,24,3952,1974.0
1637164849,1,GET,/auth/login/,0.000000,0.000000,0,0,0,0,0,0,0,0,0,0,0,1,0,208,208.0,208,208,2961.0
1637164849,1,POST,/auth/login/,0.000000,0.000000,0,0,0,0,0,0,0,0,0,0,0,47,0,700,701.1063829787234,114,2490,10247.234042553191
1637164849,1,GET,/auth/logout/,0.000000,0.000000,0,0,0,0,0,0,0,0,0,0,0,46,0,150,232.6304347826087,10,2509,1712.0
1637164849,1,POST,/auth/modify-friend/,0.400000,0.000000,310,310,610,610,610,610,610,610,610,610,610,256,0,190,233.9609375,31,4340,1713.0
1637164849,1,GET,/public/,0.500000,0.000000,310,360,360,380,380,380,380,380,380,380,380,257,0,250,289.4824902723735,78,940,10214.696498054474
1637164849,1,,Aggregated,2.900000,0.000000,310,370,440,470,610,640,870,870,870,870,870,1468,0,230,289.0115803814714,10,4340,5595.361716621253
1637164850,1,GET,/,0.700000,0.000000,370,370,400,400,470,470,470,470,470,470,470,304,0,240,325.19736842105266,79,3450,10324.526315789473
1637164850,1,POST,/,0.400000,0.000000,640,640,870,870,870,870,870,870,870,870,870,44,0,530,557.9545454545455,184,1560,10096.477272727272
1637164850,1,GET,/auth/find-friends/,0.900000,0.000000,300,330,440,440,480,480,480,480,480,480,480,514,0,200,239.50778210116732,24,3952,1974.0
1637164850,1,GET,/auth/login/,0.000000,0.000000,0,0,0,0,0,0,0,0,0,0,0,1,0,208,208.0,208,208,2961.0
1637164850,1,POST,/auth/login/,0.000000,0.000000,0,0,0,0,0,0,0,0,0,0,0,47,0,700,701.1063829787234,114,2490,10247.234042553191
1637164850,1,GET,/auth/logout/,0.000000,0.000000,0,0,0,0,0,0,0,0,0,0,0,46,0,150,232.6304347826087,10,2509,1712.0
1637164850,1,POST,/auth/modify-friend/,0.400000,0.000000,310,580,580,610,610,610,610,610,610,610,610,257,0,190,235.30739299610894,31,4340,1713.0
1637164850,1,GET,/public/,0.400000,0.000000,360,360,380,380,380,380,380,380,380,380,380,257,0,250,289.4824902723735,78,940,10214.696498054474
1637164850,1,,Aggregated,2.800000,0.000000,330,400,470,570,610,640,870,870,870,870,870,1470,0,230,289.28503401360547,10,4340,5596.114285714286
1637164851,1,GET,/,0.500000,0.000000,290,370,370,400,400,400,400,400,400,400,400,304,0,240,325.19736842105266,79,3450,10324.526315789473
1637164851,1,POST,/,0.400000,0.000000,640,640,870,870,870,870,870,870,870,870,870,44,0,530,557.9545454545455,184,1560,10096.477272727272
1637164851,1,GET,/auth/find-friends/,0.900000,0.000000,270,300,310,330,480,480,480,480,480,480,480,516,0,200,239.6298449612403,24,3952,1974.0
1637164851,1,GET,/auth/login/,0.000000,0.000000,0,0,0,0,0,0,0,0,0,0,0,1,0,208,208.0,208,208,2961.0
1637164851,1,POST,/auth/login/,0.000000,0.000000,0,0,0,0,0,0,0,0,0,0,0,47,0,700,701.1063829787234,114,2490,10247.234042553191
1637164851,1,GET,/auth/logout/,0.000000,0.000000,0,0,0,0,0,0,0,0,0,0,0,46,0,150,232.6304347826087,10,2509,1712.0
1637164851,1,POST,/auth/modify-friend/,0.400000,0.000000,300,580,580,610,610,610,610,610,610,610,610,258,0,190,235.57751937984497,31,4340,1713.0
1637164851,1,GET,/public/,0.500000,0.000000,360,370,370,380,380,380,380,380,380,380,380,258,0,250,289.7906976744186,78,940,10215.251937984496
1637164851,1,,Aggregated,2.700000,0.000000,310,370,400,480,610,640,870,870,870,870,870,1474,0,230,289.3249660786974,10,4340,5591.795793758481
1637164852,1,GET,/,0.500000,0.000000,290,370,370,400,400,400,400,400,400,400,400,304,0,240,325.19736842105266,79,3450,10324.526315789473
1637164852,1,POST,/,0.400000,0.000000,640,640,870,870,870,870,870,870,870,870,870,44,0,530,557.9545454545455,184,1560,10096.477272727272
1637164852,1,GET,/auth/find-friends/,0.900000,0.000000,300,310,330,330,480,480,480,480,480,480,480,516,0,200,239.6298449612403,24,3952,1974.0
1637164852,1,GET,/auth/login/,0.000000,0.000000,0,0,0,0,0,0,0,0,0,0,0,1,0,208,208.0,208,208,2961.0
1637164852,1,POST,/auth/login/,0.000000,0.000000,0,0,0,0,0,0,0,0,0,0,0,47,0,700,701.1063829787234,114,2490,10247.234042553191
1637164852,1,GET,/auth/logout/,0.000000,0.000000,260,260,260,260,260,260,260,260,260,260,260,47,0,170,233.19148936170214,10,2509,1712.0
1637164852,1,POST,/auth/modify-friend/,0.400000,0.000000,300,580,580,610,610,610,610,610,610,610,610,258,0,190,235.57751937984497,31,4340,1713.0
1637164852,1,GET,/public/,0.500000,0.000000,370,370,380,380,380,380,380,380,380,380,380,258,0,250,289.7906976744186,78,940,10215.251937984496
1637164852,1,,Aggregated,2.700000,0.000000,330,370,480,570,610,640,870,870,870,870,870,1475,0,230,289.304406779661,10,4340,5589.165423728814
1637164853,1,GET,/,0.500000,0.000000,370,370,400,400,400,400,400,400,400,400,400,304,0,240,325.19736842105266,79,3450,10324.526315789473
1637164853,1,POST,/,0.400000,0.000000,640,640,870,870,870,870,870,870,870,870,870,44,0,530,557.9545454545455,184,1560,10096.477272727272
1637164853,1,GET,/auth/find-friends/,0.900000,0.000000,300,310,330,330,480,480,480,480,480,480,480,516,0,200,239.6298449612403,24,3952,1974.0
1637164853,1,GET,/auth/login/,0.000000,0.000000,0,0,0,0,0,0,0,0,0,0,0,1,0,208,208.0,208,208,2961.0
1637164853,1,POST,/auth/login/,0.000000,0.000000,0,0,0,0,0,0,0,0,0,0,0,47,0,700,701.1063829787234,114,2490,10247.234042553191
1637164853,1,GET,/auth/logout/,0.000000,0.000000,260,260,260,260,260,260,260,260,260,260,260,47,0,170,233.19148936170214,10,2509,1712.0
1637164853,1,POST,/auth/modify-friend/,0.400000,0.000000,580,580,610,610,610,610,610,610,610,610,610,258,0,190,235.57751937984497,31,4340,1713.0
1637164853,1,GET,/public/,0.500000,0.000000,370,370,380,380,380,380,380,380,380,380,380,258,0,250,289.7906976744186,78,940,10215.251937984496
1637164853,1,,Aggregated,2.700000,0.000000,360,380,480,570,610,870,870,870,870,870,870,1475,0,230,289.304406779661,10,4340,5589.165423728814
1637164854,1,GET,/,0.500000,0.000000,370,370,400,400,400,400,400,400,400,400,400,304,0,240,325.19736842105266,79,3450,10324.526315789473
1637164854,1,POST,/,0.300000,0.000000,870,870,870,870,870,870,870,870,870,870,870,44,0,530,557.9545454545455,184,1560,10096.477272727272
1637164854,1,GET,/auth/find-friends/,0.900000,0.000000,300,310,330,330,480,480,480,480,480,480,480,516,0,200,239.6298449612403,24,3952,1974.0
1637164854,1,GET,/auth/login/,0.000000,0.000000,0,0,0,0,0,0,0,0,0,0,0,1,0,208,208.0,208,208,2961.0
1637164854,1,POST,/auth/login/,0.000000,0.000000,960,960,960,960,960,960,960,960,960,960,960,48,0,700,706.5833333333334,114,2490,10250.729166666666
1637164854,1,GET,/auth/logout/,0.100000,0.000000,480,480,480,480,480,480,480,480,480,480,480,48,0,170,238.29166666666666,10,2509,1712.0
1637164854,1,POST,/auth/modify-friend/,0.500000,0.000000,580,580,610,610,610,610,610,610,610,610,610,258,0,190,235.57751937984497,31,4340,1713.0
1637164854,1,GET,/public/,0.400000,0.000000,370,370,380,380,380,380,380,380,380,380,380,258,0,250,289.7906976744186,78,940,10215.251937984496
1637164854,1,,Aggregated,2.700000,0.000000,370,480,570,580,870,960,960,960,960,960,960,1477,0,230,289.88896411645226,10,4340,5589.807718348003
1637164855,1,GET,/,0.500000,0.000000,370,370,400,400,400,400,400,400,400,400,400,304,0,240,325.19736842105266,79,3450,10324.526315789473
1637164855,1,POST,/,0.300000,0.000000,870,870,870,870,870,870,870,870,870,870,870,44,0,530,557.9545454545455,184,1560,10096.477272727272
1637164855,1,GET,/auth/find-friends/,0.900000,0.000000,310,310,330,330,480,480,480,480,480,480,480,516,0,200,239.6298449612403,24,3952,1974.0
1637164855,1,GET,/auth/login/,0.000000,0.000000,0,0,0,0,0,0,0,0,0,0,0,1,0,208,208.0,208,208,2961.0
1637164855,1,POST,/auth/login/,0.000000,0.000000,960,960,960,960,960,960,960,960,960,960,960,48,0,700,706.5833333333334,114,2490,10250.729166666666
1637164855,1,GET,/auth/logout/,0.100000,0.000000,480,480,480,480,480,480,480,480,480,480,480,48,0,170,238.29166666666666,10,2509,1712.0
1637164855,1,POST,/auth/modify-friend/,0.500000,0.000000,580,580,610,610,610,610,610,610,610,610,610,258,0,190,235.57751937984497,31,4340,1713.0
1637164855,1,GET,/public/,0.400000,0.000000,370,370,380,380,380,380,380,380,380,380,380,258,0,250,289.7906976744186,78,940,10215.251937984496
1637164855,1,,Aggregated,2.700000,0.000000,370,480,480,580,870,960,960,960,960,960,960,1477,0,230,289.88896411645226,10,4340,5589.807718348003
1637164856,1,GET,/,0.400000,0.000000,370,370,400,400,400,400,400,400,400,400,400,304,0,240,325.19736842105266,79,3450,10324.526315789473
1637164856,1,POST,/,0.200000,0.000000,870,870,870,870,870,870,870,870,870,870,870,44,0,530,557.9545454545455,184,1560,10096.477272727272
1637164856,1,GET,/auth/find-friends/,0.600000,0.000000,310,310,330,330,480,480,480,480,480,480,480,516,0,200,239.6298449612403,24,3952,1974.0
1637164856,1,GET,/auth/login/,0.000000,0.000000,0,0,0,0,0,0,0,0,0,0,0,1,0,208,208.0,208,208,2961.0
1637164856,1,POST,/auth/login/,0.100000,0.000000,960,960,960,960,960,960,960,960,960,960,960,49,0,710,709.4081632653061,114,2490,10251.387755102041
1637164856,1,GET,/auth/logout/,0.100000,0.000000,480,480,480,480,480,480,480,480,480,480,480,48,0,170,238.29166666666666,10,2509,1712.0
1637164856,1,POST,/auth/modify-friend/,0.400000,0.000000,580,580,610,610,610,610,610,610,610,610,610,258,0,190,235.57751937984497,31,4340,1713.0
1637164856,1,GET,/public/,0.300000,0.000000,370,370,380,380,380,380,380,380,380,380,380,258,0,250,289.7906976744186,78,940,10215.251937984496
1637164856,1,,Aggregated,2.100000,0.000000,380,480,580,580,840,960,960,960,960,960,960,1478,0,230,290.26454668470905,10,4340,5592.983085250338
1637164857,1,GET,/,0.300000,0.000000,400,400,400,400,400,400,400,400,400,400,400,304,0,240,325.19736842105266,79,3450,10324.526315789473
1637164857,1,POST,/,0.200000,0.000000,870,870,870,870,870,870,870,870,870,870,870,44,0,530,557.9545454545455,184,1560,10096.477272727272
1637164857,1,GET,/auth/find-friends/,0.600000,0.000000,310,330,330,660,660,660,660,660,660,660,660,517,0,200,240.44487427466152,24,3952,1974.0
1637164857,1,GET,/auth/login/,0.000000,0.000000,0,0,0,0,0,0,0,0,0,0,0,1,0,208,208.0,208,208,2961.0
1637164857,1,POST,/auth/login/,0.100000,0.000000,960,960,960,960,960,960,960,960,960,960,960,49,0,710,709.4081632653061,114,2490,10251.387755102041
1637164857,1,GET,/auth/logout/,0.200000,0.000000,480,480,480,480,480,480,480,480,480,480,480,48,0,170,238.29166666666666,10,2509,1712.0
1637164857,1,POST,/auth/modify-friend/,0.300000,0.000000,580,580,610,610,610,610,610,610,610,610,610,258,0,190,235.57751937984497,31,4340,1713.0
1637164857,1,GET,/public/,0.300000,0.000000,380,380,800,800,800,800,800,800,800,800,800,259,0,250,291.7606177606178,78,940,10215.146718146718
1637164857,1,,Aggregated,2.000000,0.000000,400,580,660,660,840,960,960,960,960,960,960,1480,0,230,290.85945945945946,10,4340,5593.642567567567
1637164858,1,GET,/,0.100000,0.000000,400,400,400,400,400,400,400,400,400,400,400,304,0,240,325.19736842105266,79,3450,10324.526315789473
1637164858,1,POST,/,0.100000,0.000000,870,870,870,870,870,870,870,870,870,870,870,44,0,530,557.9545454545455,184,1560,10096.477272727272
1637164858,1,GET,/auth/find-friends/,0.600000,0.000000,330,520,520,660,660,660,660,660,660,660,660,518,0,200,240.98648648648648,24,3952,1974.0
1637164858,1,GET,/auth/login/,0.000000,0.000000,0,0,0,0,0,0,0,0,0,0,0,1,0,208,208.0,208,208,2961.0
1637164858,1,POST,/auth/login/,0.100000,0.000000,960,960,960,960,960,960,960,960,960,960,960,49,0,710,709.4081632653061,114,2490,10251.387755102041
1637164858,1,GET,/auth/logout/,0.200000,0.000000,480,480,480,480,480,480,480,480,480,480,480,48,0,170,238.29166666666666,10,2509,1712.0
1637164858,1,POST,/auth/modify-friend/,0.300000,0.000000,470,470,580,580,580,580,580,580,580,580,580,259,0,190,236.47490347490347,31,4340,1713.0
1637164858,1,GET,/public/,0.300000,0.000000,380,380,800,800,800,800,800,800,800,800,800,259,0,250,291.7606177606178,78,940,10215.146718146718
1637164858,1,,Aggregated,1.700000,0.000000,470,520,660,800,840,960,960,960,960,960,960,1482,0,230,291.13427800269903,10,4340,5588.581646423751
1637164859,1,GET,/,0.100000,0.000000,400,400,400,400,400,400,400,400,400,400,400,305,0,240,325.1377049180328,79,3450,10324.403278688525
1637164859,1,POST,/,0.000000,0.000000,870,870,870,870,870,870,870,870,870,870,870,44,0,530,557.9545454545455,184,1560,10096.477272727272
1637164859,1,GET,/auth/find-friends/,0.600000,0.000000,310,310,520,520,660,660,660,660,660,660,660,520,0,200,240.85,24,3952,1974.0
1637164859,1,GET,/auth/login/,0.000000,0.000000,0,0,0,0,0,0,0,0,0,0,0,1,0,208,208.0,208,208,2961.0
1637164859,1,POST,/auth/login/,0.200000,0.000000,960,960,960,960,960,960,960,960,960,960,960,49,0,710,709.4081632653061,114,2490,10251.387755102041
1637164859,1,GET,/auth/logout/,0.200000,0.000000,480,480,480,480,480,480,480,480,480,480,480,48,0,170,238.29166666666666,10,2509,1712.0
1637164859,1,POST,/auth/modify-friend/,0.300000,0.000000,470,470,580,580,580,580,580,580,580,580,580,259,0,190,236.47490347490347,31,4340,1713.0
1637164859,1,GET,/public/,0.300000,0.000000,370,370,800,800,800,800,800,800,800,800,800,260,0,250,291.93461538461537,78,940,10215.296153846153
1637164859,1,,Aggregated,1.700000,0.000000,370,480,520,660,840,960,960,960,960,960,960,1486,0,230,291.06056527590846,10,4340,5590.018169582772
1637164860,1,GET,/,0.100000,0.000000,360,360,400,400,400,400,400,400,400,400,400,306,0,240,325.2647058823529,79,3450,10324.898692810457
1637164860,1,POST,/,0.000000,0.000000,870,870,870,870,870,870,870,870,870,870,870,44,0,530,557.9545454545455,184,1560,10096.477272727272
1637164860,1,GET,/auth/find-friends/,0.500000,0.000000,310,520,520,660,660,660,660,660,660,660,660,520,0,200,240.85,24,3952,1974.0
1637164860,1,GET,/auth/login/,0.000000,0.000000,0,0,0,0,0,0,0,0,0,0,0,1,0,208,208.0,208,208,2961.0
1637164860,1,POST,/auth/login/,0.200000,0.000000,960,960,960,960,960,960,960,960,960,960,960,49,0,710,709.4081632653061,114,2490,10251.387755102041
1637164860,1,GET,/auth/logout/,0.200000,0.000000,480,480,480,480,480,480,480,480,480,480,480,48,0,170,238.29166666666666,10,2509,1712.0
1637164860,1,POST,/auth/modify-friend/,0.300000,0.000000,300,300,470,470,470,470,470,470,470,470,470,260,0,190,236.51153846153846,31,4340,1713.0
1637164860,1,GET,/public/,0.300000,0.000000,370,370,800,800,800,800,800,800,800,800,800,261,0,250,292.0574712643678,78,940,10215.187739463601
1637164860,1,,Aggregated,1.600000,0.000000,340,480,520,660,840,960,960,960,960,960,960,1489,0,230,291.10141034251177,10,4340,5593.783075889859
1637164861,1,GET,/,0.200000,0.000000,360,360,400,400,400,400,400,400,400,400,400,306,0,240,325.2647058823529,79,3450,10324.898692810457
1637164861,1,POST,/,0.000000,0.000000,870,870,870,870,870,870,870,870,870,870,870,44,0,530,557.9545454545455,184,1560,10096.477272727272
1637164861,1,GET,/auth/find-friends/,0.500000,0.000000,290,310,520,520,660,660,660,660,660,660,660,522,0,200,240.82183908045977,24,3952,1974.0
1637164861,1,GET,/auth/login/,0.000000,0.000000,0,0,0,0,0,0,0,0,0,0,0,1,0,208,208.0,208,208,2961.0
1637164861,1,POST,/auth/login/,0.200000,0.000000,960,960,960,960,960,960,960,960,960,960,960,49,0,710,709.4081632653061,114,2490,10251.387755102041
1637164861,1,GET,/auth/logout/,0.200000,0.000000,480,480,480,480,480,480,480,480,480,480,480,48,0,170,238.29166666666666,10,2509,1712.0
1637164861,1,POST,/auth/modify-friend/,0.300000,0.000000,390,390,470,470,470,470,470,470,470,470,470,261,0,190,237.09961685823754,31,4340,1713.0
1637164861,1,GET,/public/,0.200000,0.000000,370,400,400,800,800,800,800,800,800,800,800,262,0,250,292.4580152671756,78,940,10214.992366412214
1637164861,1,,Aggregated,1.600000,0.000000,340,400,480,520,800,840,960,960,960,960,960,1493,0,230,291.16141995981246,10,4340,5589.395847287341
1637164862,1,GET,/,0.200000,0.000000,360,360,400,400,400,400,400,400,400,400,400,306,0,240,325.2647058823529,79,3450,10324.898692810457
1637164862,1,POST,/,0.000000,0.000000,870,870,870,870,870,870,870,870,870,870,870,44,0,530,557.9545454545455,184,1560,10096.477272727272
1637164862,1,GET,/auth/find-friends/,0.600000,0.000000,290,310,370,520,660,660,660,660,660,660,660,524,0,200,241.06679389312978,24,3952,1974.0
1637164862,1,GET,/auth/login/,0.000000,0.000000,0,0,0,0,0,0,0,0,0,0,0,1,0,208,208.0,208,208,2961.0
1637164862,1,POST,/auth/login/,0.200000,0.000000,960,960,960,960,960,960,960,960,960,960,960,49,0,710,709.4081632653061,114,2490,10251.387755102041
1637164862,1,GET,/auth/logout/,0.200000,0.000000,480,480,480,480,480,480,480,480,480,480,480,48,0,170,238.29166666666666,10,2509,1712.0
1637164862,1,POST,/auth/modify-friend/,0.300000,0.000000,390,390,470,470,470,470,470,470,470,470,470,261,0,190,237.09961685823754,31,4340,1713.0
1637164862,1,GET,/public/,0.300000,0.000000,370,400,400,800,800,800,800,800,800,800,800,262,0,250,292.4580152671756,78,940,10214.992366412214
1637164862,1,,Aggregated,1.800000,0.000000,370,470,520,660,840,960,960,960,960,960,960,1495,0,230,291.17993311036787,10,4340,5584.5591973244145
1637164863,1,GET,/,0.200000,0.000000,400,400,470,470,470,470,470,470,470,470,470,307,0,250,325.73941368078175,79,3450,10325.29315960912
1637164863,1,POST,/,0.000000,0.000000,870,870,870,870,870,870,870,870,870,870,870,44,0,530,557.9545454545455,184,1560,10096.477272727272
1637164863,1,GET,/auth/find-friends/,0.700000,0.000000,290,310,370,520,660,660,660,660,660,660,660,524,0,200,241.06679389312978,24,3952,1974.0
1637164863,1,GET,/auth/login/,0.000000,0.000000,0,0,0,0,0,0,0,0,0,0,0,1,0,208,208.0,208,208,2961.0
1637164863,1,POST,/auth/login/,0.200000,0.000000,960,960,960,960,960,960,960,960,960,960,960,49,0,710,709.4081632653061,114,2490,10251.387755102041
1637164863,1,GET,/auth/logout/,0.200000,0.000000,480,480,480,480,480,480,480,480,480,480,480,48,0,170,238.29166666666666,10,2509,1712.0
1637164863,1,POST,/auth/modify-friend/,0.300000,0.000000,390,460,460,470,470,470,470,470,470,470,470,262,0,190,237.95801526717557,31,4340,1713.0
1637164863,1,GET,/public/,0.300000,0.000000,400,410,410,800,800,800,800,800,800,800,800,263,0,250,292.8897338403042,78,940,10214.931558935361
1637164863,1,,Aggregated,1.900000,0.000000,390,460,470,480,660,800,840,840,840,840,840,1498,0,230,291.4906542056075,10,4340,5588.300400534045
1637164864,1,GET,/,0.200000,0.000000,360,360,470,470,470,470,470,470,470,470,470,307,0,250,325.73941368078175,79,3450,10325.29315960912
1637164864,1,POST,/,0.000000,0.000000,0,0,0,0,0,0,0,0,0,0,0,44,0,530,557.9545454545455,184,1560,10096.477272727272
1637164864,1,GET,/auth/find-friends/,0.600000,0.000000,330,370,520,610,660,660,660,660,660,660,660,526,0,200,241.9315589353612,24,3952,1974.0
1637164864,1,GET,/auth/login/,0.000000,0.000000,0,0,0,0,0,0,0,0,0,0,0,1,0,208,208.0,208,208,2961.0
1637164864,1,POST,/auth/login/,0.200000,0.000000,840,840,840,840,840,840,840,840,840,840,840,49,0,710,709.4081632653061,114,2490,10251.387755102041
1637164864,1,GET,/auth/logout/,0.100000,0.000000,480,480,480,480,480,480,480,480,480,480,480,48,0,170,238.29166666666666,10,2509,1712.0
1637164864,1,POST,/auth/modify-friend/,0.300000,0.000000,460,460,470,470,470,470,470,470,470,470,470,262,0,190,237.95801526717557,31,4340,1713.0
1637164864,1,GET,/public/,0.400000,0.000000,400,410,410,800,800,800,800,800,800,800,800,263,0,250,292.8897338403042,78,940,10214.931558935361
1637164864,1,,Aggregated,1.800000,0.000000,390,460,480,520,660,800,840,840,840,840,840,1500,0,230,291.7266666666667,10,4340,5583.481333333333
1637164865,1,GET,/,0.200000,0.000000,360,360,470,470,470,470,470,470,470,470,470,307,0,250,325.73941368078175,79,3450,10325.29315960912
1637164865,1,POST,/,0.000000,0.000000,0,0,0,0,0,0,0,0,0,0,0,44,0,530,557.9545454545455,184,1560,10096.477272727272
1637164865,1,GET,/auth/find-friends/,0.800000,0.000000,330,370,520,610,660,660,660,660,660,660,660,526,0,200,241.9315589353612,24,3952,1974.0
1637164865,1,GET,/auth/login/,0.000000,0.000000,0,0,0,0,0,0,0,0,0,0,0,1,0,208,208.0,208,208,2961.0
1637164865,1,POST,/auth/login/,0.200000,0.000000,840,840,840,840,840,840,840,840,840,840,840,49,0,710,709.4081632653061,114,2490,10251.387755102041
1637164865,1,GET,/auth/logout/,0.100000,0.000000,480,480,480,480,480,480,480,480,480,480,480,49,0,170,238.12244897959184,10,2509,1712.0
1637164865,1,POST,/auth/modify-friend/,0.400000,0.000000,420,460,460,470,470,470,470,470,470,470,470,263,0,190,238.63498098859316,31,4340,1713.0
1637164865,1,GET,/public/,0.400000,0.000000,400,410,410,800,800,800,800,800,800,800,800,263,0,250,292.8897338403042,78,940,10214.931558935361
1637164865,1,,Aggregated,2.100000,0.000000,370,420,470,520,660,800,840,840,840,840,840,1502,0,230,291.76830892143806,10,4340,5578.3268974700395
1637164866,1,GET,/,0.200000,0.000000,360,360,470,470,470,470,470,470,470,470,470,307,0,250,325.73941368078175,79,3450,10325.29315960912
1637164866,1,POST,/,0.000000,0.000000,0,0,0,0,0,0,0,0,0,0,0,44,0,530,557.9545454545455,184,1560,10096.477272727272
1637164866,1,GET,/auth/find-friends/,0.800000,0.000000,330,370,520,610,660,660,660,660,660,660,660,526,0,200,241.9315589353612,24,3952,1974.0
1637164866,1,GET,/auth/login/,0.000000,0.000000,0,0,0,0,0,0,0,0,0,0,0,1,0,208,208.0,208,208,2961.0
1637164866,1,POST,/auth/login/,0.200000,0.000000,840,840,840,840,840,840,840,840,840,840,840,49,0,710,709.4081632653061,114,2490,10251.387755102041
1637164866,1,GET,/auth/logout/,0.100000,0.000000,480,480,480,480,480,480,480,480,480,480,480,49,0,170,238.12244897959184,10,2509,1712.0
1637164866,1,POST,/auth/modify-friend/,0.400000,0.000000,420,460,460,470,470,470,470,470,470,470,470,263,0,190,238.63498098859316,31,4340,1713.0
1637164866,1,GET,/public/,0.400000,0.000000,400,410,410,800,800,800,800,800,800,800,800,263,0,250,292.8897338403042,78,940,10214.931558935361
1637164866,1,,Aggregated,2.100000,0.000000,360,410,460,470,520,610,660,660,660,660,660,1502,0,230,291.76830892143806,10,4340,5578.3268974700395
1637164867,1,GET,/,0.300000,0.000000,360,360,470,470,470,470,470,470,470,470,470,307,0,250,325.73941368078175,79,3450,10325.29315960912
1637164867,1,POST,/,0.000000,0.000000,0,0,0,0,0,0,0,0,0,0,0,44,0,530,557.9545454545455,184,1560,10096.477272727272
1637164867,1,GET,/auth/find-friends/,1.000000,0.000000,290,330,370,520,610,610,610,610,610,610,610,526,0,200,241.9315589353612,24,3952,1974.0
1637164867,1,GET,/auth/login/,0.000000,0.000000,0,0,0,0,0,0,0,0,0,0,0,1,0,208,208.0,208,208,2961.0
1637164867,1,POST,/auth/login/,0.100000,0.000000,1500,1500,1500,1500,1500,1500,1500,1500,1500,1500,1500,50,0,710,725.14,114,2490,10258.2
1637164867,1,GET,/auth/logout/,0.000000,0.000000,480,480,480,480,480,480,480,480,480,480,480,49,0,170,238.12244897959184,10,2509,1712.0
1637164867,1,POST,/auth/modify-friend/,0.400000,0.000000,420,460,460,470,470,470,470,470,470,470,470,263,0,190,238.63498098859316,31,4340,1713.0
1637164867,1,GET,/public/,0.500000,0.000000,400,400,410,410,410,410,410,410,410,410,410,263,0,250,292.8897338403042,78,940,10214.931558935361
1637164867,1,,Aggregated,2.300000,0.000000,360,410,460,470,520,610,1500,1500,1500,1500,1500,1503,0,230,292.5695276114438,10,4340,5581.662674650699
1637164869,1,GET,/,0.300000,0.000000,470,470,470,470,470,470,470,470,470,470,470,307,0,250,325.73941368078175,79,3450,10325.29315960912
1637164869,1,POST,/,0.000000,0.000000,0,0,0,0,0,0,0,0,0,0,0,44,0,530,557.9545454545455,184,1560,10096.477272727272
1637164869,1,GET,/auth/find-friends/,1.000000,0.000000,330,330,370,370,610,610,610,610,610,610,610,526,0,200,241.9315589353612,24,3952,1974.0
1637164869,1,GET,/auth/login/,0.000000,0.000000,0,0,0,0,0,0,0,0,0,0,0,1,0,208,208.0,208,208,2961.0
1637164869,1,POST,/auth/login/,0.100000,0.000000,1500,1500,1500,1500,1500,1500,1500,1500,1500,1500,1500,50,0,710,725.14,114,2490,10258.2
1637164869,1,GET,/auth/logout/,0.100000,0.000000,230,230,230,230,230,230,230,230,230,230,230,49,0,170,238.12244897959184,10,2509,1712.0
1637164869,1,POST,/auth/modify-friend/,0.500000,0.000000,420,420,460,460,460,460,460,460,460,460,460,263,0,190,238.63498098859316,31,4340,1713.0
1637164869,1,GET,/public/,0.500000,0.000000,410,410,670,670,670,670,670,670,670,670,670,264,0,250,294.3030303030303,78,940,10215.69696969697
1637164869,1,,Aggregated,2.500000,0.000000,390,420,460,470,670,1500,1500,1500,1500,1500,1500,1504,0,230,292.81781914893617,10,4340,5584.877659574468
1637164870,1,GET,/,0.300000,0.000000,360,360,470,470,470,470,470,470,470,470,470,308,0,250,325.7597402597403,79,3450,10325.808441558442
1637164870,1,POST,/,0.000000,0.000000,0,0,0,0,0,0,0,0,0,0,0,44,0,530,557.9545454545455,184,1560,10096.477272727272
1637164870,1,GET,/auth/find-friends/,1.000000,0.000000,330,370,530,530,610,610,610,610,610,610,610,528,0,200,242.51136363636363,24,3952,1974.0
1637164870,1,GET,/auth/login/,0.000000,0.000000,0,0,0,0,0,0,0,0,0,0,0,1,0,208,208.0,208,208,2961.0
1637164870,1,POST,/auth/login/,0.000000,0.000000,1500,1500,1500,1500,1500,1500,1500,1500,1500,1500,1500,50,0,710,725.14,114,2490,10258.2
1637164870,1,GET,/auth/logout/,0.100000,0.000000,230,230,230,230,230,230,230,230,230,230,230,49,0,170,238.12244897959184,10,2509,1712.0
1637164870,1,POST,/auth/modify-friend/,0.500000,0.000000,420,420,460,460,460,460,460,460,460,460,460,264,0,190,238.6931818181818,31,4340,1713.0
1637164870,1,GET,/public/,0.400000,0.000000,410,410,670,670,670,670,670,670,670,670,670,264,0,250,294.3030303030303,78,940,10215.69696969697
1637164870,1,,Aggregated,2.300000,0.000000,400,460,470,530,670,1500,1500,1500,1500,1500,1500,1508,0,230,292.95358090185675,10,4340,5580.769893899204
1637164871,1,GET,/,0.300000,0.000000,470,470,470,470,470,470,470,470,470,470,470,308,0,250,325.7597402597403,79,3450,10325.808441558442
1637164871,1,POST,/,0.000000,0.000000,0,0,0,0,0,0,0,0,0,0,0,44,0,530,557.9545454545455,184,1560,10096.477272727272
1637164871,1,GET,/auth/find-friends/,0.900000,0.000000,330,370,530,530,610,610,610,610,610,610,610,530,0,200,242.58490566037736,24,3952,1974.0
1637164871,1,GET,/auth/login/,0.000000,0.000000,0,0,0,0,0,0,0,0,0,0,0,1,0,208,208.0,208,208,2961.0
1637164871,1,POST,/auth/login/,0.100000,0.000000,1500,1500,1500,1500,1500,1500,1500,1500,1500,1500,1500,50,0,710,725.14,114,2490,10258.2
1637164871,1,GET,/auth/logout/,0.100000,0.000000,230,230,230,230,230,230,230,230,230,230,230,49,0,170,238.12244897959184,10,2509,1712.0
1637164871,1,POST,/auth/modify-friend/,0.500000,0.000000,420,420,460,460,460,460,460,460,460,460,460,264,0,190,238.6931818181818,31,4340,1713.0
1637164871,1,GET,/public/,0.400000,0.000000,470,470,670,670,670,670,670,670,670,670,670,265,0,250,294.9584905660377,78,940,10215.901886792453
1637164871,1,,Aggregated,2.300000,0.000000,410,460,470,530,670,1500,1500,1500,1500,1500,1500,1511,0,230,293.0284579748511,10,4340,5579.099272005295
1637164872,1,GET,/,0.300000,0.000000,330,330,470,470,470,470,470,470,470,470,470,309,0,250,325.59223300970876,79,3450,10325.430420711975
1637164872,1,POST,/,0.000000,0.000000,0,0,0,0,0,0,0,0,0,0,0,44,0,530,557.9545454545455,184,1560,10096.477272727272
1637164872,1,GET,/auth/find-friends/,0.800000,0.000000,270,330,370,530,610,610,610,610,610,610,610,531,0,200,242.59887005649716,24,3952,1974.0
1637164872,1,GET,/auth/login/,0.000000,0.000000,0,0,0,0,0,0,0,0,0,0,0,1,0,208,208.0,208,208,2961.0
1637164872,1,POST,/auth/login/,0.100000,0.000000,1500,1500,1500,1500,1500,1500,1500,1500,1500,1500,1500,50,0,710,725.14,114,2490,10258.2
1637164872,1,GET,/auth/logout/,0.100000,0.000000,230,230,230,230,230,230,230,230,230,230,230,49,0,170,238.12244897959184,10,2509,1712.0
1637164872,1,POST,/auth/modify-friend/,0.400000,0.000000,420,420,460,460,460,460,460,460,460,460,460,265,0,200,238.68301886792452,31,4340,1713.0
1637164872,1,GET,/public/,0.400000,0.000000,470,470,670,670,670,670,670,670,670,670,670,266,0,250,295.109022556391,78,940,10214.913533834586
1637164872,1,,Aggregated,2.100000,0.000000,330,420,470,530,670,1500,1500,1500,1500,1500,1500,1515,0,230,292.9775577557756,10,4340,5580.110891089109
1637164873,1,GET,/,0.300000,0.000000,330,330,470,470,470,470,470,470,470,470,470,309,0,250,325.59223300970876,79,3450,10325.430420711975
1637164873,1,POST,/,0.000000,0.000000,0,0,0,0,0,0,0,0,0,0,0,44,0,530,557.9545454545455,184,1560,10096.477272727272
1637164873,1,GET,/auth/find-friends/,0.800000,0.000000,290,330,530,530,610,610,610,610,610,610,610,532,0,200,242.68233082706766,24,3952,1974.0
1637164873,1,GET,/auth/login/,0.000000,0.000000,0,0,0,0,0,0,0,0,0,0,0,1,0,208,208.0,208,208,2961.0
1637164873,1,POST,/auth/login/,0.100000,0.000000,1500,1500,1500,1500,1500,1500,1500,1500,1500,1500,1500,50,0,710,725.14,114,2490,10258.2
1637164873,1,GET,/auth/logout/,0.100000,0.000000,230,230,230,230,230,230,230,230,230,230,230,49,0,170,238.12244897959184,10,2509,1712.0
1637164873,1,POST,/auth/modify-friend/,0.400000,0.000000,400,400,420,420,420,420,420,420,420,420,420,266,0,200,239.30827067669173,31,4340,1713.0
1637164873,1,GET,/public/,0.400000,0.000000,470,470,670,670,670,670,670,670,670,670,670,266,0,250,295.109022556391,78,940,10214.913533834586
1637164873,1,,Aggregated,2.100000,0.000000,330,400,470,530,670,1500,1500,1500,1500,1500,1500,1517,0,230,293.0474620962426,10,4340,5575.184574818722
1637164874,1,GET,/,0.300000,0.000000,470,470,1400,1400,1400,1400,1400,1400,1400,1400,1400,310,0,250,329.03548387096777,79,3450,10326.670967741935
1637164874,1,POST,/,0.000000,0.000000,0,0,0,0,0,0,0,0,0,0,0,44,0,530,557.9545454545455,184,1560,10096.477272727272
1637164874,1,GET,/auth/find-friends/,0.800000,0.000000,290,330,530,530,610,610,610,610,610,610,610,532,0,200,242.68233082706766,24,3952,1974.0
1637164874,1,GET,/auth/login/,0.000000,0.000000,0,0,0,0,0,0,0,0,0,0,0,1,0,208,208.0,208,208,2961.0
1637164874,1,POST,/auth/login/,0.100000,0.000000,1500,1500,1500,1500,1500,1500,1500,1500,1500,1500,1500,50,0,710,725.14,114,2490,10258.2
1637164874,1,GET,/auth/logout/,0.100000,0.000000,230,230,230,230,230,230,230,230,230,230,230,49,0,170,238.12244897959184,10,2509,1712.0
1637164874,1,POST,/auth/modify-friend/,0.400000,0.000000,400,400,420,420,420,420,420,420,420,420,420,266,0,200,239.30827067669173,31,4340,1713.0
1637164874,1,GET,/public/,0.400000,0.000000,470,470,670,670,670,670,670,670,670,670,670,266,0,250,295.109022556391,78,940,10214.913533834586
1637164874,1,,Aggregated,2.100000,0.000000,330,400,470,530,1400,1500,1500,1500,1500,1500,1500,1518,0,230,293.77206851119894,10,4340,5578.567193675889
1637164875,1,GET,/,0.300000,0.000000,470,470,1400,1400,1400,1400,1400,1400,1400,1400,1400,310,0,250,329.03548387096777,79,3450,10326.670967741935
1637164875,1,POST,/,0.000000,0.000000,0,0,0,0,0,0,0,0,0,0,0,44,0,530,557.9545454545455,184,1560,10096.477272727272
1637164875,1,GET,/auth/find-friends/,0.800000,0.000000,290,330,340,530,610,610,610,610,610,610,610,534,0,210,242.94569288389513,24,3952,1974.0
1637164875,1,GET,/auth/login/,0.000000,0.000000,0,0,0,0,0,0,0,0,0,0,0,1,0,208,208.0,208,208,2961.0
1637164875,1,POST,/auth/login/,0.100000,0.000000,1500,1500,1500,1500,1500,1500,1500,1500,1500,1500,1500,50,0,710,725.14,114,2490,10258.2
1637164875,1,GET,/auth/logout/,0.100000,0.000000,230,230,230,230,230,230,230,230,230,230,230,49,0,170,238.12244897959184,10,2509,1712.0
1637164875,1,POST,/auth/modify-friend/,0.400000,0.000000,400,400,420,420,420,420,420,420,420,420,420,266,0,200,239.30827067669173,31,4340,1713.0
1637164875,1,GET,/public/,0.400000,0.000000,470,470,670,670,670,670,670,670,670,670,670,267,0,250,295.2584269662921,78,940,10216.05243445693
1637164875,1,,Aggregated,2.100000,0.000000,330,340,420,470,670,1400,1500,1500,1500,1500,1500,1521,0,230,293.82445759368835,10,4340,5577.0756081525315
1637164876,1,GET,/,0.200000,0.000000,330,350,350,1400,1400,1400,1400,1400,1400,1400,1400,312,0,250,328.59935897435895,79,3450,10329.461538461539
1637164876,1,POST,/,0.000000,0.000000,0,0,0,0,0,0,0,0,0,0,0,44,0,530,557.9545454545455,184,1560,10096.477272727272
1637164876,1,GET,/auth/find-friends/,0.800000,0.000000,290,290,340,340,530,530,530,530,530,530,530,534,0,210,242.94569288389513,24,3952,1974.0
1637164876,1,GET,/auth/login/,0.000000,0.000000,0,0,0,0,0,0,0,0,0,0,0,1,0,208,208.0,208,208,2961.0
1637164876,1,POST,/auth/login/,0.100000,0.000000,1500,1500,1500,1500,1500,1500,1500,1500,1500,1500,1500,50,0,710,725.14,114,2490,10258.2
1637164876,1,GET,/auth/logout/,0.100000,0.000000,230,230,230,230,230,230,230,230,230,230,230,49,0,170,238.12244897959184,10,2509,1712.0
1637164876,1,POST,/auth/modify-friend/,0.400000,0.000000,380,400,400,420,420,420,420,420,420,420,420,267,0,200,239.8314606741573,31,4340,1713.0
1637164876,1,GET,/public/,0.300000,0.000000,470,470,670,670,670,670,670,670,670,670,670,267,0,250,295.2584269662921,78,940,10216.05243445693
1637164876,1,,Aggregated,1.900000,0.000000,340,350,400,470,670,1400,1500,1500,1500,1500,1500,1524,0,230,293.83727034120733,10,4340,5581.344488188976
1637164877,1,GET,/,0.200000,0.000000,350,350,370,370,1400,1400,1400,1400,1400,1400,1400,313,0,250,328.741214057508,79,3450,10329.277955271566
1637164877,1,POST,/,0.000000,0.000000,570,570,570,570,570,570,570,570,570,570,570,45,0,540,558.2444444444444,184,1560,10102.533333333333
1637164877,1,GET,/auth/find-friends/,0.800000,0.000000,290,290,340,340,530,530,530,530,530,530,530,534,0,210,242.94569288389513,24,3952,1974.0
1637164877,1,GET,/auth/login/,0.000000,0.000000,0,0,0,0,0,0,0,0,0,0,0,1,0,208,208.0,208,208,2961.0
1637164877,1,POST,/auth/login/,0.100000,0.000000,1500,1500,1500,1500,1500,1500,1500,1500,1500,1500,1500,50,0,710,725.14,114,2490,10258.2
1637164877,1,GET,/auth/logout/,0.100000,0.000000,230,230,230,230,230,230,230,230,230,230,230,49,0,170,238.12244897959184,10,2509,1712.0
1637164877,1,POST,/auth/modify-friend/,0.400000,0.000000,380,380,400,400,400,400,400,400,400,400,400,267,0,200,239.8314606741573,31,4340,1713.0
1637164877,1,GET,/public/,0.300000,0.000000,470,470,670,670,670,670,670,670,670,670,670,267,0,250,295.2584269662921,78,940,10216.05243445693
1637164877,1,,Aggregated,1.900000,0.000000,340,370,400,470,570,670,1400,1400,1400,1400,1400,1526,0,230,294.0707732634338,10,4340,5587.5557011795545
1637164878,1,GET,/,0.300000,0.000000,350,350,370,370,1400,1400,1400,1400,1400,1400,1400,313,0,250,328.741214057508,79,3450,10329.277955271566
1637164878,1,POST,/,0.000000,0.000000,570,570,570,570,570,570,570,570,570,570,570,45,0,540,558.2444444444444,184,1560,10102.533333333333
1637164878,1,GET,/auth/find-friends/,0.700000,0.000000,290,290,340,340,530,530,530,530,530,530,530,534,0,210,242.94569288389513,24,3952,1974.0
1637164878,1,GET,/auth/login/,0.000000,0.000000,0,0,0,0,0,0,0,0,0,0,0,1,0,208,208.0,208,208,2961.0
1637164878,1,POST,/auth/login/,0.100000,0.000000,1500,1500,1500,1500,1500,1500,1500,1500,1500,1500,1500,50,0,710,725.14,114,2490,10258.2
1637164878,1,GET,/auth/logout/,0.100000,0.000000,290,290,290,290,290,290,290,290,290,290,290,50,0,170,239.08,10,2509,1712.0
1637164878,1,POST,/auth/modify-friend/,0.400000,0.000000,380,380,400,400,400,400,400,400,400,400,400,267,0,200,239.8314606741573,31,4340,1713.0
1637164878,1,GET,/public/,0.400000,0.000000,470,470,670,670,670,670,670,670,670,670,670,267,0,250,295.2584269662921,78,940,10216.05243445693
1637164878,1,,Aggregated,2.000000,0.000000,330,350,380,400,530,570,1400,1400,1400,1400,1400,1527,0,230,294.06548788474134,10,4340,5585.01768172888
1637164879,1,GET,/,0.400000,0.000000,350,350,370,370,1400,1400,1400,1400,1400,1400,1400,313,0,250,328.741214057508,79,3450,10329.277955271566
1637164879,1,POST,/,0.000000,0.000000,570,570,570,570,570,570,570,570,570,570,570,45,0,540,558.2444444444444,184,1560,10102.533333333333
1637164879,1,GET,/auth/find-friends/,0.800000,0.000000,290,290,290,290,340,340,340,340,340,340,340,534,0,210,242.94569288389513,24,3952,1974.0
1637164879,1,GET,/auth/login/,0.000000,0.000000,0,0,0,0,0,0,0,0,0,0,0,1,0,208,208.0,208,208,2961.0
1637164879,1,POST,/auth/login/,0.100000,0.000000,1500,1500,1500,1500,1500,1500,1500,1500,1500,1500,1500,51,0,720,725.0392156862745,114,2490,10256.411764705883
1637164879,1,GET,/auth/logout/,0.000000,0.000000,290,290,290,290,290,290,290,290,290,290,290,50,0,170,239.08,10,2509,1712.0
1637164879,1,POST,/auth/modify-friend/,0.400000,0.000000,380,380,400,400,400,400,400,400,400,400,400,267,0,200,239.8314606741573,31,4340,1713.0
1637164879,1,GET,/public/,0.400000,0.000000,340,340,470,470,470,470,470,470,470,470,470,267,0,250,295.2584269662921,78,940,10216.05243445693
1637164879,1,,Aggregated,2.100000,0.000000,340,370,400,470,720,1400,1400,1400,1400,1400,1400,1528,0,230,294.34424083769636,10,4340,5588.016361256545
1637164880,1,GET,/,0.600000,0.000000,370,370,860,860,1400,1400,1400,1400,1400,1400,1400,314,0,250,330.4299363057325,79,3450,10329.035031847134
1637164880,1,POST,/,0.100000,0.000000,570,570,570,570,570,570,570,570,570,570,570,45,0,540,558.2444444444444,184,1560,10102.533333333333
1637164880,1,GET,/auth/find-friends/,0.800000,0.000000,290,290,290,290,340,340,340,340,340,340,340,534,0,210,242.94569288389513,24,3952,1974.0
1637164880,1,GET,/auth/login/,0.000000,0.000000,0,0,0,0,0,0,0,0,0,0,0,1,0,208,208.0,208,208,2961.0
1637164880,1,POST,/auth/login/,0.100000,0.000000,1500,1500,1500,1500,1500,1500,1500,1500,1500,1500,1500,51,0,720,725.0392156862745,114,2490,10256.411764705883
1637164880,1,GET,/auth/logout/,0.000000,0.000000,290,290,290,290,290,290,290,290,290,290,290,50,0,170,239.08,10,2509,1712.0
1637164880,1,POST,/auth/modify-friend/,0.400000,0.000000,380,380,400,400,400,400,400,400,400,400,400,267,0,200,239.8314606741573,31,4340,1713.0
1637164880,1,GET,/public/,0.400000,0.000000,340,340,340,340,340,340,340,340,340,340,340,267,0,250,295.2584269662921,78,940,10216.05243445693
1637164880,1,,Aggregated,2.400000,0.000000,340,370,400,570,860,1400,1400,1400,1400,1400,1400,1529,0,230,294.7135382603008,10,4340,5591.067364290386
1637164881,1,GET,/,0.600000,0.000000,370,560,860,860,1400,1400,1400,1400,1400,1400,1400,315,0,250,331.1714285714286,79,3450,10328.507936507936
1637164881,1,POST,/,0.100000,0.000000,570,570,570,570,570,570,570,570,570,570,570,45,0,540,558.2444444444444,184,1560,10102.533333333333
1637164881,1,GET,/auth/find-friends/,0.800000,0.000000,290,290,340,340,340,340,340,340,340,340,340,534,0,210,242.94569288389513,24,3952,1974.0
1637164881,1,GET,/auth/login/,0.000000,0.000000,0,0,0,0,0,0,0,0,0,0,0,1,0,208,208.0,208,208,2961.0
1637164881,1,POST,/auth/login/,0.000000,0.000000,1500,1500,1500,1500,1500,1500,1500,1500,1500,1500,1500,51,0,720,725.0392156862745,114,2490,10256.411764705883
1637164881,1,GET,/auth/logout/,0.100000,0.000000,290,290,290,290,290,290,290,290,290,290,290,51,0,190,239.0392156862745,10,2509,1712.0
1637164881,1,POST,/auth/modify-friend/,0.400000,0.000000,400,400,400,400,400,400,400,400,400,400,400,267,0,200,239.8314606741573,31,4340,1713.0
1637164881,1,GET,/public/,0.400000,0.000000,340,340,340,340,340,340,340,340,340,340,340,267,0,250,295.2584269662921,78,940,10216.05243445693
1637164881,1,,Aggregated,2.400000,0.000000,350,400,560,570,860,1400,1400,1400,1400,1400,1400,1531,0,230,294.85173089484,10,4340,5591.519921619856
1637164882,1,GET,/,0.600000,0.000000,560,560,860,860,1400,1400,1400,1400,1400,1400,1400,315,0,250,331.1714285714286,79,3450,10328.507936507936
1637164882,1,POST,/,0.100000,0.000000,570,570,570,570,570,570,570,570,570,570,570,45,0,540,558.2444444444444,184,1560,10102.533333333333
1637164882,1,GET,/auth/find-friends/,0.800000,0.000000,290,290,340,340,340,340,340,340,340,340,340,534,0,210,242.94569288389513,24,3952,1974.0
1637164882,1,GET,/auth/login/,0.000000,0.000000,0,0,0,0,0,0,0,0,0,0,0,1,0,208,208.0,208,208,2961.0
1637164882,1,POST,/auth/login/,0.000000,0.000000,720,720,720,720,720,720,720,720,720,720,720,51,0,720,725.0392156862745,114,2490,10256.411764705883
1637164882,1,GET,/auth/logout/,0.100000,0.000000,290,290,290,290,290,290,290,290,290,290,290,51,0,190,239.0392156862745,10,2509,1712.0
1637164882,1,POST,/auth/modify-friend/,0.400000,0.000000,400,400,400,400,400,400,400,400,400,400,400,267,0,200,239.8314606741573,31,4340,1713.0
1637164882,1,GET,/public/,0.400000,0.000000,340,340,340,340,340,340,340,340,340,340,340,267,0,250,295.2584269662921,78,940,10216.05243445693
1637164882,1,,Aggregated,2.400000,0.000000,350,400,560,570,860,1400,1400,1400,1400,1400,1400,1531,0,230,294.85173089484,10,4340,5591.519921619856
1637164883,1,GET,/,0.700000,0.000000,560,560,860,860,1400,1400,1400,1400,1400,1400,1400,315,0,250,331.1714285714286,79,3450,10328.507936507936
1637164883,1,POST,/,0.100000,0.000000,570,570,570,570,570,570,570,570,570,570,570,45,0,540,558.2444444444444,184,1560,10102.533333333333
1637164883,1,GET,/auth/find-friends/,0.400000,0.000000,340,340,340,340,340,340,340,340,340,340,340,534,0,210,242.94569288389513,24,3952,1974.0
1637164883,1,GET,/auth/login/,0.000000,0.000000,0,0,0,0,0,0,0,0,0,0,0,1,0,208,208.0,208,208,2961.0
1637164883,1,POST,/auth/login/,0.100000,0.000000,820,820,820,820,820,820,820,820,820,820,820,52,0,720,726.8461538461538,114,2490,10258.653846153846
1637164883,1,GET,/auth/logout/,0.200000,0.000000,290,290,290,290,290,290,290,290,290,290,290,51,0,190,239.0392156862745,10,2509,1712.0
1637164883,1,POST,/auth/modify-friend/,0.300000,0.000000,380,380,380,380,380,380,380,380,380,380,380,267,0,200,239.8314606741573,31,4340,1713.0
1637164883,1,GET,/public/,0.200000,0.000000,650,650,650,650,650,650,650,650,650,650,650,268,0,250,296.59328358208955,78,940,10216.212686567163
1637164883,1,,Aggregated,2.000000,0.000000,380,570,720,720,860,1400,1400,1400,1400,1400,1400,1533,0,230,295.4272667971298,10,4340,5597.683626875408
1637164884,1,GET,/,0.600000,0.000000,370,370,560,560,860,860,860,860,860,860,860,316,0,250,331.13291139240505,79,3450,10328.610759493671
1637164884,1,POST,/,0.100000,0.000000,570,570,570,570,570,570,570,570,570,570,570,45,0,540,558.2444444444444,184,1560,10102.533333333333
1637164884,1,GET,/auth/find-friends/,0.400000,0.000000,340,340,360,360,360,360,360,360,360,360,360,536,0,210,243.080223880597,24,3952,1974.0
1637164884,1,GET,/auth/login/,0.000000,0.000000,0,0,0,0,0,0,0,0,0,0,0,1,0,208,208.0,208,208,2961.0
1637164884,1,POST,/auth/login/,0.100000,0.000000,820,820,820,820,820,820,820,820,820,820,820,52,0,720,726.8461538461538,114,2490,10258.653846153846
1637164884,1,GET,/auth/logout/,0.200000,0.000000,290,290,290,290,290,290,290,290,290,290,290,51,0,190,239.0392156862745,10,2509,1712.0
1637164884,1,POST,/auth/modify-friend/,0.200000,0.000000,380,380,380,380,380,380,380,380,380,380,380,268,0,200,239.73880597014926,31,4340,1713.0
1637164884,1,GET,/public/,0.100000,0.000000,650,650,650,650,650,650,650,650,650,650,650,268,0,250,296.59328358208955,78,940,10216.212686567163
1637164884,1,,Aggregated,1.700000,0.000000,360,560,570,650,820,860,860,860,860,860,860,1537,0,230,295.36890045543265,10,4340,5593.540013012362
1637164885,1,GET,/,0.600000,0.000000,370,560,560,860,860,860,860,860,860,860,860,316,0,250,331.13291139240505,79,3450,10328.610759493671
1637164885,1,POST,/,0.100000,0.000000,570,570,570,570,570,570,570,570,570,570,570,45,0,540,558.2444444444444,184,1560,10102.533333333333
1637164885,1,GET,/auth/find-friends/,0.200000,0.000000,200,340,340,360,360,360,360,360,360,360,360,538,0,200,242.82342007434943,24,3952,1974.0
1637164885,1,GET,/auth/login/,0.000000,0.000000,0,0,0,0,0,0,0,0,0,0,0,1,0,208,208.0,208,208,2961.0
1637164885,1,POST,/auth/login/,0.200000,0.000000,820,820,820,820,820,820,820,820,820,820,820,52,0,720,726.8461538461538,114,2490,10258.653846153846
1637164885,1,GET,/auth/logout/,0.200000,0.000000,290,290,290,290,290,290,290,290,290,290,290,51,0,190,239.0392156862745,10,2509,1712.0
1637164885,1,POST,/auth/modify-friend/,0.100000,0.000000,310,310,380,380,380,380,380,380,380,380,380,269,0,200,239.98513011152417,31,4340,1713.0
1637164885,1,GET,/public/,0.100000,0.000000,460,460,650,650,650,650,650,650,650,650,650,269,0,250,297.182156133829,78,940,10215.82527881041
1637164885,1,,Aggregated,1.500000,0.000000,360,460,570,650,820,860,860,860,860,860,860,1541,0,230,295.3218689162881,10,4340,5589.2563270603505
1637164886,1,GET,/,0.600000,0.000000,320,370,560,560,860,860,860,860,860,860,860,318,0,260,330.9496855345912,79,3450,10329.955974842767
1637164886,1,POST,/,0.100000,0.000000,570,570,570,570,570,570,570,570,570,570,570,45,0,540,558.2444444444444,184,1560,10102.533333333333
1637164886,1,GET,/auth/find-friends/,0.400000,0.000000,200,340,340,360,360,360,360,360,360,360,360,538,0,200,242.82342007434943,24,3952,1974.0
1637164886,1,GET,/auth/login/,0.000000,0.000000,0,0,0,0,0,0,0,0,0,0,0,1,0,208,208.0,208,208,2961.0
1637164886,1,POST,/auth/login/,0.200000,0.000000,820,820,820,820,820,820,820,820,820,820,820,52,0,720,726.8461538461538,114,2490,10258.653846153846
1637164886,1,GET,/auth/logout/,0.200000,0.000000,290,290,290,290,290,290,290,290,290,290,290,51,0,190,239.0392156862745,10,2509,1712.0
1637164886,1,POST,/auth/modify-friend/,0.200000,0.000000,310,310,380,380,380,380,380,380,380,380,380,269,0,200,239.98513011152417,31,4340,1713.0
1637164886,1,GET,/public/,0.200000,0.000000,460,460,650,650,650,650,650,650,650,650,650,270,0,250,297.22962962962964,78,940,10216.725925925926
1637164886,1,,Aggregated,1.900000,0.000000,310,360,560,650,820,860,860,860,860,860,860,1544,0,230,295.3400259067358,10,4340,5598.826424870466
1637164887,1,GET,/,0.600000,0.000000,320,320,560,560,860,860,860,860,860,860,860,319,0,260,330.7460815047022,79,3450,10331.040752351097
1637164887,1,POST,/,0.100000,0.000000,570,570,570,570,570,570,570,570,570,570,570,45,0,540,558.2444444444444,184,1560,10102.533333333333
1637164887,1,GET,/auth/find-friends/,0.400000,0.000000,200,310,340,340,360,360,360,360,360,360,360,540,0,200,242.80925925925925,24,3952,1974.0
1637164887,1,GET,/auth/login/,0.000000,0.000000,0,0,0,0,0,0,0,0,0,0,0,1,0,208,208.0,208,208,2961.0
1637164887,1,POST,/auth/login/,0.200000,0.000000,820,820,820,820,820,820,820,820,820,820,820,52,0,720,726.8461538461538,114,2490,10258.653846153846
1637164887,1,GET,/auth/logout/,0.200000,0.000000,290,290,290,290,290,290,290,290,290,290,290,51,0,190,239.0392156862745,10,2509,1712.0
1637164887,1,POST,/auth/modify-friend/,0.200000,0.000000,310,310,380,380,380,380,380,380,380,380,380,270,0,200,239.9185185185185,31,4340,1713.0
1637164887,1,GET,/public/,0.200000,0.000000,460,460,650,650,650,650,650,650,650,650,650,270,0,250,297.22962962962964,78,940,10216.725925925926
1637164887,1,,Aggregated,1.900000,0.000000,310,320,460,560,720,820,860,860,860,860,860,1548,0,230,295.20090439276487,10,4340,5594.912790697675
1637164888,1,GET,/,0.600000,0.000000,320,500,560,560,860,860,860,860,860,860,860,320,0,260,331.28125,79,3450,10332.48125
1637164888,1,POST,/,0.100000,0.000000,570,570,570,570,570,570,570,570,570,570,570,45,0,540,558.2444444444444,184,1560,10102.533333333333
1637164888,1,GET,/auth/find-friends/,0.400000,0.000000,200,310,340,340,360,360,360,360,360,360,360,540,0,200,242.80925925925925,24,3952,1974.0
1637164888,1,GET,/auth/login/,0.000000,0.000000,0,0,0,0,0,0,0,0,0,0,0,1,0,208,208.0,208,208,2961.0
1637164888,1,POST,/auth/login/,0.200000,0.000000,820,820,820,820,820,820,820,820,820,820,820,52,0,720,726.8461538461538,114,2490,10258.653846153846
1637164888,1,GET,/auth/logout/,0.200000,0.000000,240,240,240,240,240,240,240,240,240,240,240,52,0,190,238.05769230769232,10,2509,1712.0
1637164888,1,POST,/auth/modify-friend/,0.200000,0.000000,310,310,380,380,380,380,380,380,380,380,380,270,0,200,239.9185185185185,31,4340,1713.0
1637164888,1,GET,/public/,0.200000,0.000000,460,460,650,650,650,650,650,650,650,650,650,270,0,250,297.22962962962964,78,940,10216.725925925926
1637164888,1,,Aggregated,1.900000,0.000000,310,320,460,500,650,820,860,860,860,860,860,1550,0,230,295.26516129032257,10,4340,5595.76064516129
1637164889,1,GET,/,0.600000,0.000000,320,320,500,500,560,560,560,560,560,560,560,320,0,260,331.28125,79,3450,10332.48125
1637164889,1,POST,/,0.100000,0.000000,570,570,570,570,570,570,570,570,570,570,570,45,0,540,558.2444444444444,184,1560,10102.533333333333
1637164889,1,GET,/auth/find-friends/,0.400000,0.000000,200,200,310,310,360,360,360,360,360,360,360,540,0,200,242.80925925925925,24,3952,1974.0
1637164889,1,GET,/auth/login/,0.000000,0.000000,0,0,0,0,0,0,0,0,0,0,0,1,0,208,208.0,208,208,2961.0
1637164889,1,POST,/auth/login/,0.200000,0.000000,820,820,820,820,820,820,820,820,820,820,820,52,0,720,726.8461538461538,114,2490,10258.653846153846
1637164889,1,GET,/auth/logout/,0.200000,0.000000,240,240,240,240,240,240,240,240,240,240,240,52,0,190,238.05769230769232,10,2509,1712.0
1637164889,1,POST,/auth/modify-friend/,0.200000,0.000000,220,220,310,310,310,310,310,310,310,310,310,270,0,200,239.9185185185185,31,4340,1713.0
1637164889,1,GET,/public/,0.200000,0.000000,460,460,650,650,650,650,650,650,650,650,650,270,0,250,297.22962962962964,78,940,10216.725925925926
1637164889,1,,Aggregated,1.900000,0.000000,310,310,360,460,560,650,820,820,820,820,820,1550,0,230,295.26516129032257,10,4340,5595.76064516129
1637164890,1,GET,/,0.700000,0.000000,320,320,500,500,560,560,560,560,560,560,560,320,0,260,331.28125,79,3450,10332.48125
1637164890,1,POST,/,0.000000,0.000000,570,570,570,570,570,570,570,570,570,570,570,45,0,540,558.2444444444444,184,1560,10102.533333333333
1637164890,1,GET,/auth/find-friends/,0.600000,0.000000,200,200,310,310,360,360,360,360,360,360,360,540,0,200,242.80925925925925,24,3952,1974.0
1637164890,1,GET,/auth/login/,0.000000,0.000000,0,0,0,0,0,0,0,0,0,0,0,1,0,208,208.0,208,208,2961.0
1637164890,1,POST,/auth/login/,0.200000,0.000000,1100,1100,1100,1100,1100,1100,1100,1100,1100,1100,1100,53,0,740,733.566037735849,114,2490,10264.358490566037
1637164890,1,GET,/auth/logout/,0.200000,0.000000,240,240,240,240,240,240,240,240,240,240,240,52,0,190,238.05769230769232,10,2509,1712.0
1637164890,1,POST,/auth/modify-friend/,0.300000,0.000000,220,220,310,310,310,310,310,310,310,310,310,270,0,200,239.9185185185185,31,4340,1713.0
1637164890,1,GET,/public/,0.300000,0.000000,460,460,650,650,650,650,650,650,650,650,650,270,0,250,297.22962962962964,78,940,10216.725925925926
1637164890,1,,Aggregated,2.300000,0.000000,310,320,460,500,650,820,1100,1100,1100,1100,1100,1551,0,230,295.7730496453901,10,4340,5598.96196002579
1637164891,1,GET,/,0.700000,0.000000,320,320,500,500,560,560,560,560,560,560,560,320,0,260,331.28125,79,3450,10332.48125
1637164891,1,POST,/,0.000000,0.000000,570,570,570,570,570,570,570,570,570,570,570,45,0,540,558.2444444444444,184,1560,10102.533333333333
1637164891,1,GET,/auth/find-friends/,0.600000,0.000000,200,200,310,310,360,360,360,360,360,360,360,540,0,200,242.80925925925925,24,3952,1974.0
1637164891,1,GET,/auth/login/,0.000000,0.000000,0,0,0,0,0,0,0,0,0,0,0,1,0,208,208.0,208,208,2961.0
1637164891,1,POST,/auth/login/,0.200000,0.000000,1100,1100,1100,1100,1100,1100,1100,1100,1100,1100,1100,53,0,740,733.566037735849,114,2490,10264.358490566037
1637164891,1,GET,/auth/logout/,0.200000,0.000000,240,240,740,740,740,740,740,740,740,740,740,53,0,190,247.62264150943398,10,2509,1712.0
1637164891,1,POST,/auth/modify-friend/,0.300000,0.000000,220,220,310,310,310,310,310,310,310,310,310,270,0,200,239.9185185185185,31,4340,1713.0
1637164891,1,GET,/public/,0.300000,0.000000,460,460,650,650,650,650,650,650,650,650,650,270,0,250,297.22962962962964,78,940,10216.725925925926
1637164891,1,,Aggregated,2.300000,0.000000,310,320,460,500,740,820,1100,1100,1100,1100,1100,1552,0,230,296.0625,10,4340,5596.457474226804
1637164892,1,GET,/,0.600000,0.000000,310,320,320,500,500,500,500,500,500,500,500,320,0,260,331.28125,79,3450,10332.48125
1637164892,1,POST,/,0.000000,0.000000,570,570,570,570,570,570,570,570,570,570,570,45,0,540,558.2444444444444,184,1560,10102.533333333333
1637164892,1,GET,/auth/find-friends/,0.600000,0.000000,200,200,310,310,360,360,360,360,360,360,360,540,0,200,242.80925925925925,24,3952,1974.0
1637164892,1,GET,/auth/login/,0.000000,0.000000,0,0,0,0,0,0,0,0,0,0,0,1,0,208,208.0,208,208,2961.0
1637164892,1,POST,/auth/login/,0.100000,0.000000,820,820,1100,1100,1100,1100,1100,1100,1100,1100,1100,54,0,740,734.9814814814815,114,2490,10265.425925925925
1637164892,1,GET,/auth/logout/,0.200000,0.000000,240,240,740,740,740,740,740,740,740,740,740,53,0,190,247.62264150943398,10,2509,1712.0
1637164892,1,POST,/auth/modify-friend/,0.300000,0.000000,220,220,310,310,310,310,310,310,310,310,310,270,0,200,239.9185185185185,31,4340,1713.0
1637164892,1,GET,/public/,0.300000,0.000000,460,460,650,650,650,650,650,650,650,650,650,270,0,250,297.22962962962964,78,940,10216.725925925926
1637164892,1,,Aggregated,2.100000,0.000000,310,320,460,500,740,810,1100,1100,1100,1100,1100,1553,0,230,296.39343206696714,10,4340,5599.500321957502
1637164893,1,GET,/,0.500000,0.000000,320,320,340,340,500,500,500,500,500,500,500,321,0,260,331.3021806853583,79,3450,10332.529595015576
1637164893,1,POST,/,0.000000,0.000000,700,700,700,700,700,700,700,700,700,700,700,46,0,540,561.3260869565217,184,1560,10110.565217391304
1637164893,1,GET,/auth/find-friends/,0.600000,0.000000,190,190,310,310,310,310,310,310,310,310,310,540,0,200,242.80925925925925,24,3952,1974.0
1637164893,1,GET,/auth/login/,0.000000,0.000000,0,0,0,0,0,0,0,0,0,0,0,1,0,208,208.0,208,208,2961.0
1637164893,1,POST,/auth/login/,0.200000,0.000000,820,820,1100,1100,1100,1100,1100,1100,1100,1100,1100,54,0,740,734.9814814814815,114,2490,10265.425925925925
1637164893,1,GET,/auth/logout/,0.200000,0.000000,740,740,740,740,740,740,740,740,740,740,740,53,0,190,247.62264150943398,10,2509,1712.0
1637164893,1,POST,/auth/modify-friend/,0.300000,0.000000,220,220,310,310,310,310,310,310,310,310,310,270,0,200,239.9185185185185,31,4340,1713.0
1637164893,1,GET,/public/,0.300000,0.000000,460,460,460,460,460,460,460,460,460,460,460,270,0,250,297.22962962962964,78,940,10216.725925925926
1637164893,1,,Aggregated,2.100000,0.000000,310,340,500,700,810,1100,1100,1100,1100,1100,1100,1555,0,230,296.6797427652733,10,4340,5605.6874598070735
1637164894,1,GET,/,0.500000,0.000000,310,340,340,500,500,500,500,500,500,500,500,321,0,260,331.3021806853583,79,3450,10332.529595015576
1637164894,1,POST,/,0.000000,0.000000,700,700,700,700,700,700,700,700,700,700,700,46,0,540,561.3260869565217,184,1560,10110.565217391304
1637164894,1,GET,/auth/find-friends/,0.600000,0.000000,190,310,310,420,420,420,420,420,420,420,420,542,0,200,242.93357933579335,24,3952,1974.0
1637164894,1,GET,/auth/login/,0.000000,0.000000,0,0,0,0,0,0,0,0,0,0,0,1,0,208,208.0,208,208,2961.0
1637164894,1,POST,/auth/login/,0.200000,0.000000,820,820,1100,1100,1100,1100,1100,1100,1100,1100,1100,54,0,740,734.9814814814815,114,2490,10265.425925925925
1637164894,1,GET,/auth/logout/,0.200000,0.000000,740,740,740,740,740,740,740,740,740,740,740,53,0,190,247.62264150943398,10,2509,1712.0
1637164894,1,POST,/auth/modify-friend/,0.300000,0.000000,310,310,310,310,310,310,310,310,310,310,310,270,0,200,239.9185185185185,31,4340,1713.0
1637164894,1,GET,/public/,0.300000,0.000000,460,460,480,480,480,480,480,480,480,480,480,271,0,250,297.9077490774908,78,940,10216.819188191881
1637164894,1,,Aggregated,2.100000,0.000000,310,420,500,700,810,1100,1100,1100,1100,1100,1100,1558,0,230,296.7721437740693,10,4340,5604.001283697047
1637164895,1,GET,/,0.600000,0.000000,290,310,340,340,500,500,500,500,500,500,500,323,0,260,330.5510835913313,79,3450,10333.783281733746
1637164895,1,POST,/,0.000000,0.000000,700,700,700,700,700,700,700,700,700,700,700,46,0,540,561.3260869565217,184,1560,10110.565217391304
1637164895,1,GET,/auth/find-friends/,0.600000,0.000000,310,310,420,420,420,420,420,420,420,420,420,542,0,200,242.93357933579335,24,3952,1974.0
1637164895,1,GET,/auth/login/,0.000000,0.000000,0,0,0,0,0,0,0,0,0,0,0,1,0,208,208.0,208,208,2961.0
1637164895,1,POST,/auth/login/,0.200000,0.000000,820,820,1100,1100,1100,1100,1100,1100,1100,1100,1100,54,0,740,734.9814814814815,114,2490,10265.425925925925
1637164895,1,GET,/auth/logout/,0.200000,0.000000,740,740,740,740,740,740,740,740,740,740,740,53,0,190,247.62264150943398,10,2509,1712.0
1637164895,1,POST,/auth/modify-friend/,0.300000,0.000000,230,230,230,230,230,230,230,230,230,230,230,271,0,200,239.88560885608857,31,4340,1713.0
1637164895,1,GET,/public/,0.300000,0.000000,310,310,480,480,480,480,480,480,480,480,480,272,0,250,297.56985294117646,78,940,10217.441176470587
1637164895,1,,Aggregated,2.200000,0.000000,310,420,500,700,810,1100,1100,1100,1100,1100,1100,1562,0,230,296.5608194622279,10,4340,5610.885403329065
1637164896,1,GET,/,0.600000,0.000000,340,340,340,340,500,500,500,500,500,500,500,324,0,260,330.570987654321,79,3450,10334.503086419752
1637164896,1,POST,/,0.100000,0.000000,700,700,700,700,700,700,700,700,700,700,700,46,0,540,561.3260869565217,184,1560,10110.565217391304
1637164896,1,GET,/auth/find-friends/,0.400000,0.000000,200,200,310,310,420,420,420,420,420,420,420,544,0,200,242.63051470588235,24,3952,1974.0
1637164896,1,GET,/auth/login/,0.000000,0.000000,0,0,0,0,0,0,0,0,0,0,0,1,0,208,208.0,208,208,2961.0
1637164896,1,POST,/auth/login/,0.200000,0.000000,1100,1100,1100,1100,1100,1100,1100,1100,1100,1100,1100,54,0,740,734.9814814814815,114,2490,10265.425925925925
1637164896,1,GET,/auth/logout/,0.200000,0.000000,740,740,740,740,740,740,740,740,740,740,740,53,0,190,247.62264150943398,10,2509,1712.0
1637164896,1,POST,/auth/modify-friend/,0.200000,0.000000,230,230,340,340,340,340,340,340,340,340,340,272,0,200,240.23529411764707,31,4340,1713.0
1637164896,1,GET,/public/,0.200000,0.000000,310,310,480,480,480,480,480,480,480,480,480,272,0,250,297.56985294117646,78,940,10217.441176470587
1637164896,1,,Aggregated,1.900000,0.000000,340,420,500,700,810,1100,1100,1100,1100,1100,1100,1566,0,230,296.43742017879947,10,4340,5606.916347381864
1637164897,1,GET,/,0.500000,0.000000,340,400,410,410,500,500,500,500,500,500,500,326,0,260,331.00613496932516,79,3450,10335.4754601227
1637164897,1,POST,/,0.100000,0.000000,700,700,700,700,700,700,700,700,700,700,700,46,0,540,561.3260869565217,184,1560,10110.565217391304
1637164897,1,GET,/auth/find-friends/,0.500000,0.000000,200,200,310,310,420,420,420,420,420,420,420,544,0,200,242.63051470588235,24,3952,1974.0
1637164897,1,GET,/auth/login/,0.000000,0.000000,0,0,0,0,0,0,0,0,0,0,0,1,0,208,208.0,208,208,2961.0
1637164897,1,POST,/auth/login/,0.200000,0.000000,1100,1100,1100,1100,1100,1100,1100,1100,1100,1100,1100,54,0,740,734.9814814814815,114,2490,10265.425925925925
1637164897,1,GET,/auth/logout/,0.200000,0.000000,740,740,740,740,740,740,740,740,740,740,740,53,0,190,247.62264150943398,10,2509,1712.0
1637164897,1,POST,/auth/modify-friend/,0.300000,0.000000,230,230,340,340,340,340,340,340,340,340,340,272,0,200,240.23529411764707,31,4340,1713.0
1637164897,1,GET,/public/,0.200000,0.000000,310,310,480,480,480,480,480,480,480,480,480,273,0,250,297.56043956043953,78,940,10217.318681318682
1637164897,1,,Aggregated,2.000000,0.000000,340,410,480,500,740,810,1100,1100,1100,1100,1100,1569,0,230,296.5704270235819,10,4340,5616.061822817081
1637164898,1,GET,/,0.500000,0.000000,340,400,410,410,500,500,500,500,500,500,500,326,0,260,331.00613496932516,79,3450,10335.4754601227
1637164898,1,POST,/,0.100000,0.000000,700,700,700,700,700,700,700,700,700,700,700,46,0,540,561.3260869565217,184,1560,10110.565217391304
1637164898,1,GET,/auth/find-friends/,0.600000,0.000000,240,280,310,310,420,420,420,420,420,420,420,546,0,200,242.6904761904762,24,3952,1974.0
1637164898,1,GET,/auth/login/,0.000000,0.000000,0,0,0,0,0,0,0,0,0,0,0,1,0,208,208.0,208,208,2961.0
1637164898,1,POST,/auth/login/,0.200000,0.000000,1100,1100,1100,1100,1100,1100,1100,1100,1100,1100,1100,54,0,740,734.9814814814815,114,2490,10265.425925925925
1637164898,1,GET,/auth/logout/,0.200000,0.000000,740,740,740,740,740,740,740,740,740,740,740,53,0,190,247.62264150943398,10,2509,1712.0
1637164898,1,POST,/auth/modify-friend/,0.200000,0.000000,340,340,360,360,360,360,360,360,360,360,360,273,0,200,240.6886446886447,31,4340,1713.0
1637164898,1,GET,/public/,0.300000,0.000000,300,310,310,480,480,480,480,480,480,480,480,274,0,250,297.3175182481752,78,940,10216.7299270073
1637164898,1,,Aggregated,2.100000,0.000000,340,400,420,480,740,810,1100,1100,1100,1100,1100,1573,0,230,296.5238397965671,10,4340,5611.7724094087735
1637164899,1,GET,/,0.700000,0.000000,340,340,400,400,410,410,410,410,410,410,410,327,0,260,330.65749235474004,79,3450,10336.281345565749
1637164899,1,POST,/,0.100000,0.000000,700,700,700,700,700,700,700,700,700,700,700,46,0,540,561.3260869565217,184,1560,10110.565217391304
1637164899,1,GET,/auth/find-friends/,0.400000,0.000000,220,240,280,310,420,420,420,420,420,420,420,548,0,200,242.47627737226279,24,3952,1974.0
1637164899,1,GET,/auth/login/,0.000000,0.000000,0,0,0,0,0,0,0,0,0,0,0,1,0,208,208.0,208,208,2961.0
1637164899,1,POST,/auth/login/,0.200000,0.000000,1100,1100,1100,1100,1100,1100,1100,1100,1100,1100,1100,54,0,740,734.9814814814815,114,2490,10265.425925925925
1637164899,1,GET,/auth/logout/,0.200000,0.000000,740,740,740,740,740,740,740,740,740,740,740,53,0,190,247.62264150943398,10,2509,1712.0
1637164899,1,POST,/auth/modify-friend/,0.200000,0.000000,240,340,340,360,360,360,360,360,360,360,360,274,0,200,240.67883211678833,31,4340,1713.0
1637164899,1,GET,/public/,0.200000,0.000000,300,310,310,480,480,480,480,480,480,480,480,274,0,250,297.3175182481752,78,940,10216.7299270073
1637164899,1,,Aggregated,2.000000,0.000000,280,340,410,420,740,810,1100,1100,1100,1100,1100,1577,0,230,296.2935954343691,10,4340,5607.849080532657
1637164900,1,GET,/,0.600000,0.000000,340,340,400,400,410,410,410,410,410,410,410,327,0,260,330.65749235474004,79,3450,10336.281345565749
1637164900,1,POST,/,0.100000,0.000000,700,700,700,700,700,700,700,700,700,700,700,46,0,540,561.3260869565217,184,1560,10110.565217391304
1637164900,1,GET,/auth/find-friends/,0.500000,0.000000,240,280,390,420,500,500,500,500,500,500,500,550,0,210,243.20727272727274,24,3952,1974.0
1637164900,1,GET,/auth/login/,0.000000,0.000000,0,0,0,0,0,0,0,0,0,0,0,1,0,208,208.0,208,208,2961.0
1637164900,1,POST,/auth/login/,0.200000,0.000000,1100,1100,1100,1100,1100,1100,1100,1100,1100,1100,1100,54,0,740,734.9814814814815,114,2490,10265.425925925925
1637164900,1,GET,/auth/logout/,0.100000,0.000000,740,740,740,740,740,740,740,740,740,740,740,53,0,190,247.62264150943398,10,2509,1712.0
1637164900,1,POST,/auth/modify-friend/,0.200000,0.000000,340,340,360,360,360,360,360,360,360,360,360,274,0,200,240.67883211678833,31,4340,1713.0
1637164900,1,GET,/public/,0.300000,0.000000,300,340,340,480,480,480,480,480,480,480,480,275,0,250,297.4909090909091,78,940,10216.65090909091
1637164900,1,,Aggregated,2.000000,0.000000,340,360,410,480,740,810,1100,1100,1100,1100,1100,1580,0,230,296.5107594936709,10,4340,5606.15253164557
1637164901,1,GET,/,0.600000,0.000000,340,340,400,400,410,410,410,410,410,410,410,327,0,260,330.65749235474004,79,3450,10336.281345565749
1637164901,1,POST,/,0.100000,0.000000,700,700,700,700,700,700,700,700,700,700,700,46,0,540,561.3260869565217,184,1560,10110.565217391304
1637164901,1,GET,/auth/find-friends/,0.700000,0.000000,220,240,390,390,420,500,500,500,500,500,500,552,0,210,242.96376811594203,24,3952,1974.0
1637164901,1,GET,/auth/login/,0.000000,0.000000,0,0,0,0,0,0,0,0,0,0,0,1,0,208,208.0,208,208,2961.0
1637164901,1,POST,/auth/login/,0.200000,0.000000,810,810,810,810,810,810,810,810,810,810,810,54,0,740,734.9814814814815,114,2490,10265.425925925925
1637164901,1,GET,/auth/logout/,0.100000,0.000000,740,740,740,740,740,740,740,740,740,740,740,53,0,190,247.62264150943398,10,2509,1712.0
1637164901,1,POST,/auth/modify-friend/,0.300000,0.000000,270,340,340,360,360,360,360,360,360,360,360,275,0,200,240.79272727272726,31,4340,1713.0
1637164901,1,GET,/public/,0.400000,0.000000,300,300,340,340,480,480,480,480,480,480,480,276,0,250,297.2028985507246,78,940,10217.22463768116
1637164901,1,,Aggregated,2.400000,0.000000,270,340,390,400,480,700,810,810,810,810,810,1584,0,230,296.2935606060606,10,4340,5602.119318181818
1637164902,1,GET,/,0.700000,0.000000,340,340,400,400,410,410,410,410,410,410,410,328,0,260,330.6432926829268,79,3450,10337.496951219513
1637164902,1,POST,/,0.100000,0.000000,700,700,700,700,700,700,700,700,700,700,700,46,0,540,561.3260869565217,184,1560,10110.565217391304
1637164902,1,GET,/auth/find-friends/,0.800000,0.000000,220,240,390,390,420,500,500,500,500,500,500,552,0,210,242.96376811594203,24,3952,1974.0
1637164902,1,GET,/auth/login/,0.000000,0.000000,0,0,0,0,0,0,0,0,0,0,0,1,0,208,208.0,208,208,2961.0
1637164902,1,POST,/auth/login/,0.200000,0.000000,810,810,810,810,810,810,810,810,810,810,810,54,0,740,734.9814814814815,114,2490,10265.425925925925
1637164902,1,GET,/auth/logout/,0.100000,0.000000,740,740,740,740,740,740,740,740,740,740,740,53,0,190,247.62264150943398,10,2509,1712.0
1637164902,1,POST,/auth/modify-friend/,0.400000,0.000000,270,270,340,340,360,360,360,360,360,360,360,276,0,200,240.7572463768116,31,4340,1713.0
1637164902,1,GET,/public/,0.500000,0.000000,300,300,340,340,480,480,480,480,480,480,480,276,0,250,297.2028985507246,78,940,10217.22463768116
1637164902,1,,Aggregated,2.800000,0.000000,250,340,360,390,420,500,700,700,700,700,700,1586,0,230,296.27112232030265,10,4340,5602.903530895334
1637164903,1,GET,/,0.700000,0.000000,340,350,400,400,410,410,410,410,410,410,410,329,0,260,330.7112462006079,79,3450,10338.303951367781
1637164903,1,POST,/,0.100000,0.000000,1000,1000,1000,1000,1000,1000,1000,1000,1000,1000,1000,47,0,560,571.3829787234042,184,1560,10120.63829787234
1637164903,1,GET,/auth/find-friends/,1.000000,0.000000,220,240,390,390,420,500,500,500,500,500,500,552,0,210,242.96376811594203,24,3952,1974.0
1637164903,1,GET,/auth/login/,0.000000,0.000000,0,0,0,0,0,0,0,0,0,0,0,1,0,208,208.0,208,208,2961.0
1637164903,1,POST,/auth/login/,0.100000,0.000000,810,810,810,810,810,810,810,810,810,810,810,54,0,740,734.9814814814815,114,2490,10265.425925925925
1637164903,1,GET,/auth/logout/,0.000000,0.000000,740,740,740,740,740,740,740,740,740,740,740,53,0,190,247.62264150943398,10,2509,1712.0
1637164903,1,POST,/auth/modify-friend/,0.400000,0.000000,270,270,340,340,360,360,360,360,360,360,360,276,0,200,240.7572463768116,31,4340,1713.0
1637164903,1,GET,/public/,0.500000,0.000000,300,300,340,340,480,480,480,480,480,480,480,276,0,250,297.2028985507246,78,940,10217.22463768116
1637164903,1,,Aggregated,2.800000,0.000000,250,340,350,390,420,500,1000,1000,1000,1000,1000,1588,0,230,296.7714105793451,10,4340,5609.188916876575
1637164904,1,GET,/,0.700000,0.000000,340,350,400,410,620,620,620,620,620,620,620,330,0,260,331.58181818181816,79,3450,10339.6
1637164904,1,POST,/,0.100000,0.000000,1000,1000,1000,1000,1000,1000,1000,1000,1000,1000,1000,47,0,560,571.3829787234042,184,1560,10120.63829787234
1637164904,1,GET,/auth/find-friends/,1.200000,0.000000,220,270,280,280,390,500,500,500,500,500,500,553,0,210,243.0108499095841,24,3952,1974.0
1637164904,1,GET,/auth/login/,0.000000,0.000000,0,0,0,0,0,0,0,0,0,0,0,1,0,208,208.0,208,208,2961.0
1637164904,1,POST,/auth/login/,0.100000,0.000000,810,810,810,810,810,810,810,810,810,810,810,54,0,740,734.9814814814815,114,2490,10265.425925925925
1637164904,1,GET,/auth/logout/,0.000000,0.000000,740,740,740,740,740,740,740,740,740,740,740,53,0,190,247.62264150943398,10,2509,1712.0
1637164904,1,POST,/auth/modify-friend/,0.600000,0.000000,270,270,340,340,360,360,360,360,360,360,360,276,0,200,240.7572463768116,31,4340,1713.0
1637164904,1,GET,/public/,0.600000,0.000000,280,280,300,300,340,340,340,340,340,340,340,277,0,250,297.1335740072202,78,940,10218.06498194946
1637164904,1,,Aggregated,3.300000,0.000000,270,340,350,360,410,620,1000,1000,1000,1000,1000,1591,0,230,296.9440603394092,10,4340,5613.187932118165
1637164906,1,GET,/,0.700000,0.000000,350,410,410,620,620,620,620,620,620,620,620,330,0,260,331.58181818181816,79,3450,10339.6
1637164906,1,POST,/,0.100000,0.000000,1000,1000,1000,1000,1000,1000,1000,1000,1000,1000,1000,47,0,560,571.3829787234042,184,1560,10120.63829787234
1637164906,1,GET,/auth/find-friends/,1.200000,0.000000,240,270,280,280,390,500,500,500,500,500,500,556,0,210,242.74460431654677,24,3952,1974.0
1637164906,1,GET,/auth/login/,0.000000,0.000000,0,0,0,0,0,0,0,0,0,0,0,1,0,208,208.0,208,208,2961.0
1637164906,1,POST,/auth/login/,0.000000,0.000000,810,810,810,810,810,810,810,810,810,810,810,54,0,740,734.9814814814815,114,2490,10265.425925925925
1637164906,1,GET,/auth/logout/,0.000000,0.000000,740,740,740,740,740,740,740,740,740,740,740,53,0,190,247.62264150943398,10,2509,1712.0
1637164906,1,POST,/auth/modify-friend/,0.600000,0.000000,270,270,340,340,360,360,360,360,360,360,360,277,0,200,240.80505415162455,31,4340,1713.0
1637164906,1,GET,/public/,0.600000,0.000000,280,280,300,300,340,340,340,340,340,340,340,278,0,250,296.9208633093525,78,940,10218.913669064748
1637164906,1,,Aggregated,3.200000,0.000000,270,300,340,360,500,620,1000,1000,1000,1000,1000,1596,0,230,296.68609022556393,10,4340,5606.93671679198
1637164907,1,GET,/,0.800000,0.000000,350,410,410,620,620,620,620,620,620,620,620,330,0,260,331.58181818181816,79,3450,10339.6
1637164907,1,POST,/,0.100000,0.000000,1000,1000,1000,1000,1000,1000,1000,1000,1000,1000,1000,47,0,560,571.3829787234042,184,1560,10120.63829787234
1637164907,1,GET,/auth/find-friends/,1.200000,0.000000,220,270,270,280,390,500,500,500,500,500,500,558,0,200,242.4390681003584,24,3952,1974.0
1637164907,1,GET,/auth/login/,0.000000,0.000000,0,0,0,0,0,0,0,0,0,0,0,1,0,208,208.0,208,208,2961.0
1637164907,1,POST,/auth/login/,0.000000,0.000000,810,810,810,810,810,810,810,810,810,810,810,54,0,740,734.9814814814815,114,2490,10265.425925925925
1637164907,1,GET,/auth/logout/,0.000000,0.000000,740,740,740,740,740,740,740,740,740,740,740,53,0,190,247.62264150943398,10,2509,1712.0
1637164907,1,POST,/auth/modify-friend/,0.600000,0.000000,240,250,270,270,360,360,360,360,360,360,360,279,0,200,240.68817204301075,31,4340,1713.0
1637164907,1,GET,/public/,0.600000,0.000000,240,240,280,280,340,340,340,340,340,340,340,279,0,250,296.59498207885304,78,940,10219.118279569893
1637164907,1,,Aggregated,3.300000,0.000000,240,270,330,340,390,620,1000,1000,1000,1000,1000,1601,0,230,296.36539662710805,10,4340,5600.450343535291
1637164908,1,GET,/,0.900000,0.000000,350,350,620,620,620,620,620,620,620,620,620,330,0,260,331.58181818181816,79,3450,10339.6
1637164908,1,POST,/,0.100000,0.000000,1000,1000,1000,1000,1000,1000,1000,1000,1000,1000,1000,47,0,560,571.3829787234042,184,1560,10120.63829787234
1637164908,1,GET,/auth/find-friends/,1.100000,0.000000,220,270,350,350,390,500,500,500,500,500,500,559,0,210,242.6386404293381,24,3952,1974.0
1637164908,1,GET,/auth/login/,0.000000,0.000000,0,0,0,0,0,0,0,0,0,0,0,1,0,208,208.0,208,208,2961.0
1637164908,1,POST,/auth/login/,0.000000,0.000000,810,810,810,810,810,810,810,810,810,810,810,54,0,740,734.9814814814815,114,2490,10265.425925925925
1637164908,1,GET,/auth/logout/,0.000000,0.000000,0,0,0,0,0,0,0,0,0,0,0,53,0,190,247.62264150943398,10,2509,1712.0
1637164908,1,POST,/auth/modify-friend/,0.500000,0.000000,240,240,250,250,270,270,270,270,270,270,270,279,0,200,240.68817204301075,31,4340,1713.0
1637164908,1,GET,/public/,0.600000,0.000000,280,280,330,330,340,340,340,340,340,340,340,280,0,250,296.725,78,940,10218.735714285714
1637164908,1,,Aggregated,3.200000,0.000000,240,280,330,350,500,620,1000,1000,1000,1000,1000,1603,0,230,296.42420461634435,10,4340,5601.002495321272
1637164909,1,GET,/,0.500000,0.000000,350,350,620,620,620,620,620,620,620,620,620,330,0,260,331.58181818181816,79,3450,10339.6
1637164909,1,POST,/,0.100000,0.000000,1000,1000,1000,1000,1000,1000,1000,1000,1000,1000,1000,47,0,560,571.3829787234042,184,1560,10120.63829787234
1637164909,1,GET,/auth/find-friends/,1.400000,0.000000,220,270,350,390,460,500,500,500,500,500,500,561,0,210,242.98217468805703,24,3952,1974.0
1637164909,1,GET,/auth/login/,0.000000,0.000000,0,0,0,0,0,0,0,0,0,0,0,1,0,208,208.0,208,208,2961.0
1637164909,1,POST,/auth/login/,0.000000,0.000000,810,810,810,810,810,810,810,810,810,810,810,54,0,740,734.9814814814815,114,2490,10265.425925925925
1637164909,1,GET,/auth/logout/,0.000000,0.000000,0,0,0,0,0,0,0,0,0,0,0,53,0,190,247.62264150943398,10,2509,1712.0
1637164909,1,POST,/auth/modify-friend/,0.700000,0.000000,240,250,270,270,290,290,290,290,290,290,290,280,0,200,240.875,31,4340,1713.0
1637164909,1,GET,/public/,0.700000,0.000000,280,330,340,340,440,440,440,440,440,440,440,281,0,250,297.2491103202847,78,940,10218.701067615659
1637164909,1,,Aggregated,3.400000,0.000000,270,330,350,390,500,620,1000,1000,1000,1000,1000,1607,0,230,296.56689483509643,10,4340,5596.93652769135
1637164910,1,GET,/,0.500000,0.000000,350,350,620,620,620,620,620,620,620,620,620,330,0,260,331.58181818181816,79,3450,10339.6
1637164910,1,POST,/,0.100000,0.000000,1000,1000,1000,1000,1000,1000,1000,1000,1000,1000,1000,47,0,560,571.3829787234042,184,1560,10120.63829787234
1637164910,1,GET,/auth/find-friends/,1.400000,0.000000,220,270,350,350,460,490,490,490,490,490,490,562,0,210,243.41992882562278,24,3952,1974.0
1637164910,1,GET,/auth/login/,0.000000,0.000000,0,0,0,0,0,0,0,0,0,0,0,1,0,208,208.0,208,208,2961.0
1637164910,1,POST,/auth/login/,0.000000,0.000000,0,0,0,0,0,0,0,0,0,0,0,54,0,740,734.9814814814815,114,2490,10265.425925925925
1637164910,1,GET,/auth/logout/,0.000000,0.000000,0,0,0,0,0,0,0,0,0,0,0,53,0,190,247.62264150943398,10,2509,1712.0
1637164910,1,POST,/auth/modify-friend/,0.700000,0.000000,250,270,290,290,320,320,320,320,320,320,320,281,0,200,241.1387900355872,31,4340,1713.0
1637164910,1,GET,/public/,0.700000,0.000000,280,280,330,330,440,440,440,440,440,440,440,281,0,250,297.2491103202847,78,940,10218.701067615659
1637164910,1,,Aggregated,3.400000,0.000000,270,320,330,350,490,620,1000,1000,1000,1000,1000,1609,0,240,296.6979490366687,10,4340,5592.270975761342
1637164911,1,GET,/,0.400000,0.000000,350,350,620,620,620,620,620,620,620,620,620,331,0,260,331.4531722054381,79,3450,10339.99093655589
1637164911,1,POST,/,0.100000,0.000000,1000,1000,1000,1000,1000,1000,1000,1000,1000,1000,1000,48,0,560,574.3333333333334,184,1560,10130.395833333334
1637164911,1,GET,/auth/find-friends/,1.400000,0.000000,220,270,350,350,460,490,490,490,490,490,490,562,0,210,243.41992882562278,24,3952,1974.0
1637164911,1,GET,/auth/login/,0.000000,0.000000,0,0,0,0,0,0,0,0,0,0,0,1,0,208,208.0,208,208,2961.0
1637164911,1,POST,/auth/login/,0.000000,0.000000,0,0,0,0,0,0,0,0,0,0,0,54,0,740,734.9814814814815,114,2490,10265.425925925925
1637164911,1,GET,/auth/logout/,0.000000,0.000000,0,0,0,0,0,0,0,0,0,0,0,53,0,190,247.62264150943398,10,2509,1712.0
1637164911,1,POST,/auth/modify-friend/,0.700000,0.000000,250,270,290,290,320,320,320,320,320,320,320,281,0,200,241.1387900355872,31,4340,1713.0
1637164911,1,GET,/public/,0.700000,0.000000,280,280,330,330,440,440,440,440,440,440,440,281,0,250,297.2491103202847,78,940,10218.701067615659
1637164911,1,,Aggregated,3.300000,0.000000,290,330,350,440,620,710,1000,1000,1000,1000,1000,1611,0,240,296.951582867784,10,4340,5598.399751707015
1637164912,1,GET,/,0.400000,0.000000,390,390,620,620,620,620,620,620,620,620,620,332,0,260,331.6234939759036,79,3450,10340.52108433735
1637164912,1,POST,/,0.100000,0.000000,1000,1000,1000,1000,1000,1000,1000,1000,1000,1000,1000,48,0,560,574.3333333333334,184,1560,10130.395833333334
1637164912,1,GET,/auth/find-friends/,1.300000,0.000000,270,270,350,460,490,490,490,490,490,490,490,562,0,210,243.41992882562278,24,3952,1974.0
1637164912,1,GET,/auth/login/,0.000000,0.000000,0,0,0,0,0,0,0,0,0,0,0,1,0,208,208.0,208,208,2961.0
1637164912,1,POST,/auth/login/,0.000000,0.000000,0,0,0,0,0,0,0,0,0,0,0,54,0,740,734.9814814814815,114,2490,10265.425925925925
1637164912,1,GET,/auth/logout/,0.000000,0.000000,350,350,350,350,350,350,350,350,350,350,350,54,0,190,249.59259259259258,10,2509,1712.0
1637164912,1,POST,/auth/modify-friend/,0.700000,0.000000,250,270,290,290,320,320,320,320,320,320,320,281,0,200,241.1387900355872,31,4340,1713.0
1637164912,1,GET,/public/,0.700000,0.000000,280,330,330,440,440,440,440,440,440,440,440,281,0,250,297.2491103202847,78,940,10218.701067615659
1637164912,1,,Aggregated,3.200000,0.000000,290,350,390,440,620,710,1000,1000,1000,1000,1000,1613,0,240,297.04339739615625,10,4340,5599.0390576565405
1637164913,1,GET,/,0.400000,0.000000,390,390,620,620,620,620,620,620,620,620,620,332,0,260,331.6234939759036,79,3450,10340.52108433735
1637164913,1,POST,/,0.100000,0.000000,1000,1000,1000,1000,1000,1000,1000,1000,1000,1000,1000,48,0,560,574.3333333333334,184,1560,10130.395833333334
1637164913,1,GET,/auth/find-friends/,1.300000,0.000000,270,270,350,460,490,490,490,490,490,490,490,562,0,210,243.41992882562278,24,3952,1974.0
1637164913,1,GET,/auth/login/,0.000000,0.000000,0,0,0,0,0,0,0,0,0,0,0,1,0,208,208.0,208,208,2961.0
1637164913,1,POST,/auth/login/,0.000000,0.000000,0,0,0,0,0,0,0,0,0,0,0,54,0,740,734.9814814814815,114,2490,10265.425925925925
1637164913,1,GET,/auth/logout/,0.000000,0.000000,350,350,350,350,350,350,350,350,350,350,350,54,0,190,249.59259259259258,10,2509,1712.0
1637164913,1,POST,/auth/modify-friend/,0.700000,0.000000,250,290,290,320,320,320,320,320,320,320,320,281,0,200,241.1387900355872,31,4340,1713.0
1637164913,1,GET,/public/,0.700000,0.000000,280,330,330,440,440,440,440,440,440,440,440,281,0,250,297.2491103202847,78,940,10218.701067615659
1637164913,1,,Aggregated,3.200000,0.000000,280,330,350,440,490,620,710,710,710,710,710,1613,0,240,297.04339739615625,10,4340,5599.0390576565405
1637164914,1,GET,/,0.400000,0.000000,390,390,620,620,620,620,620,620,620,620,620,332,0,260,331.6234939759036,79,3450,10340.52108433735
1637164914,1,POST,/,0.200000,0.000000,1000,1000,1000,1000,1000,1000,1000,1000,1000,1000,1000,48,0,560,574.3333333333334,184,1560,10130.395833333334
1637164914,1,GET,/auth/find-friends/,1.200000,0.000000,220,270,350,460,490,490,490,490,490,490,490,562,0,210,243.41992882562278,24,3952,1974.0
1637164914,1,GET,/auth/login/,0.000000,0.000000,0,0,0,0,0,0,0,0,0,0,0,1,0,208,208.0,208,208,2961.0
1637164914,1,POST,/auth/login/,0.000000,0.000000,1300,1300,1300,1300,1300,1300,1300,1300,1300,1300,1300,55,0,750,744.4727272727273,114,2490,10269.309090909092
1637164914,1,GET,/auth/logout/,0.000000,0.000000,350,350,350,350,350,350,350,350,350,350,350,54,0,190,249.59259259259258,10,2509,1712.0
1637164914,1,POST,/auth/modify-friend/,0.700000,0.000000,250,290,290,320,320,320,320,320,320,320,320,281,0,200,241.1387900355872,31,4340,1713.0
1637164914,1,GET,/public/,0.600000,0.000000,330,330,440,440,440,440,440,440,440,440,440,281,0,250,297.2491103202847,78,940,10218.701067615659
1637164914,1,,Aggregated,3.100000,0.000000,290,350,390,440,490,710,1300,1300,1300,1300,1300,1614,0,240,297.63816604708796,10,4340,5602.062577447336
1637164915,1,GET,/,0.500000,0.000000,620,620,750,750,750,750,750,750,750,750,750,333,0,260,332.8828828828829,79,3450,10340.684684684684
1637164915,1,POST,/,0.200000,0.000000,1000,1000,1000,1000,1000,1000,1000,1000,1000,1000,1000,48,0,560,574.3333333333334,184,1560,10130.395833333334
1637164915,1,GET,/auth/find-friends/,1.000000,0.000000,350,350,460,460,490,490,490,490,490,490,490,562,0,210,243.41992882562278,24,3952,1974.0
1637164915,1,GET,/auth/login/,0.000000,0.000000,0,0,0,0,0,0,0,0,0,0,0,1,0,208,208.0,208,208,2961.0
1637164915,1,POST,/auth/login/,0.000000,0.000000,1300,1300,1300,1300,1300,1300,1300,1300,1300,1300,1300,55,0,750,744.4727272727273,114,2490,10269.309090909092
1637164915,1,GET,/auth/logout/,0.100000,0.000000,350,350,350,350,350,350,350,350,350,350,350,54,0,190,249.59259259259258,10,2509,1712.0
1637164915,1,POST,/auth/modify-friend/,0.500000,0.000000,290,290,320,320,320,320,320,320,320,320,320,281,0,200,241.1387900355872,31,4340,1713.0
1637164915,1,GET,/public/,0.500000,0.000000,330,330,440,440,440,440,440,440,440,440,440,281,0,250,297.2491103202847,78,940,10218.701067615659
1637164915,1,,Aggregated,2.800000,0.000000,330,390,460,490,750,1300,1300,1300,1300,1300,1300,1615,0,240,297.9188854489164,10,4340,5605.030340557276
1637164916,1,GET,/,0.400000,0.000000,620,620,720,720,750,750,750,750,750,750,750,335,0,260,334.1940298507463,79,3450,10340.197014925374
1637164916,1,POST,/,0.200000,0.000000,710,710,710,710,710,710,710,710,710,710,710,48,0,560,574.3333333333334,184,1560,10130.395833333334
1637164916,1,GET,/auth/find-friends/,1.000000,0.000000,460,460,490,490,490,490,490,490,490,490,490,562,0,210,243.41992882562278,24,3952,1974.0
1637164916,1,GET,/auth/login/,0.000000,0.000000,0,0,0,0,0,0,0,0,0,0,0,1,0,208,208.0,208,208,2961.0
1637164916,1,POST,/auth/login/,0.000000,0.000000,1300,1300,1300,1300,1300,1300,1300,1300,1300,1300,1300,55,0,750,744.4727272727273,114,2490,10269.309090909092
1637164916,1,GET,/auth/logout/,0.100000,0.000000,350,350,350,350,350,350,350,350,350,350,350,54,0,190,249.59259259259258,10,2509,1712.0
1637164916,1,POST,/auth/modify-friend/,0.500000,0.000000,290,290,320,320,320,320,320,320,320,320,320,281,0,200,241.1387900355872,31,4340,1713.0
1637164916,1,GET,/public/,0.500000,0.000000,440,440,440,440,440,440,440,440,440,440,440,281,0,250,297.2491103202847,78,940,10218.701067615659
1637164916,1,,Aggregated,2.700000,0.000000,390,460,710,710,750,1300,1300,1300,1300,1300,1300,1617,0,240,298.23376623376623,10,4340,5610.786641929499
1637164917,1,GET,/,0.300000,0.000000,390,720,720,750,750,750,750,750,750,750,750,335,0,260,334.1940298507463,79,3450,10340.197014925374
1637164917,1,POST,/,0.100000,0.000000,960,960,960,960,960,960,960,960,960,960,960,49,0,560,582.204081632653,184,1560,10136.979591836734
1637164917,1,GET,/auth/find-friends/,1.000000,0.000000,460,460,490,490,490,490,490,490,490,490,490,562,0,210,243.41992882562278,24,3952,1974.0
1637164917,1,GET,/auth/login/,0.000000,0.000000,0,0,0,0,0,0,0,0,0,0,0,1,0,208,208.0,208,208,2961.0
1637164917,1,POST,/auth/login/,0.100000,0.000000,1300,1300,1300,1300,1300,1300,1300,1300,1300,1300,1300,55,0,750,744.4727272727273,114,2490,10269.309090909092
1637164917,1,GET,/auth/logout/,0.100000,0.000000,350,350,350,350,350,350,350,350,350,350,350,54,0,190,249.59259259259258,10,2509,1712.0
1637164917,1,POST,/auth/modify-friend/,0.500000,0.000000,320,320,320,320,320,320,320,320,320,320,320,281,0,200,241.1387900355872,31,4340,1713.0
1637164917,1,GET,/public/,0.500000,0.000000,440,440,440,440,440,440,440,440,440,440,440,281,0,250,297.2491103202847,78,940,10218.701067615659
1637164917,1,,Aggregated,2.600000,0.000000,440,490,720,750,960,1300,1300,1300,1300,1300,1300,1618,0,240,298.6427688504326,10,4340,5613.779357231149
1637164918,1,GET,/,0.500000,0.000000,720,750,790,790,800,800,800,800,800,800,800,337,0,260,336.9139465875371,79,3450,10341.13353115727
1637164918,1,POST,/,0.100000,0.000000,960,960,960,960,960,960,960,960,960,960,960,49,0,560,582.204081632653,184,1560,10136.979591836734
1637164918,1,GET,/auth/find-friends/,0.600000,0.000000,490,490,490,490,490,490,490,490,490,490,490,562,0,210,243.41992882562278,24,3952,1974.0
1637164918,1,GET,/auth/login/,0.000000,0.000000,0,0,0,0,0,0,0,0,0,0,0,1,0,208,208.0,208,208,2961.0
1637164918,1,POST,/auth/login/,0.100000,0.000000,1300,1300,1300,1300,1300,1300,1300,1300,1300,1300,1300,55,0,750,744.4727272727273,114,2490,10269.309090909092
1637164918,1,GET,/auth/logout/,0.100000,0.000000,350,350,350,350,350,350,350,350,350,350,350,54,0,190,249.59259259259258,10,2509,1712.0
1637164918,1,POST,/auth/modify-friend/,0.400000,0.000000,320,320,320,320,320,320,320,320,320,320,320,281,0,200,241.1387900355872,31,4340,1713.0
1637164918,1,GET,/public/,0.300000,0.000000,440,440,440,440,440,440,440,440,440,440,440,281,0,250,297.2491103202847,78,940,10218.701067615659
1637164918,1,,Aggregated,2.100000,0.000000,710,750,790,800,960,1300,1300,1300,1300,1300,1300,1620,0,240,299.25246913580247,10,4340,5619.809259259259
1637164919,1,GET,/,0.500000,0.000000,720,750,790,790,800,800,800,800,800,800,800,338,0,260,337.79585798816566,79,3450,10341.715976331361
1637164919,1,POST,/,0.100000,0.000000,960,960,960,960,960,960,960,960,960,960,960,49,0,560,582.204081632653,184,1560,10136.979591836734
1637164919,1,GET,/auth/find-friends/,0.600000,0.000000,490,490,490,490,490,490,490,490,490,490,490,562,0,210,243.41992882562278,24,3952,1974.0
1637164919,1,GET,/auth/login/,0.000000,0.000000,0,0,0,0,0,0,0,0,0,0,0,1,0,208,208.0,208,208,2961.0
1637164919,1,POST,/auth/login/,0.100000,0.000000,1300,1300,1300,1300,1300,1300,1300,1300,1300,1300,1300,55,0,750,744.4727272727273,114,2490,10269.309090909092
1637164919,1,GET,/auth/logout/,0.100000,0.000000,350,350,350,350,350,350,350,350,350,350,350,54,0,190,249.59259259259258,10,2509,1712.0
1637164919,1,POST,/auth/modify-friend/,0.400000,0.000000,320,320,320,320,320,320,320,320,320,320,320,281,0,200,241.1387900355872,31,4340,1713.0
1637164919,1,GET,/public/,0.300000,0.000000,440,440,440,440,440,440,440,440,440,440,440,281,0,250,297.2491103202847,78,940,10218.701067615659
1637164919,1,,Aggregated,2.100000,0.000000,720,750,800,800,960,1300,1300,1300,1300,1300,1300,1621,0,240,299.45959284392353,10,4340,5622.843306600864
1637164920,1,GET,/,0.600000,0.000000,750,790,800,800,1200,1200,1200,1200,1200,1200,1200,339,0,260,340.2005899705015,79,3450,10342.277286135693
1637164920,1,POST,/,0.200000,0.000000,960,960,960,960,960,960,960,960,960,960,960,49,0,560,582.204081632653,184,1560,10136.979591836734
1637164920,1,GET,/auth/find-friends/,0.300000,0.000000,490,490,490,490,490,490,490,490,490,490,490,562,0,210,243.41992882562278,24,3952,1974.0
1637164920,1,GET,/auth/login/,0.000000,0.000000,0,0,0,0,0,0,0,0,0,0,0,1,0,208,208.0,208,208,2961.0
1637164920,1,POST,/auth/login/,0.100000,0.000000,1300,1300,1300,1300,1300,1300,1300,1300,1300,1300,1300,55,0,750,744.4727272727273,114,2490,10269.309090909092
1637164920,1,GET,/auth/logout/,0.100000,0.000000,350,350,350,350,350,350,350,350,350,350,350,54,0,190,249.59259259259258,10,2509,1712.0
1637164920,1,POST,/auth/modify-friend/,0.200000,0.000000,320,320,320,320,320,320,320,320,320,320,320,281,0,200,241.1387900355872,31,4340,1713.0
1637164920,1,GET,/public/,0.100000,0.000000,440,440,440,440,440,440,440,440,440,440,440,281,0,250,297.2491103202847,78,940,10218.701067615659
1637164920,1,,Aggregated,1.600000,0.000000,750,800,960,960,1200,1300,1300,1300,1300,1300,1300,1622,0,240,299.9858199753391,10,4340,5625.869913686806
1637164921,1,GET,/,0.800000,0.000000,720,750,790,800,1200,1200,1200,1200,1200,1200,1200,340,0,260,340.9823529411765,79,3450,10343.45588235294
1637164921,1,POST,/,0.200000,0.000000,960,960,960,960,960,960,960,960,960,960,960,49,0,560,582.204081632653,184,1560,10136.979591836734
1637164921,1,GET,/auth/find-friends/,0.200000,0.000000,490,490,490,490,490,490,490,490,490,490,490,562,0,210,243.41992882562278,24,3952,1974.0
1637164921,1,GET,/auth/login/,0.000000,0.000000,0,0,0,0,0,0,0,0,0,0,0,1,0,208,208.0,208,208,2961.0
1637164921,1,POST,/auth/login/,0.100000,0.000000,1300,1300,1300,1300,1300,1300,1300,1300,1300,1300,1300,55,0,750,744.4727272727273,114,2490,10269.309090909092
1637164921,1,GET,/auth/logout/,0.100000,0.000000,350,350,350,350,350,350,350,350,350,350,350,54,0,190,249.59259259259258,10,2509,1712.0
1637164921,1,POST,/auth/modify-friend/,0.100000,0.000000,320,320,320,320,320,320,320,320,320,320,320,281,0,200,241.1387900355872,31,4340,1713.0
1637164921,1,GET,/public/,0.000000,0.000000,510,510,510,510,510,510,510,510,510,510,510,282,0,250,297.98936170212767,78,940,10219.280141843972
1637164921,1,,Aggregated,1.500000,0.000000,720,790,800,960,1200,1300,1300,1300,1300,1300,1300,1624,0,240,300.3011083743842,10,4340,5631.949507389162
1637164922,1,GET,/,0.800000,0.000000,750,790,800,800,1200,1200,1200,1200,1200,1200,1200,340,0,260,340.9823529411765,79,3450,10343.45588235294
1637164922,1,POST,/,0.200000,0.000000,960,960,960,960,960,960,960,960,960,960,960,49,0,560,582.204081632653,184,1560,10136.979591836734
1637164922,1,GET,/auth/find-friends/,0.000000,0.000000,430,430,490,490,490,490,490,490,490,490,490,564,0,210,244.04078014184398,24,3952,1974.0
1637164922,1,GET,/auth/login/,0.000000,0.000000,0,0,0,0,0,0,0,0,0,0,0,1,0,208,208.0,208,208,2961.0
1637164922,1,POST,/auth/login/,0.100000,0.000000,1300,1300,1300,1300,1300,1300,1300,1300,1300,1300,1300,55,0,750,744.4727272727273,114,2490,10269.309090909092
1637164922,1,GET,/auth/logout/,0.100000,0.000000,350,350,350,350,350,350,350,350,350,350,350,54,0,190,249.59259259259258,10,2509,1712.0
1637164922,1,POST,/auth/modify-friend/,0.000000,0.000000,320,320,320,320,320,320,320,320,320,320,320,281,0,200,241.1387900355872,31,4340,1713.0
1637164922,1,GET,/public/,0.000000,0.000000,510,510,510,510,510,510,510,510,510,510,510,282,0,250,297.98936170212767,78,940,10219.280141843972
1637164922,1,,Aggregated,1.200000,0.000000,720,790,800,960,1200,1300,1300,1300,1300,1300,1300,1626,0,240,300.44649446494464,10,4340,5627.450184501845
1637164923,1,GET,/,0.800000,0.000000,750,790,800,800,1200,1200,1200,1200,1200,1200,1200,340,0,260,340.9823529411765,79,3450,10343.45588235294
1637164923,1,POST,/,0.200000,0.000000,960,960,960,960,960,960,960,960,960,960,960,49,0,560,582.204081632653,184,1560,10136.979591836734
1637164923,1,GET,/auth/find-friends/,0.000000,0.000000,430,430,490,490,490,490,490,490,490,490,490,564,0,210,244.04078014184398,24,3952,1974.0
1637164923,1,GET,/auth/login/,0.000000,0.000000,0,0,0,0,0,0,0,0,0,0,0,1,0,208,208.0,208,208,2961.0
1637164923,1,POST,/auth/login/,0.100000,0.000000,1300,1300,1300,1300,1300,1300,1300,1300,1300,1300,1300,55,0,750,744.4727272727273,114,2490,10269.309090909092
1637164923,1,GET,/auth/logout/,0.100000,0.000000,350,350,350,350,350,350,350,350,350,350,350,54,0,190,249.59259259259258,10,2509,1712.0
1637164923,1,POST,/auth/modify-friend/,0.000000,0.000000,500,500,500,500,500,500,500,500,500,500,500,282,0,200,242.04609929078015,31,4340,1713.0
1637164923,1,GET,/public/,0.000000,0.000000,510,510,510,510,510,510,510,510,510,510,510,282,0,250,297.98936170212767,78,940,10219.280141843972
1637164923,1,,Aggregated,1.200000,0.000000,640,750,790,800,960,1200,1200,1200,1200,1200,1200,1627,0,240,300.5673017824216,10,4340,5625.044253226798
1637164924,1,GET,/,0.800000,0.000000,790,800,1200,1200,1300,1300,1300,1300,1300,1300,1300,341,0,260,343.6568914956012,79,3450,10344.234604105572
1637164924,1,POST,/,0.100000,0.000000,960,960,960,960,960,960,960,960,960,960,960,49,0,560,582.204081632653,184,1560,10136.979591836734
1637164924,1,GET,/auth/find-friends/,0.100000,0.000000,410,430,430,490,490,490,490,490,490,490,490,565,0,210,243.858407079646,24,3952,1974.0
1637164924,1,GET,/auth/login/,0.000000,0.000000,0,0,0,0,0,0,0,0,0,0,0,1,0,208,208.0,208,208,2961.0
1637164924,1,POST,/auth/login/,0.100000,0.000000,1300,1300,1300,1300,1300,1300,1300,1300,1300,1300,1300,55,0,750,744.4727272727273,114,2490,10269.309090909092
1637164924,1,GET,/auth/logout/,0.000000,0.000000,350,350,350,350,350,350,350,350,350,350,350,54,0,190,249.59259259259258,10,2509,1712.0
1637164924,1,POST,/auth/modify-friend/,0.000000,0.000000,500,500,500,500,500,500,500,500,500,500,500,282,0,200,242.04609929078015,31,4340,1713.0
1637164924,1,GET,/public/,0.100000,0.000000,510,510,510,510,510,510,510,510,510,510,510,283,0,250,297.6855123674912,78,940,10219.462897526502
1637164924,1,,Aggregated,1.200000,0.000000,610,720,800,960,1200,1300,1300,1300,1300,1300,1300,1630,0,240,300.9993865030675,10,4340,5628.71226993865
1637164925,1,GET,/,0.800000,0.000000,790,800,1200,1200,1300,1300,1300,1300,1300,1300,1300,341,0,260,343.6568914956012,79,3450,10344.234604105572
1637164925,1,POST,/,0.100000,0.000000,960,960,960,960,960,960,960,960,960,960,960,49,0,560,582.204081632653,184,1560,10136.979591836734
1637164925,1,GET,/auth/find-friends/,0.200000,0.000000,330,410,410,430,430,430,430,430,430,430,430,567,0,210,244.03703703703704,24,3952,1974.0
1637164925,1,GET,/auth/login/,0.000000,0.000000,0,0,0,0,0,0,0,0,0,0,0,1,0,208,208.0,208,208,2961.0
1637164925,1,POST,/auth/login/,0.100000,0.000000,1300,1300,1300,1300,1300,1300,1300,1300,1300,1300,1300,55,0,750,744.4727272727273,114,2490,10269.309090909092
1637164925,1,GET,/auth/logout/,0.000000,0.000000,350,350,350,350,350,350,350,350,350,350,350,54,0,190,249.59259259259258,10,2509,1712.0
1637164925,1,POST,/auth/modify-friend/,0.100000,0.000000,500,500,500,500,500,500,500,500,500,500,500,283,0,210,242.38515901060072,31,4340,1713.0
1637164925,1,GET,/public/,0.100000,0.000000,390,390,510,510,510,510,510,510,510,510,510,284,0,250,298.01408450704224,78,940,10219.404929577464
1637164925,1,,Aggregated,1.400000,0.000000,500,640,790,800,1200,1300,1300,1300,1300,1300,1300,1634,0,240,301.06915544675644,10,4340,5624.641982864137
1637164926,1,GET,/,0.900000,0.000000,800,800,1200,1200,1300,1300,1300,1300,1300,1300,1300,341,0,260,343.6568914956012,79,3450,10344.234604105572
1637164926,1,POST,/,0.100000,0.000000,960,960,960,960,960,960,960,960,960,960,960,49,0,560,582.204081632653,184,1560,10136.979591836734
1637164926,1,GET,/auth/find-friends/,0.200000,0.000000,330,330,410,410,430,430,430,430,430,430,430,568,0,210,243.8943661971831,24,3952,1974.0
1637164926,1,GET,/auth/login/,0.000000,0.000000,0,0,0,0,0,0,0,0,0,0,0,1,0,208,208.0,208,208,2961.0
1637164926,1,POST,/auth/login/,0.000000,0.000000,1300,1300,1300,1300,1300,1300,1300,1300,1300,1300,1300,55,0,750,744.4727272727273,114,2490,10269.309090909092
1637164926,1,GET,/auth/logout/,0.000000,0.000000,350,350,350,350,350,350,350,350,350,350,350,54,0,190,249.59259259259258,10,2509,1712.0
1637164926,1,POST,/auth/modify-friend/,0.100000,0.000000,340,340,500,500,500,500,500,500,500,500,500,284,0,210,242.51408450704224,31,4340,1713.0
1637164926,1,GET,/public/,0.100000,0.000000,390,390,510,510,510,510,510,510,510,510,510,285,0,250,297.85263157894735,78,940,10219.77543859649
1637164926,1,,Aggregated,1.400000,0.000000,410,510,640,790,1200,1300,1300,1300,1300,1300,1300,1637,0,240,300.94135613927915,10,4340,5622.893708002443
1637164927,1,GET,/,0.800000,0.000000,790,1200,1200,1300,1300,1300,1300,1300,1300,1300,1300,341,0,260,343.6568914956012,79,3450,10344.234604105572
1637164927,1,POST,/,0.100000,0.000000,960,960,960,960,960,960,960,960,960,960,960,49,0,560,582.204081632653,184,1560,10136.979591836734
1637164927,1,GET,/auth/find-friends/,0.400000,0.000000,350,360,410,410,430,430,430,430,430,430,430,570,0,210,244.2736842105263,24,3952,1974.0
1637164927,1,GET,/auth/login/,0.000000,0.000000,0,0,0,0,0,0,0,0,0,0,0,1,0,208,208.0,208,208,2961.0
1637164927,1,POST,/auth/login/,0.000000,0.000000,1300,1300,1300,1300,1300,1300,1300,1300,1300,1300,1300,55,0,750,744.4727272727273,114,2490,10269.309090909092
1637164927,1,GET,/auth/logout/,0.000000,0.000000,350,350,350,350,350,350,350,350,350,350,350,54,0,190,249.59259259259258,10,2509,1712.0
1637164927,1,POST,/auth/modify-friend/,0.200000,0.000000,340,340,500,500,500,500,500,500,500,500,500,285,0,210,242.59649122807016,31,4340,1713.0
1637164927,1,GET,/public/,0.200000,0.000000,390,390,510,510,510,510,510,510,510,510,510,285,0,250,297.85263157894735,78,940,10219.77543859649
1637164927,1,,Aggregated,1.700000,0.000000,360,430,510,610,790,1200,1300,1300,1300,1300,1300,1640,0,240,300.98231707317075,10,4340,5616.059756097561
1637164928,1,GET,/,0.600000,0.000000,790,790,1200,1200,1300,1300,1300,1300,1300,1300,1300,342,0,260,344.32456140350877,79,3450,10345.32456140351
1637164928,1,POST,/,0.100000,0.000000,960,960,960,960,960,960,960,960,960,960,960,49,0,560,582.204081632653,184,1560,10136.979591836734
1637164928,1,GET,/auth/find-friends/,0.600000,0.000000,330,350,360,410,430,430,430,430,430,430,430,571,0,210,244.30823117338002,24,3952,1974.0
1637164928,1,GET,/auth/login/,0.000000,0.000000,0,0,0,0,0,0,0,0,0,0,0,1,0,208,208.0,208,208,2961.0
1637164928,1,POST,/auth/login/,0.000000,0.000000,1300,1300,1300,1300,1300,1300,1300,1300,1300,1300,1300,55,0,750,744.4727272727273,114,2490,10269.309090909092
1637164928,1,GET,/auth/logout/,0.000000,0.000000,350,350,350,350,350,350,350,350,350,350,350,54,0,190,249.59259259259258,10,2509,1712.0
1637164928,1,POST,/auth/modify-friend/,0.300000,0.000000,340,340,500,500,500,500,500,500,500,500,500,285,0,210,242.59649122807016,31,4340,1713.0
1637164928,1,GET,/public/,0.300000,0.000000,340,390,390,510,510,510,510,510,510,510,510,286,0,250,297.993006993007,78,940,10219.842657342657
1637164928,1,,Aggregated,1.900000,0.000000,360,430,570,610,790,1200,1300,1300,1300,1300,1300,1643,0,240,301.1472915398661,10,4340,5619.761412051126
1637164929,1,GET,/,0.600000,0.000000,610,1200,1200,1300,1300,1300,1300,1300,1300,1300,1300,343,0,260,344.4139941690962,79,3450,10345.74052478134
1637164929,1,POST,/,0.000000,0.000000,960,960,960,960,960,960,960,960,960,960,960,49,0,560,582.204081632653,184,1560,10136.979591836734
1637164929,1,GET,/auth/find-friends/,0.800000,0.000000,340,350,360,410,430,430,430,430,430,430,430,572,0,210,244.47027972027973,24,3952,1974.0
1637164929,1,GET,/auth/login/,0.000000,0.000000,0,0,0,0,0,0,0,0,0,0,0,1,0,208,208.0,208,208,2961.0
1637164929,1,POST,/auth/login/,0.000000,0.000000,1300,1300,1300,1300,1300,1300,1300,1300,1300,1300,1300,55,0,750,744.4727272727273,114,2490,10269.309090909092
1637164929,1,GET,/auth/logout/,0.000000,0.000000,0,0,0,0,0,0,0,0,0,0,0,54,0,190,249.59259259259258,10,2509,1712.0
1637164929,1,POST,/auth/modify-friend/,0.300000,0.000000,340,380,380,500,500,500,500,500,500,500,500,286,0,210,243.06293706293707,31,4340,1713.0
1637164929,1,GET,/public/,0.400000,0.000000,340,390,390,510,510,510,510,510,510,510,510,286,0,250,297.993006993007,78,940,10219.842657342657
1637164929,1,,Aggregated,2.100000,0.000000,350,390,430,510,610,1200,1300,1300,1300,1300,1300,1646,0,240,301.25941676792223,10,4340,5618.130619684082
1637164930,1,GET,/,0.600000,0.000000,610,1200,1200,1300,1300,1300,1300,1300,1300,1300,1300,343,0,260,344.4139941690962,79,3450,10345.74052478134
1637164930,1,POST,/,0.000000,0.000000,960,960,960,960,960,960,960,960,960,960,960,49,0,560,582.204081632653,184,1560,10136.979591836734
1637164930,1,GET,/auth/find-friends/,0.800000,0.000000,340,350,360,410,430,430,430,430,430,430,430,572,0,210,244.47027972027973,24,3952,1974.0
1637164930,1,GET,/auth/login/,0.000000,0.000000,0,0,0,0,0,0,0,0,0,0,0,1,0,208,208.0,208,208,2961.0
1637164930,1,POST,/auth/login/,0.000000,0.000000,1300,1300,1300,1300,1300,1300,1300,1300,1300,1300,1300,55,0,750,744.4727272727273,114,2490,10269.309090909092
1637164930,1,GET,/auth/logout/,0.000000,0.000000,0,0,0,0,0,0,0,0,0,0,0,54,0,190,249.59259259259258,10,2509,1712.0
1637164930,1,POST,/auth/modify-friend/,0.300000,0.000000,340,380,380,500,500,500,500,500,500,500,500,286,0,210,243.06293706293707,31,4340,1713.0
1637164930,1,GET,/public/,0.400000,0.000000,340,340,390,390,510,510,510,510,510,510,510,287,0,250,298.0940766550523,78,940,10219.951219512195
1637164930,1,,Aggregated,2.100000,0.000000,340,380,410,430,510,570,1300,1300,1300,1300,1300,1647,0,240,301.27504553734065,10,4340,5620.943533697632
1637164931,1,GET,/,0.400000,0.000000,570,570,1300,1300,1300,1300,1300,1300,1300,1300,1300,343,0,260,344.4139941690962,79,3450,10345.74052478134
1637164931,1,POST,/,0.000000,0.000000,960,960,960,960,960,960,960,960,960,960,960,49,0,560,582.204081632653,184,1560,10136.979591836734
1637164931,1,GET,/auth/find-friends/,1.000000,0.000000,340,350,360,360,410,900,900,900,900,900,900,574,0,210,245.78919860627178,24,3952,1974.0
1637164931,1,GET,/auth/login/,0.000000,0.000000,0,0,0,0,0,0,0,0,0,0,0,1,0,208,208.0,208,208,2961.0
1637164931,1,POST,/auth/login/,0.000000,0.000000,0,0,0,0,0,0,0,0,0,0,0,55,0,750,744.4727272727273,114,2490,10269.309090909092
1637164931,1,GET,/auth/logout/,0.000000,0.000000,0,0,0,0,0,0,0,0,0,0,0,54,0,190,249.59259259259258,10,2509,1712.0
1637164931,1,POST,/auth/modify-friend/,0.400000,0.000000,380,380,400,400,500,500,500,500,500,500,500,287,0,210,243.62369337979095,31,4340,1713.0
1637164931,1,GET,/public/,0.500000,0.000000,340,340,390,390,510,510,510,510,510,510,510,287,0,250,298.0940766550523,78,940,10219.951219512195
1637164931,1,,Aggregated,2.300000,0.000000,340,380,390,410,570,900,1300,1300,1300,1300,1300,1650,0,240,301.72727272727275,10,4340,5614.154545454546
1637164932,1,GET,/,0.500000,0.000000,570,570,1300,1300,1300,1300,1300,1300,1300,1300,1300,343,0,260,344.4139941690962,79,3450,10345.74052478134
1637164932,1,POST,/,0.000000,0.000000,960,960,960,960,960,960,960,960,960,960,960,49,0,560,582.204081632653,184,1560,10136.979591836734
1637164932,1,GET,/auth/find-friends/,1.000000,0.000000,340,340,360,360,410,900,900,900,900,900,900,575,0,210,245.89565217391305,24,3952,1974.0
1637164932,1,GET,/auth/login/,0.000000,0.000000,0,0,0,0,0,0,0,0,0,0,0,1,0,208,208.0,208,208,2961.0
1637164932,1,POST,/auth/login/,0.000000,0.000000,0,0,0,0,0,0,0,0,0,0,0,55,0,750,744.4727272727273,114,2490,10269.309090909092
1637164932,1,GET,/auth/logout/,0.000000,0.000000,0,0,0,0,0,0,0,0,0,0,0,54,0,190,249.59259259259258,10,2509,1712.0
1637164932,1,POST,/auth/modify-friend/,0.500000,0.000000,380,380,400,400,500,500,500,500,500,500,500,287,0,210,243.62369337979095,31,4340,1713.0
1637164932,1,GET,/public/,0.600000,0.000000,340,340,390,390,520,520,520,520,520,520,520,288,0,250,298.8576388888889,78,940,10220.538194444445
1637164932,1,,Aggregated,2.600000,0.000000,340,360,380,400,570,900,1300,1300,1300,1300,1300,1652,0,240,301.8613801452785,10,4340,5614.841404358353
1637164933,1,GET,/,0.300000,0.000000,570,570,1300,1300,1300,1300,1300,1300,1300,1300,1300,343,0,260,344.4139941690962,79,3450,10345.74052478134
1637164933,1,POST,/,0.000000,0.000000,960,960,960,960,960,960,960,960,960,960,960,49,0,560,582.204081632653,184,1560,10136.979591836734
1637164933,1,GET,/auth/find-friends/,1.100000,0.000000,340,340,360,360,430,900,900,900,900,900,900,576,0,210,246.21527777777777,24,3952,1974.0
1637164933,1,GET,/auth/login/,0.000000,0.000000,0,0,0,0,0,0,0,0,0,0,0,1,0,208,208.0,208,208,2961.0
1637164933,1,POST,/auth/login/,0.000000,0.000000,0,0,0,0,0,0,0,0,0,0,0,55,0,750,744.4727272727273,114,2490,10269.309090909092
1637164933,1,GET,/auth/logout/,0.000000,0.000000,0,0,0,0,0,0,0,0,0,0,0,54,0,190,249.59259259259258,10,2509,1712.0
1637164933,1,POST,/auth/modify-friend/,0.500000,0.000000,380,380,400,400,630,630,630,630,630,630,630,288,0,210,244.97569444444446,31,4340,1713.0
1637164933,1,GET,/public/,0.600000,0.000000,340,340,390,390,520,520,520,520,520,520,520,288,0,250,298.8576388888889,78,940,10220.538194444445
1637164933,1,,Aggregated,2.500000,0.000000,340,380,390,400,570,630,900,900,900,900,900,1654,0,240,302.13905683192263,10,4340,5610.281136638452
1637164934,1,GET,/,0.300000,0.000000,570,570,1300,1300,1300,1300,1300,1300,1300,1300,1300,343,0,260,344.4139941690962,79,3450,10345.74052478134
1637164934,1,POST,/,0.000000,0.000000,0,0,0,0,0,0,0,0,0,0,0,49,0,560,582.204081632653,184,1560,10136.979591836734
1637164934,1,GET,/auth/find-friends/,1.100000,0.000000,340,350,360,430,900,900,900,900,900,900,900,576,0,210,246.21527777777777,24,3952,1974.0
1637164934,1,GET,/auth/login/,0.000000,0.000000,0,0,0,0,0,0,0,0,0,0,0,1,0,208,208.0,208,208,2961.0
1637164934,1,POST,/auth/login/,0.000000,0.000000,0,0,0,0,0,0,0,0,0,0,0,55,0,750,744.4727272727273,114,2490,10269.309090909092
1637164934,1,GET,/auth/logout/,0.000000,0.000000,0,0,0,0,0,0,0,0,0,0,0,54,0,190,249.59259259259258,10,2509,1712.0
1637164934,1,POST,/auth/modify-friend/,0.500000,0.000000,380,400,400,630,630,630,630,630,630,630,630,288,0,210,244.97569444444446,31,4340,1713.0
1637164934,1,GET,/public/,0.600000,0.000000,340,390,390,520,520,520,520,520,520,520,520,288,0,250,298.8576388888889,78,940,10220.538194444445
1637164934,1,,Aggregated,2.500000,0.000000,350,380,400,430,570,630,900,900,900,900,900,1654,0,240,302.13905683192263,10,4340,5610.281136638452
1637164935,1,GET,/,0.300000,0.000000,570,570,1400,1400,1400,1400,1400,1400,1400,1400,1400,345,0,260,347.7913043478261,79,3450,10347.428985507246
1637164935,1,POST,/,0.000000,0.000000,0,0,0,0,0,0,0,0,0,0,0,50,0,560,581.3,184,1560,10146.84
1637164935,1,GET,/auth/find-friends/,1.200000,0.000000,350,360,430,430,900,900,900,900,900,900,900,576,0,210,246.21527777777777,24,3952,1974.0
1637164935,1,GET,/auth/login/,0.000000,0.000000,0,0,0,0,0,0,0,0,0,0,0,1,0,208,208.0,208,208,2961.0
1637164935,1,POST,/auth/login/,0.000000,0.000000,0,0,0,0,0,0,0,0,0,0,0,55,0,750,744.4727272727273,114,2490,10269.309090909092
1637164935,1,GET,/auth/logout/,0.000000,0.000000,0,0,0,0,0,0,0,0,0,0,0,54,0,190,249.59259259259258,10,2509,1712.0
1637164935,1,POST,/auth/modify-friend/,0.500000,0.000000,380,400,400,630,630,630,630,630,630,630,630,288,0,210,244.97569444444446,31,4340,1713.0
1637164935,1,GET,/public/,0.600000,0.000000,340,340,520,520,520,520,520,520,520,520,520,288,0,250,298.8576388888889,78,940,10220.538194444445
1637164935,1,,Aggregated,2.600000,0.000000,380,430,520,540,630,900,1400,1400,1400,1400,1400,1657,0,240,303.0350030175015,10,4340,5619.377791188896
1637164936,1,GET,/,0.300000,0.000000,570,570,1400,1400,1400,1400,1400,1400,1400,1400,1400,345,0,260,347.7913043478261,79,3450,10347.428985507246
1637164936,1,POST,/,0.000000,0.000000,540,540,540,540,540,540,540,540,540,540,540,50,0,560,581.3,184,1560,10146.84
1637164936,1,GET,/auth/find-friends/,1.200000,0.000000,350,360,430,430,900,900,900,900,900,900,900,576,0,210,246.21527777777777,24,3952,1974.0
1637164936,1,GET,/auth/login/,0.000000,0.000000,0,0,0,0,0,0,0,0,0,0,0,1,0,208,208.0,208,208,2961.0
1637164936,1,POST,/auth/login/,0.000000,0.000000,0,0,0,0,0,0,0,0,0,0,0,55,0,750,744.4727272727273,114,2490,10269.309090909092
1637164936,1,GET,/auth/logout/,0.000000,0.000000,190,190,190,190,190,190,190,190,190,190,190,55,0,190,248.54545454545453,10,2509,1712.0
1637164936,1,POST,/auth/modify-friend/,0.500000,0.000000,400,400,630,630,630,630,630,630,630,630,630,288,0,210,244.97569444444446,31,4340,1713.0
1637164936,1,GET,/public/,0.600000,0.000000,340,340,520,520,520,520,520,520,520,520,520,288,0,250,298.8576388888889,78,940,10220.538194444445
1637164936,1,,Aggregated,2.600000,0.000000,380,430,540,570,900,1400,1400,1400,1400,1400,1400,1658,0,240,302.9680337756333,10,4340,5617.021109770808
1637164937,1,GET,/,0.300000,0.000000,430,570,570,1400,1400,1400,1400,1400,1400,1400,1400,346,0,260,347.8468208092485,79,3450,10347.875722543353
1637164937,1,POST,/,0.000000,0.000000,540,540,540,540,540,540,540,540,540,540,540,50,0,560,581.3,184,1560,10146.84
1637164937,1,GET,/auth/find-friends/,1.000000,0.000000,340,340,430,430,900,900,900,900,900,900,900,576,0,210,246.21527777777777,24,3952,1974.0
1637164937,1,GET,/auth/login/,0.000000,0.000000,0,0,0,0,0,0,0,0,0,0,0,1,0,208,208.0,208,208,2961.0
1637164937,1,POST,/auth/login/,0.000000,0.000000,0,0,0,0,0,0,0,0,0,0,0,56,0,740,738.5892857142857,114,2490,10272.214285714286
1637164937,1,GET,/auth/logout/,0.000000,0.000000,190,190,190,190,190,190,190,190,190,190,190,55,0,190,248.54545454545453,10,2509,1712.0
1637164937,1,POST,/auth/modify-friend/,0.500000,0.000000,400,400,630,630,630,630,630,630,630,630,630,288,0,210,244.97569444444446,31,4340,1713.0
1637164937,1,GET,/public/,0.500000,0.000000,340,340,520,520,520,520,520,520,520,520,520,288,0,250,298.8576388888889,78,940,10220.538194444445
1637164937,1,,Aggregated,2.300000,0.000000,380,430,520,540,900,1400,1400,1400,1400,1400,1400,1660,0,240,303.0740963855422,10,4340,5622.864457831325
1637164938,1,GET,/,0.400000,0.000000,380,430,430,1400,1400,1400,1400,1400,1400,1400,1400,347,0,260,347.8126801152738,79,3450,10348.256484149855
1637164938,1,POST,/,0.100000,0.000000,540,540,540,540,540,540,540,540,540,540,540,50,0,560,581.3,184,1560,10146.84
1637164938,1,GET,/auth/find-friends/,0.800000,0.000000,340,340,430,430,900,900,900,900,900,900,900,576,0,210,246.21527777777777,24,3952,1974.0
1637164938,1,GET,/auth/login/,0.000000,0.000000,0,0,0,0,0,0,0,0,0,0,0,1,0,208,208.0,208,208,2961.0
1637164938,1,POST,/auth/login/,0.000000,0.000000,420,420,420,420,420,420,420,420,420,420,420,56,0,740,738.5892857142857,114,2490,10272.214285714286
1637164938,1,GET,/auth/logout/,0.100000,0.000000,190,190,190,190,190,190,190,190,190,190,190,55,0,190,248.54545454545453,10,2509,1712.0
1637164938,1,POST,/auth/modify-friend/,0.400000,0.000000,400,400,630,630,630,630,630,630,630,630,630,288,0,210,244.97569444444446,31,4340,1713.0
1637164938,1,GET,/public/,0.400000,0.000000,520,520,520,520,520,520,520,520,520,520,520,288,0,250,298.8576388888889,78,940,10220.538194444445
1637164938,1,,Aggregated,2.200000,0.000000,400,430,520,540,900,1400,1400,1400,1400,1400,1400,1661,0,240,303.0939193257074,10,4340,5625.788681517159
1637164939,1,GET,/,0.400000,0.000000,430,430,1400,1400,1700,1700,1700,1700,1700,1700,1700,348,0,260,351.6522988505747,79,3450,10348.62356321839
1637164939,1,POST,/,0.100000,0.000000,540,540,540,540,540,540,540,540,540,540,540,50,0,560,581.3,184,1560,10146.84
1637164939,1,GET,/auth/find-friends/,0.600000,0.000000,430,430,900,900,900,900,900,900,900,900,900,576,0,210,246.21527777777777,24,3952,1974.0
1637164939,1,GET,/auth/login/,0.000000,0.000000,0,0,0,0,0,0,0,0,0,0,0,1,0,208,208.0,208,208,2961.0
1637164939,1,POST,/auth/login/,0.000000,0.000000,420,420,420,420,420,420,420,420,420,420,420,56,0,740,738.5892857142857,114,2490,10272.214285714286
1637164939,1,GET,/auth/logout/,0.100000,0.000000,190,190,190,190,190,190,190,190,190,190,190,55,0,190,248.54545454545453,10,2509,1712.0
1637164939,1,POST,/auth/modify-friend/,0.400000,0.000000,400,400,630,630,630,630,630,630,630,630,630,288,0,210,244.97569444444446,31,4340,1713.0
1637164939,1,GET,/public/,0.300000,0.000000,520,520,520,520,520,520,520,520,520,520,520,288,0,250,298.8576388888889,78,940,10220.538194444445
1637164939,1,,Aggregated,1.900000,0.000000,430,520,630,900,1400,1700,1700,1700,1700,1700,1700,1662,0,240,303.924789410349,10,4340,5628.70697954272
1637164940,1,GET,/,0.400000,0.000000,380,430,1400,1400,1700,1700,1700,1700,1700,1700,1700,349,0,260,351.730659025788,79,3450,10349.04011461318
1637164940,1,POST,/,0.100000,0.000000,540,540,540,540,540,540,540,540,540,540,540,50,0,560,581.3,184,1560,10146.84
1637164940,1,GET,/auth/find-friends/,0.600000,0.000000,340,340,430,430,430,430,430,430,430,430,430,576,0,210,246.21527777777777,24,3952,1974.0
1637164940,1,GET,/auth/login/,0.000000,0.000000,0,0,0,0,0,0,0,0,0,0,0,1,0,208,208.0,208,208,2961.0
1637164940,1,POST,/auth/login/,0.100000,0.000000,420,420,420,420,420,420,420,420,420,420,420,56,0,740,738.5892857142857,114,2490,10272.214285714286
1637164940,1,GET,/auth/logout/,0.100000,0.000000,190,190,190,190,190,190,190,190,190,190,190,55,0,190,248.54545454545453,10,2509,1712.0
1637164940,1,POST,/auth/modify-friend/,0.300000,0.000000,630,630,630,630,630,630,630,630,630,630,630,288,0,210,244.97569444444446,31,4340,1713.0
1637164940,1,GET,/public/,0.300000,0.000000,520,520,520,520,520,520,520,520,520,520,520,289,0,260,299.13148788927333,78,940,10220.761245674741
1637164940,1,,Aggregated,1.900000,0.000000,420,430,540,540,1400,1700,1700,1700,1700,1700,1700,1664,0,240,304.0144230769231,10,4340,5634.429086538462
1637164941,1,GET,/,0.500000,0.000000,430,430,1400,1400,1700,1700,1700,1700,1700,1700,1700,349,0,260,351.730659025788,79,3450,10349.04011461318
1637164941,1,POST,/,0.100000,0.000000,540,540,540,540,540,540,540,540,540,540,540,50,0,560,581.3,184,1560,10146.84
1637164941,1,GET,/auth/find-friends/,0.400000,0.000000,430,430,540,540,540,540,540,540,540,540,540,578,0,210,246.8961937716263,24,3952,1974.0
1637164941,1,GET,/auth/login/,0.000000,0.000000,0,0,0,0,0,0,0,0,0,0,0,1,0,208,208.0,208,208,2961.0
1637164941,1,POST,/auth/login/,0.100000,0.000000,420,420,420,420,420,420,420,420,420,420,420,56,0,740,738.5892857142857,114,2490,10272.214285714286
1637164941,1,GET,/auth/logout/,0.100000,0.000000,190,190,190,190,190,190,190,190,190,190,190,55,0,190,248.54545454545453,10,2509,1712.0
1637164941,1,POST,/auth/modify-friend/,0.300000,0.000000,520,520,630,630,630,630,630,630,630,630,630,289,0,210,245.91003460207614,31,4340,1713.0
1637164941,1,GET,/public/,0.200000,0.000000,520,520,520,520,520,520,520,520,520,520,520,289,0,260,299.13148788927333,78,940,10220.761245674741
1637164941,1,,Aggregated,1.700000,0.000000,430,520,540,540,1400,1700,1700,1700,1700,1700,1700,1667,0,240,304.30773845230954,10,4340,5627.6850629874025
1637164943,1,GET,/,0.500000,0.000000,430,430,1400,1400,1700,1700,1700,1700,1700,1700,1700,349,0,260,351.730659025788,79,3450,10349.04011461318
1637164943,1,POST,/,0.100000,0.000000,540,540,540,540,540,540,540,540,540,540,540,50,0,560,581.3,184,1560,10146.84
1637164943,1,GET,/auth/find-friends/,0.400000,0.000000,340,430,430,540,540,540,540,540,540,540,540,579,0,210,247.0189982728843,24,3952,1974.0
1637164943,1,GET,/auth/login/,0.000000,0.000000,0,0,0,0,0,0,0,0,0,0,0,1,0,208,208.0,208,208,2961.0
1637164943,1,POST,/auth/login/,0.100000,0.000000,420,420,420,420,420,420,420,420,420,420,420,56,0,740,738.5892857142857,114,2490,10272.214285714286
1637164943,1,GET,/auth/logout/,0.100000,0.000000,190,190,190,190,190,190,190,190,190,190,190,55,0,190,248.54545454545453,10,2509,1712.0
1637164943,1,POST,/auth/modify-friend/,0.200000,0.000000,630,630,630,630,630,630,630,630,630,630,630,289,0,210,245.91003460207614,31,4340,1713.0
1637164943,1,GET,/public/,0.100000,0.000000,460,460,520,520,520,520,520,520,520,520,520,290,0,260,299.69310344827585,78,940,10220.96896551724
1637164943,1,,Aggregated,1.500000,0.000000,420,460,540,540,1400,1700,1700,1700,1700,1700,1700,1669,0,240,304.4104254044338,10,4340,5628.284002396645
1637164944,1,GET,/,0.600000,0.000000,380,430,430,1700,1700,1700,1700,1700,1700,1700,1700,349,0,260,351.730659025788,79,3450,10349.04011461318
1637164944,1,POST,/,0.100000,0.000000,540,540,540,540,540,540,540,540,540,540,540,50,0,560,581.3,184,1560,10146.84
1637164944,1,GET,/auth/find-friends/,0.300000,0.000000,380,380,430,430,540,540,540,540,540,540,540,580,0,210,247.24310344827586,24,3952,1974.0
1637164944,1,GET,/auth/login/,0.000000,0.000000,0,0,0,0,0,0,0,0,0,0,0,1,0,208,208.0,208,208,2961.0
1637164944,1,POST,/auth/login/,0.100000,0.000000,420,420,420,420,420,420,420,420,420,420,420,56,0,740,738.5892857142857,114,2490,10272.214285714286
1637164944,1,GET,/auth/logout/,0.100000,0.000000,190,190,190,190,190,190,190,190,190,190,190,56,0,190,246.19642857142858,10,2509,1712.0
1637164944,1,POST,/auth/modify-friend/,0.200000,0.000000,520,520,630,630,630,630,630,630,630,630,630,290,0,210,245.33793103448275,31,4340,1713.0
1637164944,1,GET,/public/,0.200000,0.000000,460,460,520,520,520,520,520,520,520,520,520,290,0,260,299.69310344827585,78,940,10220.96896551724
1637164944,1,,Aggregated,1.600000,0.000000,380,430,460,520,540,1700,1700,1700,1700,1700,1700,1672,0,240,304.2075358851675,10,4340,5621.414473684211
1637164945,1,GET,/,0.600000,0.000000,380,430,430,1700,1700,1700,1700,1700,1700,1700,1700,349,0,260,351.730659025788,79,3450,10349.04011461318
1637164945,1,POST,/,0.100000,0.000000,540,540,540,540,540,540,540,540,540,540,540,50,0,560,581.3,184,1560,10146.84
1637164945,1,GET,/auth/find-friends/,0.300000,0.000000,380,380,430,430,540,540,540,540,540,540,540,580,0,210,247.24310344827586,24,3952,1974.0
1637164945,1,GET,/auth/login/,0.000000,0.000000,0,0,0,0,0,0,0,0,0,0,0,1,0,208,208.0,208,208,2961.0
1637164945,1,POST,/auth/login/,0.100000,0.000000,420,420,420,420,420,420,420,420,420,420,420,56,0,740,738.5892857142857,114,2490,10272.214285714286
1637164945,1,GET,/auth/logout/,0.100000,0.000000,190,190,190,190,190,190,190,190,190,190,190,56,0,190,246.19642857142858,10,2509,1712.0
1637164945,1,POST,/auth/modify-friend/,0.200000,0.000000,520,520,630,630,630,630,630,630,630,630,630,290,0,210,245.33793103448275,31,4340,1713.0
1637164945,1,GET,/public/,0.200000,0.000000,460,460,460,460,460,460,460,460,460,460,460,290,0,260,299.69310344827585,78,940,10220.96896551724
1637164945,1,,Aggregated,1.600000,0.000000,380,430,460,520,540,1700,1700,1700,1700,1700,1700,1672,0,240,304.2075358851675,10,4340,5621.414473684211
1637164946,1,GET,/,0.600000,0.000000,380,380,1700,1700,1700,1700,1700,1700,1700,1700,1700,349,0,260,351.730659025788,79,3450,10349.04011461318
1637164946,1,POST,/,0.100000,0.000000,540,540,540,540,540,540,540,540,540,540,540,50,0,560,581.3,184,1560,10146.84
1637164946,1,GET,/auth/find-friends/,0.300000,0.000000,380,380,540,540,540,540,540,540,540,540,540,580,0,210,247.24310344827586,24,3952,1974.0
1637164946,1,GET,/auth/login/,0.000000,0.000000,0,0,0,0,0,0,0,0,0,0,0,1,0,208,208.0,208,208,2961.0
1637164946,1,POST,/auth/login/,0.100000,0.000000,1400,1400,1400,1400,1400,1400,1400,1400,1400,1400,1400,57,0,750,750.7894736842105,114,2490,10274.491228070176
1637164946,1,GET,/auth/logout/,0.100000,0.000000,190,190,190,190,190,190,190,190,190,190,190,56,0,190,246.19642857142858,10,2509,1712.0
1637164946,1,POST,/auth/modify-friend/,0.200000,0.000000,520,520,630,630,630,630,630,630,630,630,630,290,0,210,245.33793103448275,31,4340,1713.0
1637164946,1,GET,/public/,0.200000,0.000000,460,460,460,460,460,460,460,460,460,460,460,290,0,260,299.69310344827585,78,940,10220.96896551724
1637164946,1,,Aggregated,1.600000,0.000000,380,420,520,540,1400,1700,1700,1700,1700,1700,1700,1673,0,240,304.88284518828453,10,4340,5624.271966527197
1637164947,1,GET,/,0.500000,0.000000,440,830,830,1700,1700,1700,1700,1700,1700,1700,1700,351,0,260,353.3532763532763,79,3450,10349.321937321938
1637164947,1,POST,/,0.100000,0.000000,540,540,540,540,540,540,540,540,540,540,540,50,0,560,581.3,184,1560,10146.84
1637164947,1,GET,/auth/find-friends/,0.400000,0.000000,380,380,540,540,540,540,540,540,540,540,540,580,0,210,247.24310344827586,24,3952,1974.0
1637164947,1,GET,/auth/login/,0.000000,0.000000,0,0,0,0,0,0,0,0,0,0,0,1,0,208,208.0,208,208,2961.0
1637164947,1,POST,/auth/login/,0.100000,0.000000,1400,1400,1400,1400,1400,1400,1400,1400,1400,1400,1400,57,0,750,750.7894736842105,114,2490,10274.491228070176
1637164947,1,GET,/auth/logout/,0.200000,0.000000,190,190,190,190,190,190,190,190,190,190,190,56,0,190,246.19642857142858,10,2509,1712.0
1637164947,1,POST,/auth/modify-friend/,0.200000,0.000000,520,520,520,520,520,520,520,520,520,520,520,290,0,210,245.33793103448275,31,4340,1713.0
1637164947,1,GET,/public/,0.200000,0.000000,460,460,460,460,460,460,460,460,460,460,460,290,0,260,299.69310344827585,78,940,10220.96896551724
1637164947,1,,Aggregated,1.700000,0.000000,380,460,540,830,1400,1700,1700,1700,1700,1700,1700,1675,0,240,305.2788059701493,10,4340,5629.972537313432
1637164948,1,GET,/,0.500000,0.000000,830,830,1700,1700,1700,1700,1700,1700,1700,1700,1700,351,0,260,353.3532763532763,79,3450,10349.321937321938
1637164948,1,POST,/,0.100000,0.000000,540,540,540,540,540,540,540,540,540,540,540,50,0,560,581.3,184,1560,10146.84
1637164948,1,GET,/auth/find-friends/,0.400000,0.000000,380,380,540,540,540,540,540,540,540,540,540,580,0,210,247.24310344827586,24,3952,1974.0
1637164948,1,GET,/auth/login/,0.000000,0.000000,0,0,0,0,0,0,0,0,0,0,0,1,0,208,208.0,208,208,2961.0
1637164948,1,POST,/auth/login/,0.100000,0.000000,1400,1400,1400,1400,1400,1400,1400,1400,1400,1400,1400,57,0,750,750.7894736842105,114,2490,10274.491228070176
1637164948,1,GET,/auth/logout/,0.200000,0.000000,190,190,190,190,190,190,190,190,190,190,190,56,0,190,246.19642857142858,10,2509,1712.0
1637164948,1,POST,/auth/modify-friend/,0.200000,0.000000,520,520,520,520,520,520,520,520,520,520,520,290,0,210,245.33793103448275,31,4340,1713.0
1637164948,1,GET,/public/,0.200000,0.000000,460,460,600,600,600,600,600,600,600,600,600,291,0,260,300.74226804123714,78,940,10220.862542955327
1637164948,1,,Aggregated,1.700000,0.000000,440,520,600,830,1400,1700,1700,1700,1700,1700,1700,1676,0,240,305.45763723150355,10,4340,5632.693317422434
1637164949,1,GET,/,0.400000,0.000000,440,440,830,830,830,830,830,830,830,830,830,351,0,260,353.3532763532763,79,3450,10349.321937321938
1637164949,1,POST,/,0.000000,0.000000,540,540,540,540,540,540,540,540,540,540,540,50,0,560,581.3,184,1560,10146.84
1637164949,1,GET,/auth/find-friends/,0.400000,0.000000,430,430,510,510,540,540,540,540,540,540,540,582,0,210,248.0,24,3952,1974.0
1637164949,1,GET,/auth/login/,0.000000,0.000000,0,0,0,0,0,0,0,0,0,0,0,1,0,208,208.0,208,208,2961.0
1637164949,1,POST,/auth/login/,0.200000,0.000000,1400,1400,1400,1400,1400,1400,1400,1400,1400,1400,1400,57,0,750,750.7894736842105,114,2490,10274.491228070176
1637164949,1,GET,/auth/logout/,0.100000,0.000000,120,120,120,120,120,120,120,120,120,120,120,56,0,190,246.19642857142858,10,2509,1712.0
1637164949,1,POST,/auth/modify-friend/,0.200000,0.000000,520,520,520,520,520,520,520,520,520,520,520,290,0,210,245.33793103448275,31,4340,1713.0
1637164949,1,GET,/public/,0.200000,0.000000,460,460,600,600,600,600,600,600,600,600,600,291,0,260,300.74226804123714,78,940,10220.862542955327
1637164949,1,,Aggregated,1.500000,0.000000,440,510,540,540,830,1400,1400,1400,1400,1400,1400,1678,0,240,305.6507747318236,10,4340,5628.332538736591
1637164950,1,GET,/,0.400000,0.000000,440,440,830,830,830,830,830,830,830,830,830,351,0,260,353.3532763532763,79,3450,10349.321937321938
1637164950,1,POST,/,0.000000,0.000000,540,540,540,540,540,540,540,540,540,540,540,50,0,560,581.3,184,1560,10146.84
1637164950,1,GET,/auth/find-friends/,0.400000,0.000000,430,430,510,510,540,540,540,540,540,540,540,582,0,210,248.0,24,3952,1974.0
1637164950,1,GET,/auth/login/,0.000000,0.000000,0,0,0,0,0,0,0,0,0,0,0,1,0,208,208.0,208,208,2961.0
1637164950,1,POST,/auth/login/,0.200000,0.000000,1400,1400,1400,1400,1400,1400,1400,1400,1400,1400,1400,57,0,750,750.7894736842105,114,2490,10274.491228070176
1637164950,1,GET,/auth/logout/,0.100000,0.000000,120,120,120,120,120,120,120,120,120,120,120,56,0,190,246.19642857142858,10,2509,1712.0
1637164950,1,POST,/auth/modify-friend/,0.200000,0.000000,520,520,520,520,520,520,520,520,520,520,520,290,0,210,245.33793103448275,31,4340,1713.0
1637164950,1,GET,/public/,0.200000,0.000000,460,460,600,600,600,600,600,600,600,600,600,291,0,260,300.74226804123714,78,940,10220.862542955327
1637164950,1,,Aggregated,1.500000,0.000000,460,520,540,600,830,1400,1400,1400,1400,1400,1400,1678,0,240,305.6507747318236,10,4340,5628.332538736591
1637164951,1,GET,/,0.400000,0.000000,440,440,830,830,830,830,830,830,830,830,830,351,0,260,353.3532763532763,79,3450,10349.321937321938
1637164951,1,POST,/,0.000000,0.000000,540,540,540,540,540,540,540,540,540,540,540,50,0,560,581.3,184,1560,10146.84
1637164951,1,GET,/auth/find-friends/,0.600000,0.000000,430,430,510,510,510,510,510,510,510,510,510,582,0,210,248.0,24,3952,1974.0
1637164951,1,GET,/auth/login/,0.000000,0.000000,0,0,0,0,0,0,0,0,0,0,0,1,0,208,208.0,208,208,2961.0
1637164951,1,POST,/auth/login/,0.100000,0.000000,1400,1400,1400,1400,1400,1400,1400,1400,1400,1400,1400,57,0,750,750.7894736842105,114,2490,10274.491228070176
1637164951,1,GET,/auth/logout/,0.100000,0.000000,120,120,120,120,120,120,120,120,120,120,120,56,0,190,246.19642857142858,10,2509,1712.0
1637164951,1,POST,/auth/modify-friend/,0.200000,0.000000,520,520,2000,2000,2000,2000,2000,2000,2000,2000,2000,291,0,210,251.27147766323023,31,4340,1713.0
1637164951,1,GET,/public/,0.300000,0.000000,460,460,600,600,600,600,600,600,600,600,600,292,0,260,301.30479452054794,78,940,10220.811643835616
1637164951,1,,Aggregated,1.700000,0.000000,460,510,600,830,1400,2000,2000,2000,2000,2000,2000,1680,0,240,306.7375,10,4340,5628.726785714286
1637164952,1,GET,/,0.400000,0.000000,440,440,830,830,830,830,830,830,830,830,830,351,0,260,353.3532763532763,79,3450,10349.321937321938
1637164952,1,POST,/,0.000000,0.000000,540,540,540,540,540,540,540,540,540,540,540,50,0,560,581.3,184,1560,10146.84
1637164952,1,GET,/auth/find-friends/,0.600000,0.000000,380,430,430,510,510,510,510,510,510,510,510,584,0,210,248.12671232876713,24,3952,1974.0
1637164952,1,GET,/auth/login/,0.000000,0.000000,0,0,0,0,0,0,0,0,0,0,0,1,0,208,208.0,208,208,2961.0
1637164952,1,POST,/auth/login/,0.100000,0.000000,1400,1400,1400,1400,1400,1400,1400,1400,1400,1400,1400,57,0,750,750.7894736842105,114,2490,10274.491228070176
1637164952,1,GET,/auth/logout/,0.100000,0.000000,120,120,120,120,120,120,120,120,120,120,120,56,0,190,246.19642857142858,10,2509,1712.0
1637164952,1,POST,/auth/modify-friend/,0.200000,0.000000,310,310,2000,2000,2000,2000,2000,2000,2000,2000,2000,292,0,210,251.48287671232876,31,4340,1713.0
1637164952,1,GET,/public/,0.300000,0.000000,460,460,600,600,600,600,600,600,600,600,600,292,0,260,301.30479452054794,78,940,10220.811643835616
1637164952,1,,Aggregated,1.700000,0.000000,440,510,600,830,1400,2000,2000,2000,2000,2000,2000,1683,0,240,306.7153891859774,10,4340,5622.057040998217
1637164953,1,GET,/,0.200000,0.000000,830,830,830,830,830,830,830,830,830,830,830,351,0,260,353.3532763532763,79,3450,10349.321937321938
1637164953,1,POST,/,0.000000,0.000000,0,0,0,0,0,0,0,0,0,0,0,50,0,560,581.3,184,1560,10146.84
1637164953,1,GET,/auth/find-friends/,0.600000,0.000000,380,380,430,430,510,510,510,510,510,510,510,586,0,210,248.3703071672355,24,3952,1974.0
1637164953,1,GET,/auth/login/,0.000000,0.000000,0,0,0,0,0,0,0,0,0,0,0,1,0,208,208.0,208,208,2961.0
1637164953,1,POST,/auth/login/,0.100000,0.000000,1400,1400,1400,1400,1400,1400,1400,1400,1400,1400,1400,57,0,750,750.7894736842105,114,2490,10274.491228070176
1637164953,1,GET,/auth/logout/,0.100000,0.000000,120,120,120,120,120,120,120,120,120,120,120,56,0,190,246.19642857142858,10,2509,1712.0
1637164953,1,POST,/auth/modify-friend/,0.300000,0.000000,310,310,2000,2000,2000,2000,2000,2000,2000,2000,2000,292,0,210,251.48287671232876,31,4340,1713.0
1637164953,1,GET,/public/,0.200000,0.000000,490,490,600,600,600,600,600,600,600,600,600,293,0,260,301.94880546075086,78,940,10220.767918088737
1637164953,1,,Aggregated,1.500000,0.000000,430,490,510,600,1400,2000,2000,2000,2000,2000,2000,1686,0,240,306.83926453143533,10,4340,5620.449584816133
1637164954,1,GET,/,0.200000,0.000000,830,830,830,830,830,830,830,830,830,830,830,351,0,260,353.3532763532763,79,3450,10349.321937321938
1637164954,1,POST,/,0.000000,0.000000,0,0,0,0,0,0,0,0,0,0,0,50,0,560,581.3,184,1560,10146.84
1637164954,1,GET,/auth/find-friends/,0.600000,0.000000,380,380,430,430,510,510,510,510,510,510,510,586,0,210,248.3703071672355,24,3952,1974.0
1637164954,1,GET,/auth/login/,0.000000,0.000000,0,0,0,0,0,0,0,0,0,0,0,1,0,208,208.0,208,208,2961.0
1637164954,1,POST,/auth/login/,0.100000,0.000000,1400,1400,1400,1400,1400,1400,1400,1400,1400,1400,1400,57,0,750,750.7894736842105,114,2490,10274.491228070176
1637164954,1,GET,/auth/logout/,0.100000,0.000000,120,120,120,120,120,120,120,120,120,120,120,56,0,190,246.19642857142858,10,2509,1712.0
1637164954,1,POST,/auth/modify-friend/,0.300000,0.000000,480,480,2000,2000,2000,2000,2000,2000,2000,2000,2000,293,0,210,252.27986348122866,31,4340,1713.0
1637164954,1,GET,/public/,0.200000,0.000000,490,490,600,600,600,600,600,600,600,600,600,293,0,260,301.94880546075086,78,940,10220.767918088737
1637164954,1,,Aggregated,1.500000,0.000000,460,490,600,830,1400,2000,2000,2000,2000,2000,2000,1687,0,240,306.9448725548311,10,4340,5618.133372851215
1637164955,1,GET,/,0.200000,0.000000,810,810,830,830,830,830,830,830,830,830,830,353,0,260,354.7195467422096,79,3450,10350.589235127478
1637164955,1,POST,/,0.000000,0.000000,0,0,0,0,0,0,0,0,0,0,0,50,0,560,581.3,184,1560,10146.84
1637164955,1,GET,/auth/find-friends/,0.600000,0.000000,380,380,430,430,510,510,510,510,510,510,510,586,0,210,248.3703071672355,24,3952,1974.0
1637164955,1,GET,/auth/login/,0.000000,0.000000,0,0,0,0,0,0,0,0,0,0,0,1,0,208,208.0,208,208,2961.0
1637164955,1,POST,/auth/login/,0.100000,0.000000,1400,1400,1400,1400,1400,1400,1400,1400,1400,1400,1400,57,0,750,750.7894736842105,114,2490,10274.491228070176
1637164955,1,GET,/auth/logout/,0.100000,0.000000,120,120,120,120,120,120,120,120,120,120,120,56,0,190,246.19642857142858,10,2509,1712.0
1637164955,1,POST,/auth/modify-friend/,0.300000,0.000000,480,480,2000,2000,2000,2000,2000,2000,2000,2000,2000,293,0,210,252.27986348122866,31,4340,1713.0
1637164955,1,GET,/public/,0.300000,0.000000,490,490,600,600,600,600,600,600,600,600,600,293,0,260,301.94880546075086,78,940,10220.767918088737
1637164955,1,,Aggregated,1.600000,0.000000,460,490,600,600,830,2000,2000,2000,2000,2000,2000,1689,0,240,307.28537596210776,10,4340,5624.000592066312
1637164956,1,GET,/,0.200000,0.000000,440,440,810,810,810,810,810,810,810,810,810,353,0,260,354.7195467422096,79,3450,10350.589235127478
1637164956,1,POST,/,0.000000,0.000000,700,700,700,700,700,700,700,700,700,700,700,51,0,560,583.5882352941177,184,1560,10154.313725490196
1637164956,1,GET,/auth/find-friends/,0.600000,0.000000,370,380,430,430,510,510,510,510,510,510,510,587,0,210,248.51448040885862,24,3952,1974.0
1637164956,1,GET,/auth/login/,0.000000,0.000000,0,0,0,0,0,0,0,0,0,0,0,1,0,208,208.0,208,208,2961.0
1637164956,1,POST,/auth/login/,0.100000,0.000000,1400,1400,1400,1400,1400,1400,1400,1400,1400,1400,1400,57,0,750,750.7894736842105,114,2490,10274.491228070176
1637164956,1,GET,/auth/logout/,0.000000,0.000000,120,120,120,120,120,120,120,120,120,120,120,56,0,190,246.19642857142858,10,2509,1712.0
1637164956,1,POST,/auth/modify-friend/,0.300000,0.000000,480,480,2000,2000,2000,2000,2000,2000,2000,2000,2000,293,0,210,252.27986348122866,31,4340,1713.0
1637164956,1,GET,/public/,0.300000,0.000000,490,490,600,600,600,600,600,600,600,600,600,294,0,260,302.00680272108843,78,940,10220.792517006803
1637164956,1,,Aggregated,1.500000,0.000000,440,480,510,600,810,2000,2000,2000,2000,2000,2000,1692,0,240,307.5384160756501,10,4340,5627.462765957447
1637164957,1,GET,/,0.200000,0.000000,440,440,810,810,810,810,810,810,810,810,810,354,0,260,354.728813559322,79,3450,10350.550847457627
1637164957,1,POST,/,0.000000,0.000000,700,700,700,700,700,700,700,700,700,700,700,51,0,560,583.5882352941177,184,1560,10154.313725490196
1637164957,1,GET,/auth/find-friends/,0.600000,0.000000,370,380,430,430,510,510,510,510,510,510,510,588,0,210,248.51530612244898,24,3952,1974.0
1637164957,1,GET,/auth/login/,0.000000,0.000000,0,0,0,0,0,0,0,0,0,0,0,1,0,208,208.0,208,208,2961.0
1637164957,1,POST,/auth/login/,0.100000,0.000000,1400,1400,1400,1400,1400,1400,1400,1400,1400,1400,1400,57,0,750,750.7894736842105,114,2490,10274.491228070176
1637164957,1,GET,/auth/logout/,0.000000,0.000000,120,120,120,120,120,120,120,120,120,120,120,56,0,190,246.19642857142858,10,2509,1712.0
1637164957,1,POST,/auth/modify-friend/,0.300000,0.000000,480,480,2000,2000,2000,2000,2000,2000,2000,2000,2000,294,0,210,252.20068027210885,31,4340,1713.0
1637164957,1,GET,/public/,0.300000,0.000000,490,490,600,600,600,600,600,600,600,600,600,294,0,260,302.00680272108843,78,940,10220.792517006803
1637164957,1,,Aggregated,1.500000,0.000000,380,460,490,510,810,2000,2000,2000,2000,2000,2000,1695,0,240,307.4873156342183,10,4340,5625.776401179941
1637164958,1,GET,/,0.200000,0.000000,440,440,810,810,810,810,810,810,810,810,810,354,0,260,354.728813559322,79,3450,10350.550847457627
1637164958,1,POST,/,0.000000,0.000000,700,700,700,700,700,700,700,700,700,700,700,51,0,560,583.5882352941177,184,1560,10154.313725490196
1637164958,1,GET,/auth/find-friends/,0.600000,0.000000,370,380,430,430,510,510,510,510,510,510,510,588,0,210,248.51530612244898,24,3952,1974.0
1637164958,1,GET,/auth/login/,0.000000,0.000000,0,0,0,0,0,0,0,0,0,0,0,1,0,208,208.0,208,208,2961.0
1637164958,1,POST,/auth/login/,0.100000,0.000000,1400,1400,1400,1400,1400,1400,1400,1400,1400,1400,1400,57,0,750,750.7894736842105,114,2490,10274.491228070176
1637164958,1,GET,/auth/logout/,0.000000,0.000000,120,120,120,120,120,120,120,120,120,120,120,56,0,190,246.19642857142858,10,2509,1712.0
1637164958,1,POST,/auth/modify-friend/,0.300000,0.000000,480,480,2000,2000,2000,2000,2000,2000,2000,2000,2000,294,0,210,252.20068027210885,31,4340,1713.0
1637164958,1,GET,/public/,0.300000,0.000000,490,490,600,600,600,600,600,600,600,600,600,294,0,260,302.00680272108843,78,940,10220.792517006803
1637164958,1,,Aggregated,1.500000,0.000000,380,460,490,510,810,2000,2000,2000,2000,2000,2000,1695,0,240,307.4873156342183,10,4340,5625.776401179941
1637164959,1,GET,/,0.200000,0.000000,440,440,810,810,810,810,810,810,810,810,810,354,0,260,354.728813559322,79,3450,10350.550847457627
1637164959,1,POST,/,0.000000,0.000000,700,700,700,700,700,700,700,700,700,700,700,51,0,560,583.5882352941177,184,1560,10154.313725490196
1637164959,1,GET,/auth/find-friends/,0.600000,0.000000,330,330,370,370,380,380,380,380,380,380,380,588,0,210,248.51530612244898,24,3952,1974.0
1637164959,1,GET,/auth/login/,0.000000,0.000000,0,0,0,0,0,0,0,0,0,0,0,1,0,208,208.0,208,208,2961.0
1637164959,1,POST,/auth/login/,0.100000,0.000000,1400,1400,1400,1400,1400,1400,1400,1400,1400,1400,1400,57,0,750,750.7894736842105,114,2490,10274.491228070176
1637164959,1,GET,/auth/logout/,0.000000,0.000000,120,120,120,120,120,120,120,120,120,120,120,56,0,190,246.19642857142858,10,2509,1712.0
1637164959,1,POST,/auth/modify-friend/,0.300000,0.000000,480,480,2000,2000,2000,2000,2000,2000,2000,2000,2000,294,0,210,252.20068027210885,31,4340,1713.0
1637164959,1,GET,/public/,0.300000,0.000000,460,460,490,490,490,490,490,490,490,490,490,294,0,260,302.00680272108843,78,940,10220.792517006803
1637164959,1,,Aggregated,1.500000,0.000000,370,460,480,490,810,2000,2000,2000,2000,2000,2000,1695,0,240,307.4873156342183,10,4340,5625.776401179941
1637164960,1,GET,/,0.200000,0.000000,380,380,810,810,810,810,810,810,810,810,810,354,0,260,354.728813559322,79,3450,10350.550847457627
1637164960,1,POST,/,0.000000,0.000000,700,700,700,700,700,700,700,700,700,700,700,51,0,560,583.5882352941177,184,1560,10154.313725490196
1637164960,1,GET,/auth/find-friends/,0.600000,0.000000,330,330,370,370,380,380,380,380,380,380,380,588,0,210,248.51530612244898,24,3952,1974.0
1637164960,1,GET,/auth/login/,0.000000,0.000000,0,0,0,0,0,0,0,0,0,0,0,1,0,208,208.0,208,208,2961.0
1637164960,1,POST,/auth/login/,0.100000,0.000000,1400,1400,1400,1400,1400,1400,1400,1400,1400,1400,1400,57,0,750,750.7894736842105,114,2490,10274.491228070176
1637164960,1,GET,/auth/logout/,0.000000,0.000000,120,120,120,120,120,120,120,120,120,120,120,56,0,190,246.19642857142858,10,2509,1712.0
1637164960,1,POST,/auth/modify-friend/,0.300000,0.000000,310,310,480,480,480,480,480,480,480,480,480,294,0,210,252.20068027210885,31,4340,1713.0
1637164960,1,GET,/public/,0.300000,0.000000,460,460,490,490,490,490,490,490,490,490,490,294,0,260,302.00680272108843,78,940,10220.792517006803
1637164960,1,,Aggregated,1.500000,0.000000,370,380,480,480,700,810,810,810,810,810,810,1695,0,240,307.4873156342183,10,4340,5625.776401179941
1637164961,1,GET,/,0.200000,0.000000,380,380,810,810,810,810,810,810,810,810,810,354,0,260,354.728813559322,79,3450,10350.550847457627
1637164961,1,POST,/,0.000000,0.000000,700,700,700,700,700,700,700,700,700,700,700,51,0,560,583.5882352941177,184,1560,10154.313725490196
1637164961,1,GET,/auth/find-friends/,0.600000,0.000000,330,330,380,380,380,380,380,380,380,380,380,588,0,210,248.51530612244898,24,3952,1974.0
1637164961,1,GET,/auth/login/,0.000000,0.000000,0,0,0,0,0,0,0,0,0,0,0,1,0,208,208.0,208,208,2961.0
1637164961,1,POST,/auth/login/,0.100000,0.000000,1400,1400,1400,1400,1400,1400,1400,1400,1400,1400,1400,57,0,750,750.7894736842105,114,2490,10274.491228070176
1637164961,1,GET,/auth/logout/,0.000000,0.000000,0,0,0,0,0,0,0,0,0,0,0,56,0,190,246.19642857142858,10,2509,1712.0
1637164961,1,POST,/auth/modify-friend/,0.300000,0.000000,310,310,480,480,480,480,480,480,480,480,480,294,0,210,252.20068027210885,31,4340,1713.0
1637164961,1,GET,/public/,0.300000,0.000000,490,490,490,490,490,490,490,490,490,490,490,294,0,260,302.00680272108843,78,940,10220.792517006803
1637164961,1,,Aggregated,1.500000,0.000000,380,380,490,490,700,810,810,810,810,810,810,1695,0,240,307.4873156342183,10,4340,5625.776401179941
1637164962,1,GET,/,0.200000,0.000000,380,380,810,810,810,810,810,810,810,810,810,354,0,260,354.728813559322,79,3450,10350.550847457627
1637164962,1,POST,/,0.000000,0.000000,700,700,700,700,700,700,700,700,700,700,700,51,0,560,583.5882352941177,184,1560,10154.313725490196
1637164962,1,GET,/auth/find-friends/,0.600000,0.000000,330,330,380,380,380,380,380,380,380,380,380,588,0,210,248.51530612244898,24,3952,1974.0
1637164962,1,GET,/auth/login/,0.000000,0.000000,0,0,0,0,0,0,0,0,0,0,0,1,0,208,208.0,208,208,2961.0
1637164962,1,POST,/auth/login/,0.100000,0.000000,1400,1400,1400,1400,1400,1400,1400,1400,1400,1400,1400,57,0,750,750.7894736842105,114,2490,10274.491228070176
1637164962,1,GET,/auth/logout/,0.000000,0.000000,0,0,0,0,0,0,0,0,0,0,0,56,0,190,246.19642857142858,10,2509,1712.0
1637164962,1,POST,/auth/modify-friend/,0.300000,0.000000,480,480,480,480,480,480,480,480,480,480,480,294,0,210,252.20068027210885,31,4340,1713.0
1637164962,1,GET,/public/,0.300000,0.000000,490,490,490,490,490,490,490,490,490,490,490,294,0,260,302.00680272108843,78,940,10220.792517006803
1637164962,1,,Aggregated,1.500000,0.000000,380,380,480,700,810,810,810,810,810,810,810,1695,0,240,307.4873156342183,10,4340,5625.776401179941
1637164963,1,GET,/,0.300000,0.000000,810,810,6300,6300,6300,6300,6300,6300,6300,6300,6300,355,0,270,371.3492957746479,79,6255,10350.766197183098
1637164963,1,POST,/,0.100000,0.000000,700,700,700,700,700,700,700,700,700,700,700,51,0,560,583.5882352941177,184,1560,10154.313725490196
1637164963,1,GET,/auth/find-friends/,0.600000,0.000000,330,330,380,380,380,380,380,380,380,380,380,588,0,210,248.51530612244898,24,3952,1974.0
1637164963,1,GET,/auth/login/,0.000000,0.000000,0,0,0,0,0,0,0,0,0,0,0,1,0,208,208.0,208,208,2961.0
1637164963,1,POST,/auth/login/,0.000000,0.000000,0,0,0,0,0,0,0,0,0,0,0,57,0,750,750.7894736842105,114,2490,10274.491228070176
1637164963,1,GET,/auth/logout/,0.000000,0.000000,0,0,0,0,0,0,0,0,0,0,0,56,0,190,246.19642857142858,10,2509,1712.0
1637164963,1,POST,/auth/modify-friend/,0.300000,0.000000,480,480,480,480,480,480,480,480,480,480,480,294,0,210,252.20068027210885,31,4340,1713.0
1637164963,1,GET,/public/,0.300000,0.000000,320,320,320,320,320,320,320,320,320,320,320,294,0,260,302.00680272108843,78,940,10220.792517006803
1637164963,1,,Aggregated,1.600000,0.000000,360,380,700,810,6300,6300,6300,6300,6300,6300,6300,1696,0,240,310.9941037735849,10,6255,5628.607311320755
1637164964,1,GET,/,0.300000,0.000000,810,810,6300,6300,6300,6300,6300,6300,6300,6300,6300,355,0,270,371.3492957746479,79,6255,10350.766197183098
1637164964,1,POST,/,0.100000,0.000000,700,700,700,700,700,700,700,700,700,700,700,52,0,560,585.6538461538462,184,1560,10161.807692307691
1637164964,1,GET,/auth/find-friends/,0.400000,0.000000,250,250,330,330,330,330,330,330,330,330,330,589,0,210,248.38030560271648,24,3952,1974.0
1637164964,1,GET,/auth/login/,0.000000,0.000000,0,0,0,0,0,0,0,0,0,0,0,1,0,208,208.0,208,208,2961.0
1637164964,1,POST,/auth/login/,0.000000,0.000000,0,0,0,0,0,0,0,0,0,0,0,57,0,750,750.7894736842105,114,2490,10274.491228070176
1637164964,1,GET,/auth/logout/,0.000000,0.000000,0,0,0,0,0,0,0,0,0,0,0,56,0,190,246.19642857142858,10,2509,1712.0
1637164964,1,POST,/auth/modify-friend/,0.200000,0.000000,230,230,230,230,230,230,230,230,230,230,230,294,0,210,252.20068027210885,31,4340,1713.0
1637164964,1,GET,/public/,0.200000,0.000000,340,340,340,340,340,340,340,340,340,340,340,295,0,260,302.1186440677966,78,940,10220.894915254237
1637164964,1,,Aggregated,1.200000,0.000000,340,360,690,700,6300,6300,6300,6300,6300,6300,6300,1699,0,240,311.14832254267213,10,6255,5632.070041200706
1637164965,1,GET,/,0.300000,0.000000,540,540,6300,6300,6300,6300,6300,6300,6300,6300,6300,357,0,270,371.1652661064426,79,6255,10351.081232492998
1637164965,1,POST,/,0.100000,0.000000,700,700,700,700,700,700,700,700,700,700,700,52,0,560,585.6538461538462,184,1560,10161.807692307691
1637164965,1,GET,/auth/find-friends/,0.300000,0.000000,250,250,330,330,330,330,330,330,330,330,330,590,0,210,248.24406779661018,24,3952,1974.0
1637164965,1,GET,/auth/login/,0.000000,0.000000,0,0,0,0,0,0,0,0,0,0,0,1,0,208,208.0,208,208,2961.0
1637164965,1,POST,/auth/login/,0.000000,0.000000,0,0,0,0,0,0,0,0,0,0,0,57,0,750,750.7894736842105,114,2490,10274.491228070176
1637164965,1,GET,/auth/logout/,0.000000,0.000000,0,0,0,0,0,0,0,0,0,0,0,56,0,190,246.19642857142858,10,2509,1712.0
1637164965,1,POST,/auth/modify-friend/,0.200000,0.000000,230,230,230,230,230,230,230,230,230,230,230,295,0,210,252.135593220339,31,4340,1713.0
1637164965,1,GET,/public/,0.100000,0.000000,340,340,340,340,340,340,340,340,340,340,340,295,0,260,302.1186440677966,78,940,10220.894915254237
1637164965,1,,Aggregated,1.000000,0.000000,330,340,540,540,690,6300,6300,6300,6300,6300,6300,1703,0,240,311.0504991192014,10,6255,5633.228420434527
1637164966,1,GET,/,0.400000,0.000000,360,360,540,540,6300,6300,6300,6300,6300,6300,6300,359,0,270,370.6908077994429,79,6255,10351.34818941504
1637164966,1,POST,/,0.200000,0.000000,690,690,700,700,700,700,700,700,700,700,700,53,0,560,584.1132075471698,184,1560,10165.792452830188
1637164966,1,GET,/auth/find-friends/,0.200000,0.000000,250,250,330,330,330,330,330,330,330,330,330,590,0,210,248.24406779661018,24,3952,1974.0
1637164966,1,GET,/auth/login/,0.000000,0.000000,0,0,0,0,0,0,0,0,0,0,0,1,0,208,208.0,208,208,2961.0
1637164966,1,POST,/auth/login/,0.000000,0.000000,0,0,0,0,0,0,0,0,0,0,0,57,0,750,750.7894736842105,114,2490,10274.491228070176
1637164966,1,GET,/auth/logout/,0.000000,0.000000,0,0,0,0,0,0,0,0,0,0,0,56,0,190,246.19642857142858,10,2509,1712.0
1637164966,1,POST,/auth/modify-friend/,0.100000,0.000000,230,230,230,230,230,230,230,230,230,230,230,295,0,210,252.135593220339,31,4340,1713.0
1637164966,1,GET,/public/,0.100000,0.000000,340,340,340,340,340,340,340,340,340,340,340,295,0,260,302.1186440677966,78,940,10220.894915254237
1637164966,1,,Aggregated,1.000000,0.000000,330,360,500,540,690,6300,6300,6300,6300,6300,6300,1706,0,240,311.13423212192265,10,6255,5641.593786635404
1637164967,1,GET,/,0.200000,0.000000,360,360,540,540,6300,6300,6300,6300,6300,6300,6300,361,0,270,369.6565096952909,79,6255,10351.127423822714
1637164967,1,POST,/,0.200000,0.000000,690,690,700,700,700,700,700,700,700,700,700,53,0,560,584.1132075471698,184,1560,10165.792452830188
1637164967,1,GET,/auth/find-friends/,0.400000,0.000000,170,170,250,250,330,330,330,330,330,330,330,594,0,210,246.85690235690237,24,3952,1974.0
1637164967,1,GET,/auth/login/,0.000000,0.000000,0,0,0,0,0,0,0,0,0,0,0,1,0,208,208.0,208,208,2961.0
1637164967,1,POST,/auth/login/,0.000000,0.000000,0,0,0,0,0,0,0,0,0,0,0,57,0,750,750.7894736842105,114,2490,10274.491228070176
1637164967,1,GET,/auth/logout/,0.000000,0.000000,0,0,0,0,0,0,0,0,0,0,0,56,0,190,246.19642857142858,10,2509,1712.0
1637164967,1,POST,/auth/modify-friend/,0.200000,0.000000,230,230,230,230,230,230,230,230,230,230,230,297,0,210,250.76767676767676,31,4340,1713.0
1637164967,1,GET,/public/,0.200000,0.000000,170,320,320,340,340,340,340,340,340,340,340,298,0,260,300.251677852349,78,940,10219.124161073825
1637164967,1,,Aggregated,1.200000,0.000000,210,290,340,360,540,690,6300,6300,6300,6300,6300,1717,0,240,309.7146185206756,10,6255,5641.606872451951
1637164968,1,GET,/,0.400000,0.000000,290,360,360,540,6300,6300,6300,6300,6300,6300,6300,362,0,260,368.8867403314917,79,6255,10351.060773480664
1637164968,1,POST,/,0.100000,0.000000,690,690,700,700,700,700,700,700,700,700,700,53,0,560,584.1132075471698,184,1560,10165.792452830188
1637164968,1,GET,/auth/find-friends/,0.400000,0.000000,45,48,170,170,250,330,330,330,330,330,330,601,0,210,244.53078202995007,24,3952,1974.0
1637164968,1,GET,/auth/login/,0.000000,0.000000,0,0,0,0,0,0,0,0,0,0,0,1,0,208,208.0,208,208,2961.0
1637164968,1,POST,/auth/login/,0.000000,0.000000,0,0,0,0,0,0,0,0,0,0,0,57,0,750,750.7894736842105,114,2490,10274.491228070176
1637164968,1,GET,/auth/logout/,0.000000,0.000000,0,0,0,0,0,0,0,0,0,0,0,56,0,190,246.19642857142858,10,2509,1712.0
1637164968,1,POST,/auth/modify-friend/,0.200000,0.000000,50,50,230,230,230,230,230,230,230,230,230,300,0,210,248.75333333333333,31,4340,1713.0
1637164968,1,GET,/public/,0.100000,0.000000,96,170,320,320,340,340,340,340,340,340,340,301,0,260,298.04651162790697,75,940,10217.29900332226
1637164968,1,,Aggregated,1.200000,0.000000,86,170,250,330,500,690,6300,6300,6300,6300,6300,1731,0,240,307.6753321779318,10,6255,5630.289428076257
1637164969,1,GET,/,0.600000,0.000000,140,290,360,360,540,6300,6300,6300,6300,6300,6300,365,0,260,366.5753424657534,79,6255,10348.871232876712
1637164969,1,POST,/,0.200000,0.000000,690,690,690,690,690,690,690,690,690,690,690,53,0,560,584.1132075471698,184,1560,10165.792452830188
1637164969,1,GET,/auth/find-friends/,0.200000,0.000000,43,48,76,170,250,330,330,330,330,330,330,606,0,210,242.83828382838283,24,3952,1974.0
1637164969,1,GET,/auth/login/,0.000000,0.000000,0,0,0,0,0,0,0,0,0,0,0,1,0,208,208.0,208,208,2961.0
1637164969,1,POST,/auth/login/,0.000000,0.000000,0,0,0,0,0,0,0,0,0,0,0,57,0,750,750.7894736842105,114,2490,10274.491228070176
1637164969,1,GET,/auth/logout/,0.000000,0.000000,0,0,0,0,0,0,0,0,0,0,0,56,0,190,246.19642857142858,10,2509,1712.0
1637164969,1,POST,/auth/modify-friend/,0.100000,0.000000,50,50,50,230,230,230,230,230,230,230,230,303,0,210,246.77887788778878,31,4340,1713.0
1637164969,1,GET,/public/,0.100000,0.000000,86,96,170,230,340,340,340,340,340,340,340,303,0,250,297.0990099009901,75,940,10214.772277227723
1637164969,1,,Aggregated,1.200000,0.000000,76,91,170,210,360,540,6300,6300,6300,6300,6300,1744,0,240,305.9076834862385,10,6255,5625.552178899083
1637164970,1,GET,/,0.700000,0.000000,100,140,290,290,540,6300,6300,6300,6300,6300,6300,370,0,260,362.9054054054054,79,6255,10345.381081081081
1637164970,1,POST,/,0.200000,0.000000,500,500,690,690,690,690,690,690,690,690,690,54,0,560,577.1111111111111,184,1560,10164.555555555555
1637164970,1,GET,/auth/find-friends/,1.000000,0.000000,42,46,47,48,76,170,170,170,170,170,170,610,0,210,241.52622950819674,24,3952,1974.0
1637164970,1,GET,/auth/login/,0.000000,0.000000,0,0,0,0,0,0,0,0,0,0,0,1,0,208,208.0,208,208,2961.0
1637164970,1,POST,/auth/login/,0.000000,0.000000,0,0,0,0,0,0,0,0,0,0,0,57,0,750,750.7894736842105,114,2490,10274.491228070176
1637164970,1,GET,/auth/logout/,0.000000,0.000000,0,0,0,0,0,0,0,0,0,0,0,56,0,190,246.19642857142858,10,2509,1712.0
1637164970,1,POST,/auth/modify-friend/,0.400000,0.000000,50,50,50,50,230,230,230,230,230,230,230,304,0,210,246.1315789473684,31,4340,1713.0
1637164970,1,GET,/public/,0.500000,0.000000,85,96,170,170,230,340,340,340,340,340,340,305,0,250,295.67868852459014,75,940,10211.737704918032
1637164970,1,,Aggregated,2.800000,0.000000,79,86,120,170,290,500,690,6300,6300,6300,6300,1757,0,240,304.24928856004556,10,6255,5634.96186681844
1637164971,1,GET,/,0.800000,0.000000,100,140,290,290,540,6300,6300,6300,6300,6300,6300,370,0,260,362.9054054054054,79,6255,10345.381081081081
1637164971,1,POST,/,0.200000,0.000000,500,500,690,690,690,690,690,690,690,690,690,54,0,560,577.1111111111111,184,1560,10164.555555555555
1637164971,1,GET,/auth/find-friends/,1.600000,0.000000,42,45,47,48,76,170,170,170,170,170,170,612,0,200,240.86274509803923,24,3952,1974.0
1637164971,1,GET,/auth/login/,0.000000,0.000000,0,0,0,0,0,0,0,0,0,0,0,1,0,208,208.0,208,208,2961.0
1637164971,1,POST,/auth/login/,0.000000,0.000000,0,0,0,0,0,0,0,0,0,0,0,57,0,750,750.7894736842105,114,2490,10274.491228070176
1637164971,1,GET,/auth/logout/,0.000000,0.000000,0,0,0,0,0,0,0,0,0,0,0,57,0,190,242.08771929824562,10,2509,1712.0
1637164971,1,POST,/auth/modify-friend/,0.700000,0.000000,50,50,50,50,54,230,230,230,230,230,230,306,0,200,244.86274509803923,31,4340,1713.0
1637164971,1,GET,/public/,0.800000,0.000000,85,86,170,170,230,340,340,340,340,340,340,306,0,250,294.97712418300654,75,940,10210.183006535948
1637164971,1,,Aggregated,4.100000,0.000000,76,86,100,170,290,500,690,6300,6300,6300,6300,1763,0,240,303.36925694838345,10,6255,5626.460578559274
1637164972,1,GET,/,1.400000,0.000000,95,120,210,290,540,6300,6300,6300,6300,6300,6300,372,0,260,361.40860215053766,77,6255,10343.96505376344
1637164972,1,POST,/,0.200000,0.000000,500,500,690,690,690,690,690,690,690,690,690,55,0,560,570.0727272727273,184,1560,10163.145454545454
1637164972,1,GET,/auth/find-friends/,1.800000,0.000000,42,45,47,48,76,170,170,170,170,170,170,612,0,200,240.86274509803923,24,3952,1974.0
1637164972,1,GET,/auth/login/,0.000000,0.000000,0,0,0,0,0,0,0,0,0,0,0,1,0,208,208.0,208,208,2961.0
1637164972,1,POST,/auth/login/,0.000000,0.000000,0,0,0,0,0,0,0,0,0,0,0,58,0,740,740.2413793103449,114,2490,10270.086206896553
1637164972,1,GET,/auth/logout/,0.000000,0.000000,12,12,12,12,12,12,12,12,12,12,12,57,0,190,242.08771929824562,10,2509,1712.0
1637164972,1,POST,/auth/modify-friend/,0.900000,0.000000,50,50,50,50,54,230,230,230,230,230,230,306,0,200,244.86274509803923,31,4340,1713.0
1637164972,1,GET,/public/,0.900000,0.000000,85,86,170,170,230,340,340,340,340,340,340,306,0,250,294.97712418300654,75,940,10210.183006535948
1637164972,1,,Aggregated,5.200000,0.000000,77,86,120,170,230,500,690,6300,6300,6300,6300,1767,0,240,302.9643463497453,10,6255,5636.513865308432
1637164973,1,GET,/,1.600000,0.000000,92,100,140,210,360,540,6300,6300,6300,6300,6300,376,0,260,358.4414893617021,76,6255,10340.675531914894
1637164973,1,POST,/,0.300000,0.000000,340,500,500,690,690,690,690,690,690,690,690,56,0,540,566.0535714285714,184,1560,10162.089285714286
1637164973,1,GET,/auth/find-friends/,2.400000,0.000000,42,45,46,47,76,170,170,170,170,170,170,617,0,200,239.24635332252836,24,3952,1974.0
1637164973,1,GET,/auth/login/,0.000000,0.000000,0,0,0,0,0,0,0,0,0,0,0,1,0,208,208.0,208,208,2961.0
1637164973,1,POST,/auth/login/,0.000000,0.000000,140,140,140,140,140,140,140,140,140,140,140,58,0,740,740.2413793103449,114,2490,10270.086206896553
1637164973,1,GET,/auth/logout/,0.000000,0.000000,12,12,12,12,12,12,12,12,12,12,12,57,0,190,242.08771929824562,10,2509,1712.0
1637164973,1,POST,/auth/modify-friend/,1.100000,0.000000,50,50,50,53,54,230,230,230,230,230,230,308,0,200,243.6038961038961,31,4340,1713.0
1637164973,1,GET,/public/,1.200000,0.000000,82,85,96,170,230,340,340,340,340,340,340,309,0,250,292.88996763754045,75,940,10206.867313915858
1637164973,1,,Aggregated,6.600000,0.000000,76,82,92,120,210,340,500,540,540,540,540,1782,0,230,301.1010101010101,10,6255,5641.338383838384
1637164974,1,GET,/,1.600000,0.000000,91,95,120,140,290,360,540,540,540,540,540,376,0,260,358.4414893617021,76,6255,10340.675531914894
1637164974,1,POST,/,0.300000,0.000000,340,340,500,500,500,500,500,500,500,500,500,56,0,540,566.0535714285714,184,1560,10162.089285714286
1637164974,1,GET,/auth/find-friends/,2.400000,0.000000,42,43,46,46,76,170,170,170,170,170,170,624,0,200,237.07371794871796,24,3952,1974.0
1637164974,1,GET,/auth/login/,0.000000,0.000000,0,0,0,0,0,0,0,0,0,0,0,1,0,208,208.0,208,208,2961.0
1637164974,1,POST,/auth/login/,0.000000,0.000000,140,140,140,140,140,140,140,140,140,140,140,58,0,740,740.2413793103449,114,2490,10270.086206896553
1637164974,1,GET,/auth/logout/,0.100000,0.000000,12,12,12,12,12,12,12,12,12,12,12,58,0,190,238.08620689655172,10,2509,1712.0
1637164974,1,POST,/auth/modify-friend/,1.200000,0.000000,50,50,50,53,54,230,230,230,230,230,230,312,0,200,241.12179487179486,31,4340,1713.0
1637164974,1,GET,/public/,1.200000,0.000000,82,85,91,96,230,340,340,340,340,340,340,312,0,250,290.87179487179486,74,940,10204.375
1637164974,1,,Aggregated,6.800000,0.000000,53,80,86,91,170,290,500,540,540,540,540,1797,0,230,299.0205898720089,10,6255,5623.311074012243
1637164975,1,GET,/,1.900000,0.000000,90,95,100,120,290,360,360,360,360,360,360,377,0,260,357.6976127320955,76,6255,10340.18302387268
1637164975,1,POST,/,0.500000,0.000000,340,340,500,500,500,500,500,500,500,500,500,56,0,540,566.0535714285714,184,1560,10162.089285714286
1637164975,1,GET,/auth/find-friends/,2.400000,0.000000,41,43,45,46,48,76,78,78,78,78,78,624,0,200,237.07371794871796,24,3952,1974.0
1637164975,1,GET,/auth/login/,0.000000,0.000000,0,0,0,0,0,0,0,0,0,0,0,1,0,208,208.0,208,208,2961.0
1637164975,1,POST,/auth/login/,0.100000,0.000000,140,140,140,140,140,140,140,140,140,140,140,59,0,740,729.457627118644,104,2490,10268.135593220339
1637164975,1,GET,/auth/logout/,0.100000,0.000000,12,12,12,12,12,12,12,12,12,12,12,58,0,190,238.08620689655172,10,2509,1712.0
1637164975,1,POST,/auth/modify-friend/,1.200000,0.000000,50,50,50,50,53,54,54,54,54,54,54,312,0,200,241.12179487179486,31,4340,1713.0
1637164975,1,GET,/public/,1.200000,0.000000,82,85,86,91,170,230,230,230,230,230,230,312,0,250,290.87179487179486,74,940,10204.375
1637164975,1,,Aggregated,7.400000,0.000000,53,79,85,90,140,230,360,500,500,500,500,1799,0,230,298.7893274041134,10,6255,5628.349082823791
1637164976,1,GET,/,2.100000,0.000000,83,90,92,95,100,120,120,120,120,120,120,380,0,260,355.5026315789474,76,6255,10339.826315789474
1637164976,1,POST,/,0.400000,0.000000,210,340,340,500,500,500,500,500,500,500,500,57,0,540,559.8245614035088,184,1560,10163.456140350878
1637164976,1,GET,/auth/find-friends/,3.000000,0.000000,40,43,45,46,48,76,78,78,78,78,78,629,0,200,235.49443561208267,24,3952,1974.0
1637164976,1,GET,/auth/login/,0.000000,0.000000,0,0,0,0,0,0,0,0,0,0,0,1,0,208,208.0,208,208,2961.0
1637164976,1,POST,/auth/login/,0.100000,0.000000,140,140,140,140,140,140,140,140,140,140,140,59,0,740,729.457627118644,104,2490,10268.135593220339
1637164976,1,GET,/auth/logout/,0.100000,0.000000,12,12,12,12,12,12,12,12,12,12,12,58,0,190,238.08620689655172,10,2509,1712.0
1637164976,1,POST,/auth/modify-friend/,1.500000,0.000000,50,50,50,53,54,67,67,67,67,67,67,314,0,200,239.95541401273886,31,4340,1713.0
1637164976,1,GET,/public/,1.500000,0.000000,82,84,86,91,170,230,230,230,230,230,230,315,0,250,288.86031746031745,74,940,10203.050793650793
1637164976,1,,Aggregated,8.700000,0.000000,50,79,81,84,96,170,210,230,340,340,340,1813,0,230,297.0319911748483,10,6255,5631.559293987865
1637164977,1,GET,/,2.100000,0.000000,83,86,91,92,95,100,120,120,120,120,120,382,0,260,354.07068062827227,76,6255,10339.104712041884
1637164977,1,POST,/,0.400000,0.000000,210,340,340,500,500,500,500,500,500,500,500,57,0,540,559.8245614035088,184,1560,10163.456140350878
1637164977,1,GET,/auth/find-friends/,3.400000,0.000000,39,41,43,43,46,78,83,83,83,83,83,636,0,200,233.38993710691824,24,3952,1974.0
1637164977,1,GET,/auth/login/,0.000000,0.000000,0,0,0,0,0,0,0,0,0,0,0,1,0,208,208.0,208,208,2961.0
1637164977,1,POST,/auth/login/,0.100000,0.000000,140,140,140,140,140,140,140,140,140,140,140,59,0,740,729.457627118644,104,2490,10268.135593220339
1637164977,1,GET,/auth/logout/,0.200000,0.000000,12,12,12,12,12,12,12,12,12,12,12,58,0,190,238.08620689655172,10,2509,1712.0
1637164977,1,POST,/auth/modify-friend/,1.700000,0.000000,50,50,53,53,61,67,67,67,67,67,67,318,0,200,237.59748427672955,31,4340,1713.0
1637164977,1,GET,/public/,1.700000,0.000000,81,82,82,84,91,230,230,230,230,230,230,318,0,250,286.90880503144655,74,940,10201.044025157233
1637164977,1,,Aggregated,9.600000,0.000000,53,79,81,83,95,140,210,230,340,340,340,1829,0,230,294.9420448332422,10,6255,5621.13832695462
1637164978,1,GET,/,2.000000,0.000000,82,86,90,92,95,100,120,120,120,120,120,383,0,260,353.3603133159269,76,6255,10338.757180156657
1637164978,1,POST,/,0.400000,0.000000,210,210,340,340,340,340,340,340,340,340,340,57,0,540,559.8245614035088,184,1560,10163.456140350878
1637164978,1,GET,/auth/find-friends/,3.400000,0.000000,38,41,43,43,46,78,83,83,83,83,83,643,0,200,231.27527216174184,24,3952,1974.0
1637164978,1,GET,/auth/login/,0.000000,0.000000,0,0,0,0,0,0,0,0,0,0,0,1,0,208,208.0,208,208,2961.0
1637164978,1,POST,/auth/login/,0.200000,0.000000,140,140,140,140,140,140,140,140,140,140,140,59,0,740,729.457627118644,104,2490,10268.135593220339
1637164978,1,GET,/auth/logout/,0.200000,0.000000,12,12,12,12,12,12,12,12,12,12,12,58,0,190,238.08620689655172,10,2509,1712.0
1637164978,1,POST,/auth/modify-friend/,1.700000,0.000000,50,50,53,53,61,67,67,67,67,67,67,321,0,200,235.83177570093457,31,4340,1713.0
1637164978,1,GET,/public/,1.700000,0.000000,82,84,87,91,230,230,230,230,230,230,230,322,0,250,285.0,74,940,10198.645962732919
1637164978,1,,Aggregated,9.600000,0.000000,53,79,82,84,100,190,230,230,340,340,340,1844,0,230,293.1041214750542,10,6255,5612.937635574837
1637164980,1,GET,/,2.000000,0.000000,83,85,88,90,95,95,95,95,95,95,95,388,0,260,349.9046391752577,76,6255,10337.36855670103
1637164980,1,POST,/,0.400000,0.000000,210,210,210,340,340,340,340,340,340,340,340,58,0,540,553.7931034482758,184,1560,10164.896551724138
1637164980,1,GET,/auth/find-friends/,4.000000,0.000000,39,43,44,46,52,78,83,83,83,83,83,646,0,200,230.43962848297213,24,3952,1974.0
1637164980,1,GET,/auth/login/,0.000000,0.000000,0,0,0,0,0,0,0,0,0,0,0,1,0,208,208.0,208,208,2961.0
1637164980,1,POST,/auth/login/,0.200000,0.000000,140,140,140,140,140,140,140,140,140,140,140,59,0,740,729.457627118644,104,2490,10268.135593220339
1637164980,1,GET,/auth/logout/,0.200000,0.000000,12,12,12,12,12,12,12,12,12,12,12,58,0,190,238.08620689655172,10,2509,1712.0
1637164980,1,POST,/auth/modify-friend/,2.000000,0.000000,50,51,52,53,61,67,67,67,67,67,67,323,0,200,234.69040247678018,31,4340,1713.0
1637164980,1,GET,/public/,2.000000,0.000000,82,84,87,91,140,230,230,230,230,230,230,323,0,250,284.3993808049536,74,940,10197.984520123839
1637164980,1,,Aggregated,10.800000,0.000000,53,79,82,84,92,190,230,340,340,340,340,1856,0,230,291.73922413793105,10,6255,5620.146551724138
1637164981,1,GET,/,2.100000,0.000000,83,87,92,92,95,97,98,98,98,98,98,393,0,260,346.618320610687,76,6255,10337.625954198473
1637164981,1,POST,/,0.400000,0.000000,210,300,300,340,340,340,340,340,340,340,340,59,0,540,549.5084745762712,184,1560,10168.813559322034
1637164981,1,GET,/auth/find-friends/,3.800000,0.000000,38,41,43,44,52,78,83,83,83,83,83,648,0,200,229.84413580246914,24,3952,1974.0
1637164981,1,GET,/auth/login/,0.000000,0.000000,0,0,0,0,0,0,0,0,0,0,0,1,0,208,208.0,208,208,2961.0
1637164981,1,POST,/auth/login/,0.200000,0.000000,140,140,140,140,140,140,140,140,140,140,140,59,0,740,729.457627118644,104,2490,10268.135593220339
1637164981,1,GET,/auth/logout/,0.200000,0.000000,12,12,12,12,12,12,12,12,12,12,12,58,0,190,238.08620689655172,10,2509,1712.0
1637164981,1,POST,/auth/modify-friend/,2.000000,0.000000,50,52,52,53,61,67,67,67,67,67,67,324,0,190,234.12654320987653,31,4340,1713.0
1637164981,1,GET,/public/,2.000000,0.000000,84,87,90,91,140,230,230,230,230,230,230,324,0,250,283.79938271604937,74,940,10197.876543209877
1637164981,1,,Aggregated,10.700000,0.000000,61,80,84,87,97,190,230,300,340,340,340,1866,0,230,290.69882100750266,10,6255,5631.832797427653
1637164982,1,GET,/,2.000000,0.000000,83,85,87,88,92,97,98,98,98,98,98,395,0,250,345.2911392405063,76,6255,10337.79493670886
1637164982,1,POST,/,0.500000,0.000000,210,210,300,300,340,340,340,340,340,340,340,60,0,530,543.7333333333333,184,1560,10172.883333333333
1637164982,1,GET,/auth/find-friends/,4.000000,0.000000,39,41,43,44,46,58,83,83,83,83,83,654,0,200,228.1085626911315,24,3952,1974.0
1637164982,1,GET,/auth/login/,0.000000,0.000000,0,0,0,0,0,0,0,0,0,0,0,1,0,208,208.0,208,208,2961.0
1637164982,1,POST,/auth/login/,0.200000,0.000000,140,140,140,140,140,140,140,140,140,140,140,59,0,740,729.457627118644,104,2490,10268.135593220339
1637164982,1,GET,/auth/logout/,0.200000,0.000000,10,10,10,10,10,10,10,10,10,10,10,58,0,190,238.08620689655172,10,2509,1712.0
1637164982,1,POST,/auth/modify-friend/,2.000000,0.000000,49,51,52,52,53,61,67,67,67,67,67,327,0,190,232.42813455657492,31,4340,1713.0
1637164982,1,GET,/public/,2.000000,0.000000,84,88,91,91,100,140,230,230,230,230,230,327,0,250,282.0611620795107,74,940,10197.495412844037
1637164982,1,,Aggregated,10.900000,0.000000,52,79,83,85,92,140,210,230,300,300,300,1881,0,230,288.93673577884107,10,6255,5628.711855396066
1637164983,1,GET,/,2.000000,0.000000,83,86,88,92,97,98,110,110,110,110,110,396,0,250,344.6868686868687,76,6255,10337.886363636364
1637164983,1,POST,/,0.500000,0.000000,210,210,300,300,340,340,340,340,340,340,340,60,0,530,543.7333333333333,184,1560,10172.883333333333
1637164983,1,GET,/auth/find-friends/,4.000000,0.000000,38,41,44,44,52,83,200,200,200,200,200,658,0,200,227.21428571428572,24,3952,1974.0
1637164983,1,GET,/auth/login/,0.000000,0.000000,0,0,0,0,0,0,0,0,0,0,0,1,0,208,208.0,208,208,2961.0
1637164983,1,POST,/auth/login/,0.200000,0.000000,100,100,100,100,100,100,100,100,100,100,100,59,0,740,729.457627118644,104,2490,10268.135593220339
1637164983,1,GET,/auth/logout/,0.200000,0.000000,11,11,11,11,11,11,11,11,11,11,11,59,0,190,234.23728813559322,10,2509,1712.0
1637164983,1,POST,/auth/modify-friend/,2.000000,0.000000,50,52,52,53,61,67,67,67,67,67,67,329,0,190,231.32218844984803,31,4340,1713.0
1637164983,1,GET,/public/,2.000000,0.000000,88,91,91,98,140,230,230,230,230,230,230,329,0,240,280.9179331306991,74,940,10196.58358662614
1637164983,1,,Aggregated,10.900000,0.000000,52,82,85,88,98,200,210,230,300,300,300,1891,0,220,287.7948175568482,10,6255,5621.951348492861
1637164984,1,GET,/,2.500000,0.000000,85,87,92,92,98,110,110,110,110,110,110,396,0,250,344.6868686868687,76,6255,10337.886363636364
1637164984,1,POST,/,0.600000,0.000000,210,210,300,300,300,300,300,300,300,300,300,60,0,530,543.7333333333333,184,1560,10172.883333333333
1637164984,1,GET,/auth/find-friends/,4.200000,0.000000,38,41,43,44,46,58,200,200,200,200,200,660,0,200,226.6439393939394,24,3952,1974.0
1637164984,1,GET,/auth/login/,0.000000,0.000000,0,0,0,0,0,0,0,0,0,0,0,1,0,208,208.0,208,208,2961.0
1637164984,1,POST,/auth/login/,0.200000,0.000000,100,100,100,100,100,100,100,100,100,100,100,60,0,720,719.0166666666667,103,2490,10271.216666666667
1637164984,1,GET,/auth/logout/,0.100000,0.000000,11,11,11,11,11,11,11,11,11,11,11,59,0,190,234.23728813559322,10,2509,1712.0
1637164984,1,POST,/auth/modify-friend/,2.000000,0.000000,50,52,52,53,61,67,67,67,67,67,67,329,0,190,231.32218844984803,31,4340,1713.0
1637164984,1,GET,/public/,2.100000,0.000000,88,91,91,91,100,140,230,230,230,230,230,330,0,240,280.3424242424242,74,940,10196.527272727273
1637164984,1,,Aggregated,11.700000,0.000000,58,83,87,90,100,200,230,300,300,300,300,1895,0,220,287.33087071240107,10,6255,5623.054881266491
1637164985,1,GET,/,2.300000,0.000000,84,86,88,92,97,98,110,110,110,110,110,398,0,250,343.35929648241205,76,6255,10338.841708542714
1637164985,1,POST,/,0.400000,0.000000,210,210,210,300,300,300,300,300,300,300,300,61,0,530,538.1475409836065,184,1560,10179.032786885246
1637164985,1,GET,/auth/find-friends/,4.600000,0.000000,39,41,44,44,58,160,200,200,200,200,200,664,0,190,225.70030120481928,24,3952,1974.0
1637164985,1,GET,/auth/login/,0.000000,0.000000,0,0,0,0,0,0,0,0,0,0,0,1,0,208,208.0,208,208,2961.0
1637164985,1,POST,/auth/login/,0.100000,0.000000,100,100,100,100,100,100,100,100,100,100,100,60,0,720,719.0166666666667,103,2490,10271.216666666667
1637164985,1,GET,/auth/logout/,0.200000,0.000000,11,11,11,11,11,11,11,11,11,11,11,59,0,190,234.23728813559322,10,2509,1712.0
1637164985,1,POST,/auth/modify-friend/,2.300000,0.000000,50,52,52,53,67,75,75,75,75,75,75,332,0,190,229.75301204819277,31,4340,1713.0
1637164985,1,GET,/public/,2.300000,0.000000,90,91,91,98,140,230,230,230,230,230,230,332,0,240,279.171686746988,74,940,10197.611445783132
1637164985,1,,Aggregated,12.200000,0.000000,58,82,87,90,100,200,210,230,300,300,300,1907,0,220,286.0414263240692,10,6255,5621.961719979025
1637164986,1,GET,/,2.000000,0.000000,85,88,92,97,98,99,110,110,110,110,110,403,0,250,340.20843672456573,76,6255,10341.803970223325
1637164986,1,POST,/,0.400000,0.000000,210,210,210,210,300,300,300,300,300,300,300,62,0,500,532.6935483870968,184,1560,10184.645161290322
1637164986,1,GET,/auth/find-friends/,4.000000,0.000000,39,41,44,44,52,160,200,200,200,200,200,666,0,190,225.14414414414415,24,3952,1974.0
1637164986,1,GET,/auth/login/,0.000000,0.000000,0,0,0,0,0,0,0,0,0,0,0,1,0,208,208.0,208,208,2961.0
1637164986,1,POST,/auth/login/,0.200000,0.000000,100,100,100,100,100,100,100,100,100,100,100,60,0,720,719.0166666666667,103,2490,10271.216666666667
1637164986,1,GET,/auth/logout/,0.200000,0.000000,11,11,11,11,11,11,11,11,11,11,11,59,0,190,234.23728813559322,10,2509,1712.0
1637164986,1,POST,/auth/modify-friend/,2.000000,0.000000,50,52,52,52,61,75,75,75,75,75,75,333,0,190,229.2192192192192,31,4340,1713.0
1637164986,1,GET,/public/,2.100000,0.000000,90,91,91,98,140,230,230,230,230,230,230,333,0,240,278.5765765765766,74,940,10198.081081081082
1637164986,1,,Aggregated,10.900000,0.000000,61,84,88,91,100,200,210,230,300,300,300,1917,0,220,284.9984350547731,10,6255,5634.069379238394
1637164987,1,GET,/,2.200000,0.000000,85,88,97,97,99,100,110,110,110,110,110,406,0,240,338.36206896551727,76,6255,10343.554187192118
1637164987,1,POST,/,0.500000,0.000000,200,210,210,210,300,300,300,300,300,300,300,65,0,490,517.2461538461539,184,1560,10202.446153846155
1637164987,1,GET,/auth/find-friends/,3.800000,0.000000,40,43,44,45,58,160,200,200,200,200,200,668,0,190,224.63023952095807,24,3952,1974.0
1637164987,1,GET,/auth/login/,0.000000,0.000000,0,0,0,0,0,0,0,0,0,0,0,1,0,208,208.0,208,208,2961.0
1637164987,1,POST,/auth/login/,0.200000,0.000000,100,100,100,100,100,100,100,100,100,100,100,60,0,720,719.0166666666667,103,2490,10271.216666666667
1637164987,1,GET,/auth/logout/,0.100000,0.000000,11,11,11,11,11,11,11,11,11,11,11,59,0,190,234.23728813559322,10,2509,1712.0
1637164987,1,POST,/auth/modify-friend/,1.900000,0.000000,50,52,52,52,53,75,75,75,75,75,75,334,0,190,228.69161676646706,31,4340,1713.0
1637164987,1,GET,/public/,2.000000,0.000000,90,91,91,98,100,230,230,230,230,230,230,334,0,240,277.9940119760479,74,940,10198.34131736527
1637164987,1,,Aggregated,10.700000,0.000000,79,86,91,97,190,200,230,300,300,300,300,1927,0,220,284.0949662688116,10,6255,5646.032174364297
1637164988,1,GET,/,2.200000,0.000000,86,88,97,97,99,100,110,110,110,110,110,407,0,240,337.74201474201476,76,6255,10344.314496314497
1637164988,1,POST,/,0.500000,0.000000,200,210,210,210,300,300,300,300,300,300,300,65,0,490,517.2461538461539,184,1560,10202.446153846155
1637164988,1,GET,/auth/find-friends/,3.800000,0.000000,41,43,44,44,70,160,200,200,200,200,200,672,0,190,223.53125,24,3952,1974.0
1637164988,1,GET,/auth/login/,0.000000,0.000000,0,0,0,0,0,0,0,0,0,0,0,1,0,208,208.0,208,208,2961.0
1637164988,1,POST,/auth/login/,0.200000,0.000000,100,100,100,100,100,100,100,100,100,100,100,60,0,720,719.0166666666667,103,2490,10271.216666666667
1637164988,1,GET,/auth/logout/,0.100000,0.000000,12,12,12,12,12,12,12,12,12,12,12,60,0,170,230.53333333333333,10,2509,1712.0
1637164988,1,POST,/auth/modify-friend/,1.900000,0.000000,50,52,52,53,53,75,75,75,75,75,75,336,0,190,227.61011904761904,31,4340,1713.0
1637164988,1,GET,/public/,2.000000,0.000000,90,91,91,91,98,100,100,100,100,100,100,336,0,240,276.8184523809524,74,940,10199.592261904761
1637164988,1,,Aggregated,10.700000,0.000000,81,86,91,97,160,200,210,300,300,300,300,1937,0,220,282.89313371192566,10,6255,5639.859576664946
1637164989,1,GET,/,2.600000,0.000000,86,92,97,98,100,110,110,110,110,110,110,407,0,240,337.74201474201476,76,6255,10344.314496314497
1637164989,1,POST,/,0.800000,0.000000,200,200,210,210,300,300,300,300,300,300,300,65,0,490,517.2461538461539,184,1560,10202.446153846155
1637164989,1,GET,/auth/find-friends/,3.600000,0.000000,39,41,43,44,70,160,200,200,200,200,200,675,0,190,222.7288888888889,24,3952,1974.0
1637164989,1,GET,/auth/login/,0.000000,0.000000,0,0,0,0,0,0,0,0,0,0,0,1,0,208,208.0,208,208,2961.0
1637164989,1,POST,/auth/login/,0.100000,0.000000,170,170,170,170,170,170,170,170,170,170,170,61,0,720,709.9672131147541,103,2490,10275.327868852459
1637164989,1,GET,/auth/logout/,0.100000,0.000000,12,12,12,12,12,12,12,12,12,12,12,60,0,170,230.53333333333333,10,2509,1712.0
1637164989,1,POST,/auth/modify-friend/,1.800000,0.000000,50,52,53,53,58,75,75,75,75,75,75,337,0,190,227.10682492581603,31,4340,1713.0
1637164989,1,GET,/public/,1.900000,0.000000,88,90,91,91,98,100,100,100,100,100,100,338,0,240,275.67455621301775,74,940,10200.162721893492
1637164989,1,,Aggregated,10.900000,0.000000,79,86,91,97,170,200,210,300,300,300,300,1944,0,220,282.14248971193416,10,6255,5639.484053497942
1637164990,1,GET,/,2.500000,0.000000,85,86,99,100,110,250,250,250,250,250,250,408,0,240,337.53186274509807,76,6255,10345.014705882353
1637164990,1,POST,/,0.800000,0.000000,200,200,200,200,210,210,210,210,210,210,210,65,0,490,517.2461538461539,184,1560,10202.446153846155
1637164990,1,GET,/auth/find-friends/,3.600000,0.000000,40,41,44,44,61,160,200,200,200,200,200,681,0,190,221.11160058737153,24,3952,1974.0
1637164990,1,GET,/auth/login/,0.000000,0.000000,0,0,0,0,0,0,0,0,0,0,0,1,0,208,208.0,208,208,2961.0
1637164990,1,POST,/auth/login/,0.100000,0.000000,170,170,170,170,170,170,170,170,170,170,170,61,0,720,709.9672131147541,103,2490,10275.327868852459
1637164990,1,GET,/auth/logout/,0.200000,0.000000,12,12,12,12,12,12,12,12,12,12,12,60,0,170,230.53333333333333,10,2509,1712.0
1637164990,1,POST,/auth/modify-friend/,1.800000,0.000000,50,50,53,53,58,75,75,75,75,75,75,340,0,180,225.48529411764707,31,4340,1713.0
1637164990,1,GET,/public/,1.700000,0.000000,87,91,91,91,100,130,130,130,130,130,130,341,0,240,274.1143695014663,74,940,10200.41055718475
1637164990,1,,Aggregated,10.700000,0.000000,58,84,88,91,160,200,210,250,250,250,250,1957,0,220,280.7342871742463,10,6255,5631.8114460909555
1637164991,1,GET,/,2.400000,0.000000,87,88,99,100,110,250,250,250,250,250,250,413,0,240,334.5278450363196,76,6255,10345.486682808716
1637164991,1,POST,/,0.800000,0.000000,200,200,200,200,210,210,210,210,210,210,210,65,0,490,517.2461538461539,184,1560,10202.446153846155
1637164991,1,GET,/auth/find-friends/,2.900000,0.000000,39,42,44,45,70,160,200,200,200,200,200,686,0,180,219.8935860058309,24,3952,1974.0
1637164991,1,GET,/auth/login/,0.000000,0.000000,0,0,0,0,0,0,0,0,0,0,0,1,0,208,208.0,208,208,2961.0
1637164991,1,POST,/auth/login/,0.200000,0.000000,170,170,170,170,170,170,170,170,170,170,170,61,0,720,709.9672131147541,103,2490,10275.327868852459
1637164991,1,GET,/auth/logout/,0.200000,0.000000,12,12,12,12,12,12,12,12,12,12,12,60,0,170,230.53333333333333,10,2509,1712.0
1637164991,1,POST,/auth/modify-friend/,1.500000,0.000000,48,50,52,53,58,75,75,75,75,75,75,343,0,180,223.87755102040816,31,4340,1713.0
1637164991,1,GET,/public/,1.500000,0.000000,87,90,91,91,100,130,130,130,130,130,130,343,0,240,273.06413994169094,74,940,10200.0583090379
1637164991,1,,Aggregated,9.500000,0.000000,70,84,88,97,130,200,210,250,250,250,250,1972,0,220,279.12119675456387,10,6255,5633.1967545638945
1637164992,1,GET,/,2.000000,0.000000,87,97,100,100,110,250,250,250,250,250,250,415,0,240,333.3734939759036,76,6255,10345.69156626506
1637164992,1,POST,/,0.700000,0.000000,200,200,200,200,210,210,210,210,210,210,210,67,0,460,507.6268656716418,184,1560,10209.0
1637164992,1,GET,/auth/find-friends/,3.400000,0.000000,39,41,43,44,70,160,200,200,200,200,200,690,0,180,218.78840579710146,24,3952,1974.0
1637164992,1,GET,/auth/login/,0.000000,0.000000,0,0,0,0,0,0,0,0,0,0,0,1,0,208,208.0,208,208,2961.0
1637164992,1,POST,/auth/login/,0.200000,0.000000,170,170,170,170,170,170,170,170,170,170,170,61,0,720,709.9672131147541,103,2490,10275.327868852459
1637164992,1,GET,/auth/logout/,0.200000,0.000000,12,12,12,12,12,12,12,12,12,12,12,60,0,170,230.53333333333333,10,2509,1712.0
1637164992,1,POST,/auth/modify-friend/,1.600000,0.000000,48,50,52,53,58,75,75,75,75,75,75,345,0,180,222.7913043478261,31,4340,1713.0
1637164992,1,GET,/public/,1.700000,0.000000,84,87,91,91,100,130,130,130,130,130,130,345,0,240,271.94202898550725,74,940,10199.779710144927
1637164992,1,,Aggregated,9.800000,0.000000,75,84,87,97,160,200,210,250,250,250,250,1984,0,220,277.90120967741933,10,6255,5636.043346774193
1637164993,1,GET,/,1.800000,0.000000,87,90,100,100,130,250,280,280,280,280,280,420,0,240,330.92619047619047,74,6255,10348.07142857143
1637164993,1,POST,/,0.600000,0.000000,200,200,200,200,210,210,210,210,210,210,210,69,0,450,497.1014492753623,143,1560,10217.884057971014
1637164993,1,GET,/auth/find-friends/,3.600000,0.000000,39,41,42,43,61,130,160,160,160,160,160,692,0,180,218.2398843930636,24,3952,1974.0
1637164993,1,GET,/auth/login/,0.000000,0.000000,0,0,0,0,0,0,0,0,0,0,0,1,0,208,208.0,208,208,2961.0
1637164993,1,POST,/auth/login/,0.200000,0.000000,170,170,170,170,170,170,170,170,170,170,170,61,0,720,709.9672131147541,103,2490,10275.327868852459
1637164993,1,GET,/auth/logout/,0.200000,0.000000,12,12,12,12,12,12,12,12,12,12,12,60,0,170,230.53333333333333,10,2509,1712.0
1637164993,1,POST,/auth/modify-friend/,1.800000,0.000000,47,50,50,52,58,75,75,75,75,75,75,346,0,180,222.2601156069364,31,4340,1713.0
1637164993,1,GET,/public/,1.900000,0.000000,84,87,87,87,100,130,130,130,130,130,130,346,0,240,271.35838150289015,70,940,10200.121387283238
1637164993,1,,Aggregated,10.100000,0.000000,75,84,87,99,160,200,210,250,280,280,280,1995,0,220,276.91779448621554,10,6255,5649.948872180451
1637164994,1,GET,/,1.900000,0.000000,85,88,99,100,130,250,280,280,280,280,280,428,0,230,326.1214953271028,61,6255,10352.668224299065
1637164994,1,POST,/,0.600000,0.000000,200,200,200,200,210,210,210,210,210,210,210,69,0,450,497.1014492753623,143,1560,10217.884057971014
1637164994,1,GET,/auth/find-friends/,3.600000,0.000000,37,39,42,43,61,130,160,160,160,160,160,696,0,180,217.13649425287358,24,3952,1974.0
1637164994,1,GET,/auth/login/,0.000000,0.000000,0,0,0,0,0,0,0,0,0,0,0,1,0,208,208.0,208,208,2961.0
1637164994,1,POST,/auth/login/,0.200000,0.000000,170,170,170,170,170,170,170,170,170,170,170,61,0,720,709.9672131147541,103,2490,10275.327868852459
1637164994,1,GET,/auth/logout/,0.200000,0.000000,12,12,12,12,12,12,12,12,12,12,12,60,0,170,230.53333333333333,10,2509,1712.0
1637164994,1,POST,/auth/modify-friend/,1.900000,0.000000,44,48,48,50,53,58,58,58,58,58,58,348,0,180,221.16091954022988,30,4340,1713.0
1637164994,1,GET,/public/,1.800000,0.000000,82,84,87,87,100,130,130,130,130,130,130,348,0,240,270.2068965517241,64,940,10201.885057471265
1637164994,1,,Aggregated,10.200000,0.000000,70,83,87,97,150,200,210,250,280,280,280,2011,0,210,275.1621084037792,10,6255,5663.220288413724
1637164995,1,GET,/,2.100000,0.000000,85,88,100,100,130,250,280,280,280,280,280,432,0,230,323.93981481481484,61,6255,10356.439814814816
1637164995,1,POST,/,0.900000,0.000000,200,200,200,200,210,210,210,210,210,210,210,69,0,450,497.1014492753623,143,1560,10217.884057971014
1637164995,1,GET,/auth/find-friends/,3.400000,0.000000,35,39,42,43,70,130,160,160,160,160,160,702,0,180,215.6139601139601,24,3952,1974.0
1637164995,1,GET,/auth/login/,0.000000,0.000000,0,0,0,0,0,0,0,0,0,0,0,1,0,208,208.0,208,208,2961.0
1637164995,1,POST,/auth/login/,0.200000,0.000000,170,170,170,170,170,170,170,170,170,170,170,61,0,720,709.9672131147541,103,2490,10275.327868852459
1637164995,1,GET,/auth/logout/,0.100000,0.000000,12,12,12,12,12,12,12,12,12,12,12,60,0,170,230.53333333333333,10,2509,1712.0
1637164995,1,POST,/auth/modify-friend/,1.700000,0.000000,42,47,48,50,53,58,58,58,58,58,58,350,0,180,220.1,30,4340,1713.0
1637164995,1,GET,/public/,1.700000,0.000000,84,87,87,100,130,150,150,150,150,150,150,351,0,240,268.8660968660969,64,940,10204.193732193733
1637164995,1,,Aggregated,10.100000,0.000000,70,82,87,90,140,200,210,250,280,280,280,2026,0,210,273.6219151036525,10,6255,5665.57847976308
1637164996,1,GET,/,3.100000,0.000000,82,87,90,100,110,250,280,280,280,280,280,437,0,230,321.0755148741419,61,6255,10359.729977116705
1637164996,1,POST,/,0.900000,0.000000,200,200,200,200,210,210,210,210,210,210,210,69,0,450,497.1014492753623,143,1560,10217.884057971014
1637164996,1,GET,/auth/find-friends/,3.400000,0.000000,32,36,39,41,50,70,130,130,130,130,130,708,0,180,214.00988700564972,24,3952,1974.0
1637164996,1,GET,/auth/login/,0.000000,0.000000,0,0,0,0,0,0,0,0,0,0,0,1,0,208,208.0,208,208,2961.0
1637164996,1,POST,/auth/login/,0.100000,0.000000,170,170,170,170,170,170,170,170,170,170,170,61,0,720,709.9672131147541,103,2490,10275.327868852459
1637164996,1,GET,/auth/logout/,0.100000,0.000000,12,12,12,12,12,12,12,12,12,12,12,60,0,170,230.53333333333333,10,2509,1712.0
1637164996,1,POST,/auth/modify-friend/,1.700000,0.000000,37,42,46,47,50,53,58,58,58,58,58,354,0,180,217.98870056497177,30,4340,1713.0
1637164996,1,GET,/public/,1.700000,0.000000,80,87,87,100,130,150,150,150,150,150,150,354,0,240,267.17514124293785,64,940,10205.974576271186
1637164996,1,,Aggregated,11.000000,0.000000,61,75,84,87,120,150,200,250,280,280,280,2044,0,210,271.63649706457926,10,6255,5666.155088062622
1637164997,1,GET,/,3.300000,0.000000,85,88,100,100,130,250,280,280,280,280,280,438,0,230,320.9063926940639,61,6255,10360.264840182648
1637164997,1,POST,/,0.800000,0.000000,200,200,200,200,210,210,210,210,210,210,210,69,0,450,497.1014492753623,143,1560,10217.884057971014
1637164997,1,GET,/auth/find-friends/,3.600000,0.000000,30,33,35,38,50,87,130,130,130,130,130,712,0,180,212.9578651685393,24,3952,1974.0
1637164997,1,GET,/auth/login/,0.000000,0.000000,0,0,0,0,0,0,0,0,0,0,0,1,0,208,208.0,208,208,2961.0
1637164997,1,POST,/auth/login/,0.100000,0.000000,170,170,170,170,170,170,170,170,170,170,170,61,0,720,709.9672131147541,103,2490,10275.327868852459
1637164997,1,GET,/auth/logout/,0.100000,0.000000,12,12,12,12,12,12,12,12,12,12,12,60,0,170,230.53333333333333,10,2509,1712.0
1637164997,1,POST,/auth/modify-friend/,1.800000,0.000000,37,42,46,47,50,53,58,58,58,58,58,356,0,180,216.96067415730337,30,4340,1713.0
1637164997,1,GET,/public/,1.700000,0.000000,84,87,120,130,150,180,320,320,320,320,320,357,0,240,266.73949579831935,64,940,10207.15406162465
1637164997,1,,Aggregated,11.400000,0.000000,61,78,87,88,140,200,250,280,320,320,320,2054,0,210,270.83495618305744,10,6255,5664.350535540409
1637164998,1,GET,/,3.200000,0.000000,82,88,100,100,130,250,280,280,280,280,280,438,0,230,320.9063926940639,61,6255,10360.264840182648
1637164998,1,POST,/,0.700000,0.000000,200,200,200,200,200,200,200,200,200,200,200,69,0,450,497.1014492753623,143,1560,10217.884057971014
1637164998,1,GET,/auth/find-friends/,4.000000,0.000000,30,33,36,42,87,150,240,240,240,240,240,715,0,180,212.8965034965035,24,3952,1974.0
1637164998,1,GET,/auth/login/,0.000000,0.000000,0,0,0,0,0,0,0,0,0,0,0,1,0,208,208.0,208,208,2961.0
1637164998,1,POST,/auth/login/,0.100000,0.000000,170,170,170,170,170,170,170,170,170,170,170,61,0,720,709.9672131147541,103,2490,10275.327868852459
1637164998,1,GET,/auth/logout/,0.100000,0.000000,12,12,12,12,12,12,12,12,12,12,12,60,0,170,230.53333333333333,10,2509,1712.0
1637164998,1,POST,/auth/modify-friend/,2.000000,0.000000,36,39,42,46,48,58,160,160,160,160,160,357,0,180,216.79271708683473,30,4340,1713.0
1637164998,1,GET,/public/,2.000000,0.000000,87,100,130,150,180,220,320,320,320,320,320,358,0,240,266.6117318435754,64,940,10207.215083798883
1637164998,1,,Aggregated,12.100000,0.000000,64,79,87,100,150,220,250,280,320,320,320,2059,0,210,270.64983001457017,10,6255,5659.271491015056
1637164999,1,GET,/,3.100000,0.000000,82,87,90,100,130,250,280,280,280,280,280,438,0,230,320.9063926940639,61,6255,10360.264840182648
1637164999,1,POST,/,0.400000,0.000000,200,200,200,200,200,200,200,200,200,200,200,69,0,450,497.1014492753623,143,1560,10217.884057971014
1637164999,1,GET,/auth/find-friends/,4.600000,0.000000,29,33,35,50,170,240,350,350,350,350,350,717,0,180,213.03486750348674,24,3952,1974.0
1637164999,1,GET,/auth/login/,0.000000,0.000000,0,0,0,0,0,0,0,0,0,0,0,1,0,208,208.0,208,208,2961.0
1637164999,1,POST,/auth/login/,0.100000,0.000000,170,170,170,170,170,170,170,170,170,170,170,61,0,720,709.9672131147541,103,2490,10275.327868852459
1637164999,1,GET,/auth/logout/,0.100000,0.000000,12,12,12,12,12,12,12,12,12,12,12,60,0,170,230.53333333333333,10,2509,1712.0
1637164999,1,POST,/auth/modify-friend/,2.200000,0.000000,36,39,42,46,160,250,250,250,250,250,250,358,0,180,216.89664804469274,30,4340,1713.0
1637164999,1,GET,/public/,2.200000,0.000000,87,120,150,170,220,320,320,320,320,320,320,359,0,240,266.3454038997215,64,940,10207.133704735375
1637164999,1,,Aggregated,12.700000,0.000000,70,84,90,120,180,240,280,320,350,350,350,2063,0,210,270.5855550169656,10,6255,5655.976248182259
1637165000,1,GET,/,3.100000,0.000000,81,88,100,100,240,250,280,280,280,280,280,439,0,230,320.7152619589977,61,6255,10360.232346241457
1637165000,1,POST,/,0.400000,0.000000,200,200,200,200,200,200,200,200,200,200,200,69,0,450,497.1014492753623,143,1560,10217.884057971014
1637165000,1,GET,/auth/find-friends/,4.200000,0.000000,29,31,33,87,210,240,350,350,350,350,350,718,0,180,213.0431754874652,24,3952,1974.0
1637165000,1,GET,/auth/login/,0.000000,0.000000,0,0,0,0,0,0,0,0,0,0,0,1,0,208,208.0,208,208,2961.0
1637165000,1,POST,/auth/login/,0.100000,0.000000,170,170,170,170,170,170,170,170,170,170,170,61,0,720,709.9672131147541,103,2490,10275.327868852459
1637165000,1,GET,/auth/logout/,0.000000,0.000000,12,12,12,12,12,12,12,12,12,12,12,60,0,170,230.53333333333333,10,2509,1712.0
1637165000,1,POST,/auth/modify-friend/,2.000000,0.000000,36,39,39,40,250,400,400,400,400,400,400,359,0,180,217.41225626740948,30,4340,1713.0
1637165000,1,GET,/public/,2.100000,0.000000,84,150,170,170,220,320,320,320,320,320,320,359,0,240,266.3454038997215,64,940,10207.133704735375
1637165000,1,,Aggregated,11.900000,0.000000,70,84,110,150,220,250,350,400,400,400,400,2066,0,210,270.6079380445305,10,6255,5654.555663117135
1637165001,1,GET,/,3.100000,0.000000,80,89,110,130,240,250,280,280,280,280,280,441,0,230,319.9433106575964,61,6255,10360.965986394558
1637165001,1,POST,/,0.400000,0.000000,200,350,350,520,520,520,520,520,520,520,520,71,0,450,495.2676056338028,143,1560,10225.478873239437
1637165001,1,GET,/auth/find-friends/,4.300000,0.000000,29,30,87,150,220,240,350,350,350,350,350,718,0,180,213.0431754874652,24,3952,1974.0
1637165001,1,GET,/auth/login/,0.000000,0.000000,0,0,0,0,0,0,0,0,0,0,0,1,0,208,208.0,208,208,2961.0
1637165001,1,POST,/auth/login/,0.000000,0.000000,170,170,170,170,170,170,170,170,170,170,170,61,0,720,709.9672131147541,103,2490,10275.327868852459
1637165001,1,GET,/auth/logout/,0.000000,0.000000,130,130,130,130,130,130,130,130,130,130,130,61,0,170,228.9344262295082,10,2509,1712.0
1637165001,1,POST,/auth/modify-friend/,2.100000,0.000000,36,39,39,160,250,400,400,400,400,400,400,359,0,180,217.41225626740948,30,4340,1713.0
1637165001,1,GET,/public/,2.100000,0.000000,120,150,170,180,220,320,320,320,320,320,320,359,0,240,266.3454038997215,64,940,10207.133704735375
1637165001,1,,Aggregated,12.000000,0.000000,73,100,150,170,240,320,400,520,520,520,520,2071,0,210,270.5813616610333,10,6255,5662.01979719942
1637165002,1,GET,/,3.100000,0.000000,79,87,110,130,240,250,280,280,280,280,280,441,0,230,319.9433106575964,61,6255,10360.965986394558
1637165002,1,POST,/,0.400000,0.000000,200,350,350,520,520,520,520,520,520,520,520,71,0,450,495.2676056338028,143,1560,10225.478873239437
1637165002,1,GET,/auth/find-friends/,4.300000,0.000000,29,30,87,150,220,240,350,350,350,350,350,718,0,180,213.0431754874652,24,3952,1974.0
1637165002,1,GET,/auth/login/,0.000000,0.000000,0,0,0,0,0,0,0,0,0,0,0,1,0,208,208.0,208,208,2961.0
1637165002,1,POST,/auth/login/,0.000000,0.000000,170,170,170,170,170,170,170,170,170,170,170,61,0,720,709.9672131147541,103,2490,10275.327868852459
1637165002,1,GET,/auth/logout/,0.000000,0.000000,130,130,130,130,130,130,130,130,130,130,130,61,0,170,228.9344262295082,10,2509,1712.0
1637165002,1,POST,/auth/modify-friend/,2.100000,0.000000,36,39,39,160,250,400,400,400,400,400,400,359,0,180,217.41225626740948,30,4340,1713.0
1637165002,1,GET,/public/,2.100000,0.000000,120,150,170,180,220,320,320,320,320,320,320,359,0,240,266.3454038997215,64,940,10207.133704735375
1637165002,1,,Aggregated,12.000000,0.000000,72,89,150,170,250,350,400,520,520,520,520,2071,0,210,270.5813616610333,10,6255,5662.01979719942
1637165003,1,GET,/,2.900000,0.000000,87,110,130,170,240,250,250,250,250,250,250,441,0,230,319.9433106575964,61,6255,10360.965986394558
1637165003,1,POST,/,0.500000,0.000000,200,350,350,520,520,520,520,520,520,520,520,71,0,450,495.2676056338028,143,1560,10225.478873239437
1637165003,1,GET,/auth/find-friends/,3.400000,0.000000,29,30,87,150,220,240,350,350,350,350,350,718,0,180,213.0431754874652,24,3952,1974.0
1637165003,1,GET,/auth/login/,0.000000,0.000000,0,0,0,0,0,0,0,0,0,0,0,1,0,208,208.0,208,208,2961.0
1637165003,1,POST,/auth/login/,0.000000,0.000000,610,610,610,610,610,610,610,610,610,610,610,62,0,710,708.2903225806451,103,2490,10278.91935483871
1637165003,1,GET,/auth/logout/,0.000000,0.000000,130,130,130,130,130,130,130,130,130,130,130,61,0,170,228.9344262295082,10,2509,1712.0
1637165003,1,POST,/auth/modify-friend/,1.700000,0.000000,35,36,39,160,250,400,400,400,400,400,400,359,0,180,217.41225626740948,30,4340,1713.0
1637165003,1,GET,/public/,1.600000,0.000000,150,150,180,180,220,320,320,320,320,320,320,359,0,240,266.3454038997215,64,940,10207.133704735375
1637165003,1,,Aggregated,10.100000,0.000000,73,120,160,180,250,350,520,610,610,610,610,2072,0,210,270.7432432432432,10,6255,5664.353764478765
1637165004,1,GET,/,2.700000,0.000000,87,130,170,240,250,250,250,250,250,250,250,441,0,230,319.9433106575964,61,6255,10360.965986394558
1637165004,1,POST,/,0.500000,0.000000,200,350,350,520,520,520,520,520,520,520,520,71,0,450,495.2676056338028,143,1560,10225.478873239437
1637165004,1,GET,/auth/find-friends/,2.800000,0.000000,29,31,170,210,240,350,370,370,370,370,370,719,0,180,213.26286509040335,24,3952,1974.0
1637165004,1,GET,/auth/login/,0.000000,0.000000,0,0,0,0,0,0,0,0,0,0,0,1,0,208,208.0,208,208,2961.0
1637165004,1,POST,/auth/login/,0.000000,0.000000,610,610,610,610,610,610,610,610,610,610,610,62,0,710,708.2903225806451,103,2490,10278.91935483871
1637165004,1,GET,/auth/logout/,0.100000,0.000000,130,130,130,130,130,130,130,130,130,130,130,61,0,170,228.9344262295082,10,2509,1712.0
1637165004,1,POST,/auth/modify-friend/,1.400000,0.000000,36,39,160,250,400,400,400,400,400,400,400,359,0,180,217.41225626740948,30,4340,1713.0
1637165004,1,GET,/public/,1.400000,0.000000,150,180,220,220,320,580,580,580,580,580,580,360,0,240,267.21944444444443,64,940,10206.997222222222
1637165004,1,,Aggregated,8.900000,0.000000,74,160,220,240,350,520,580,610,610,610,610,2074,0,210,270.94117647058823,10,6255,5664.741080038572
1637165005,1,GET,/,2.400000,0.000000,130,170,240,240,250,250,250,250,250,250,250,441,0,230,319.9433106575964,61,6255,10360.965986394558
1637165005,1,POST,/,0.200000,0.000000,200,350,350,520,520,520,520,520,520,520,520,71,0,450,495.2676056338028,143,1560,10225.478873239437
1637165005,1,GET,/auth/find-friends/,2.600000,0.000000,170,220,240,350,370,780,780,780,780,780,780,720,0,180,214.05694444444444,24,3952,1974.0
1637165005,1,GET,/auth/login/,0.000000,0.000000,0,0,0,0,0,0,0,0,0,0,0,1,0,208,208.0,208,208,2961.0
1637165005,1,POST,/auth/login/,0.000000,0.000000,610,610,610,610,610,610,610,610,610,610,610,62,0,710,708.2903225806451,103,2490,10278.91935483871
1637165005,1,GET,/auth/logout/,0.100000,0.000000,130,130,130,130,130,130,130,130,130,130,130,61,0,170,228.9344262295082,10,2509,1712.0
1637165005,1,POST,/auth/modify-friend/,1.300000,0.000000,160,250,400,400,610,610,610,610,610,610,610,360,0,180,218.49722222222223,30,4340,1713.0
1637165005,1,GET,/public/,1.300000,0.000000,180,220,320,320,580,580,580,580,580,580,580,360,0,240,267.21944444444443,64,940,10206.997222222222
1637165005,1,,Aggregated,7.900000,0.000000,170,240,320,350,580,610,780,780,780,780,780,2076,0,210,271.35115606936415,10,6255,5661.059730250482
1637165006,1,GET,/,1.400000,0.000000,240,240,250,250,250,250,250,250,250,250,250,441,0,230,319.9433106575964,61,6255,10360.965986394558
1637165006,1,POST,/,0.200000,0.000000,520,520,520,520,520,520,520,520,520,520,520,71,0,450,495.2676056338028,143,1560,10225.478873239437
1637165006,1,GET,/auth/find-friends/,2.600000,0.000000,310,350,360,370,780,780,780,780,780,780,780,722,0,180,214.3905817174515,24,3952,1974.0
1637165006,1,GET,/auth/login/,0.000000,0.000000,0,0,0,0,0,0,0,0,0,0,0,1,0,208,208.0,208,208,2961.0
1637165006,1,POST,/auth/login/,0.100000,0.000000,610,610,610,610,610,610,610,610,610,610,610,62,0,710,708.2903225806451,103,2490,10278.91935483871
1637165006,1,GET,/auth/logout/,0.100000,0.000000,130,130,130,130,130,130,130,130,130,130,130,61,0,170,228.9344262295082,10,2509,1712.0
1637165006,1,POST,/auth/modify-friend/,1.300000,0.000000,250,400,400,610,610,610,610,610,610,610,610,360,0,180,218.49722222222223,30,4340,1713.0
1637165006,1,GET,/public/,1.300000,0.000000,220,450,450,580,580,580,580,580,580,580,580,361,0,240,267.7229916897507,64,940,10206.609418282549
1637165006,1,,Aggregated,7.000000,0.000000,250,350,400,450,610,610,780,780,780,780,780,2079,0,210,271.4973544973545,10,6255,5659.632034632034
1637165007,1,GET,/,1.000000,0.000000,250,250,320,320,380,380,380,380,380,380,380,443,0,230,320.0722347629797,61,6255,10362.372460496614
1637165007,1,POST,/,0.200000,0.000000,520,520,520,520,520,520,520,520,520,520,520,71,0,450,495.2676056338028,143,1560,10225.478873239437
1637165007,1,GET,/auth/find-friends/,2.200000,0.000000,350,360,370,370,780,780,780,780,780,780,780,722,0,180,214.3905817174515,24,3952,1974.0
1637165007,1,GET,/auth/login/,0.000000,0.000000,0,0,0,0,0,0,0,0,0,0,0,1,0,208,208.0,208,208,2961.0
1637165007,1,POST,/auth/login/,0.100000,0.000000,610,610,610,610,610,610,610,610,610,610,610,62,0,710,708.2903225806451,103,2490,10278.91935483871
1637165007,1,GET,/auth/logout/,0.100000,0.000000,130,130,130,130,130,130,130,130,130,130,130,61,0,170,228.9344262295082,10,2509,1712.0
1637165007,1,POST,/auth/modify-friend/,1.000000,0.000000,340,400,400,610,610,610,610,610,610,610,610,361,0,180,218.81994459833794,30,4340,1713.0
1637165007,1,GET,/public/,1.100000,0.000000,450,450,580,580,580,580,580,580,580,580,580,361,0,240,267.7229916897507,64,940,10206.609418282549
1637165007,1,,Aggregated,5.700000,0.000000,340,370,400,450,610,610,780,780,780,780,780,2082,0,210,271.6018251681076,10,6255,5662.551873198848
1637165008,1,GET,/,0.700000,0.000000,240,320,320,380,380,380,380,380,380,380,380,443,0,230,320.0722347629797,61,6255,10362.372460496614
1637165008,1,POST,/,0.200000,0.000000,520,520,520,520,520,520,520,520,520,520,520,71,0,450,495.2676056338028,143,1560,10225.478873239437
1637165008,1,GET,/auth/find-friends/,1.400000,0.000000,310,360,370,370,780,780,780,780,780,780,780,724,0,180,214.5207182320442,24,3952,1974.0
1637165008,1,GET,/auth/login/,0.000000,0.000000,0,0,0,0,0,0,0,0,0,0,0,1,0,208,208.0,208,208,2961.0
1637165008,1,POST,/auth/login/,0.100000,0.000000,610,610,610,610,610,610,610,610,610,610,610,62,0,710,708.2903225806451,103,2490,10278.91935483871
1637165008,1,GET,/auth/logout/,0.100000,0.000000,130,130,130,130,130,130,130,130,130,130,130,61,0,170,228.9344262295082,10,2509,1712.0
1637165008,1,POST,/auth/modify-friend/,0.700000,0.000000,400,400,610,610,610,610,610,610,610,610,610,361,0,180,218.81994459833794,30,4340,1713.0
1637165008,1,GET,/public/,0.800000,0.000000,450,450,580,580,580,580,580,580,580,580,580,362,0,240,268.1629834254144,64,940,10207.162983425414
1637165008,1,,Aggregated,4.000000,0.000000,340,380,430,520,610,610,780,780,780,780,780,2085,0,210,271.6666666666667,10,6255,5661.289208633094
1637165009,1,GET,/,0.400000,0.000000,240,320,320,380,380,380,380,380,380,380,380,443,0,230,320.0722347629797,61,6255,10362.372460496614
1637165009,1,POST,/,0.200000,0.000000,520,520,520,520,520,520,520,520,520,520,520,71,0,450,495.2676056338028,143,1560,10225.478873239437
1637165009,1,GET,/auth/find-friends/,1.000000,0.000000,310,360,370,370,780,780,780,780,780,780,780,724,0,180,214.5207182320442,24,3952,1974.0
1637165009,1,GET,/auth/login/,0.000000,0.000000,0,0,0,0,0,0,0,0,0,0,0,1,0,208,208.0,208,208,2961.0
1637165009,1,POST,/auth/login/,0.100000,0.000000,610,610,610,610,610,610,610,610,610,610,610,62,0,710,708.2903225806451,103,2490,10278.91935483871
1637165009,1,GET,/auth/logout/,0.100000,0.000000,130,130,130,130,130,130,130,130,130,130,130,61,0,170,228.9344262295082,10,2509,1712.0
1637165009,1,POST,/auth/modify-friend/,0.500000,0.000000,400,400,610,610,610,610,610,610,610,610,610,362,0,180,219.3038674033149,30,4340,1713.0
1637165009,1,GET,/public/,0.500000,0.000000,430,450,450,580,580,580,580,580,580,580,580,363,0,240,268.57300275482095,64,940,10207.035812672177
1637165009,1,,Aggregated,2.800000,0.000000,370,420,450,520,610,610,780,780,780,780,780,2087,0,210,271.7949209391471,10,6255,5661.553425970293
1637165010,1,GET,/,0.500000,0.000000,320,320,380,380,380,380,380,380,380,380,380,443,0,230,320.0722347629797,61,6255,10362.372460496614
1637165010,1,POST,/,0.200000,0.000000,350,350,350,350,350,350,350,350,350,350,350,71,0,450,495.2676056338028,143,1560,10225.478873239437
1637165010,1,GET,/auth/find-friends/,0.800000,0.000000,310,360,370,530,780,780,780,780,780,780,780,726,0,180,215.08126721763085,24,3952,1974.0
1637165010,1,GET,/auth/login/,0.000000,0.000000,0,0,0,0,0,0,0,0,0,0,0,1,0,208,208.0,208,208,2961.0
1637165010,1,POST,/auth/login/,0.100000,0.000000,610,610,610,610,610,610,610,610,610,610,610,62,0,710,708.2903225806451,103,2490,10278.91935483871
1637165010,1,GET,/auth/logout/,0.100000,0.000000,130,130,130,130,130,130,130,130,130,130,130,61,0,170,228.9344262295082,10,2509,1712.0
1637165010,1,POST,/auth/modify-friend/,0.500000,0.000000,390,400,400,610,610,610,610,610,610,610,610,363,0,180,219.5702479338843,30,4340,1713.0
1637165010,1,GET,/public/,0.400000,0.000000,430,450,450,580,580,580,580,580,580,580,580,363,0,240,268.57300275482095,64,940,10207.035812672177
1637165010,1,,Aggregated,2.600000,0.000000,370,420,450,530,610,610,780,780,780,780,780,2090,0,210,271.95598086124403,10,6255,5656.135406698565
1637165011,1,GET,/,0.500000,0.000000,320,320,330,330,380,380,380,380,380,380,380,446,0,230,319.8565022421525,61,6255,10362.529147982063
1637165011,1,POST,/,0.200000,0.000000,350,350,350,350,350,350,350,350,350,350,350,71,0,450,495.2676056338028,143,1560,10225.478873239437
1637165011,1,GET,/auth/find-friends/,0.800000,0.000000,360,370,530,530,780,780,780,780,780,780,780,726,0,180,215.08126721763085,24,3952,1974.0
1637165011,1,GET,/auth/login/,0.000000,0.000000,0,0,0,0,0,0,0,0,0,0,0,1,0,208,208.0,208,208,2961.0
1637165011,1,POST,/auth/login/,0.100000,0.000000,610,610,610,610,610,610,610,610,610,610,610,62,0,710,708.2903225806451,103,2490,10278.91935483871
1637165011,1,GET,/auth/logout/,0.100000,0.000000,130,130,130,130,130,130,130,130,130,130,130,61,0,170,228.9344262295082,10,2509,1712.0
1637165011,1,POST,/auth/modify-friend/,0.400000,0.000000,390,400,400,610,610,610,610,610,610,610,610,363,0,180,219.5702479338843,30,4340,1713.0
1637165011,1,GET,/public/,0.400000,0.000000,450,450,580,580,580,580,580,580,580,580,580,363,0,240,268.57300275482095,64,940,10207.035812672177
1637165011,1,,Aggregated,2.500000,0.000000,350,390,430,530,610,610,780,780,780,780,780,2093,0,210,271.97897754419495,10,6255,5662.91447682752
1637165012,1,GET,/,0.500000,0.000000,320,330,380,380,480,480,480,480,480,480,480,447,0,230,320.2147651006711,61,6255,10362.865771812081
1637165012,1,POST,/,0.200000,0.000000,660,660,660,660,660,660,660,660,660,660,660,72,0,450,497.5,143,1560,10228.416666666666
1637165012,1,GET,/auth/find-friends/,0.600000,0.000000,360,370,530,530,780,780,780,780,780,780,780,726,0,180,215.08126721763085,24,3952,1974.0
1637165012,1,GET,/auth/login/,0.000000,0.000000,0,0,0,0,0,0,0,0,0,0,0,1,0,208,208.0,208,208,2961.0
1637165012,1,POST,/auth/login/,0.100000,0.000000,610,610,610,610,610,610,610,610,610,610,610,62,0,710,708.2903225806451,103,2490,10278.91935483871
1637165012,1,GET,/auth/logout/,0.100000,0.000000,130,130,130,130,130,130,130,130,130,130,130,61,0,170,228.9344262295082,10,2509,1712.0
1637165012,1,POST,/auth/modify-friend/,0.400000,0.000000,390,390,610,610,610,610,610,610,610,610,610,363,0,180,219.5702479338843,30,4340,1713.0
1637165012,1,GET,/public/,0.400000,0.000000,450,450,580,580,580,580,580,580,580,580,580,363,0,240,268.57300275482095,64,940,10207.035812672177
1637165012,1,,Aggregated,2.300000,0.000000,380,430,530,580,610,660,780,780,780,780,780,2095,0,210,272.2615751789976,10,6255,5667.508353221957
1637165014,1,GET,/,0.300000,0.000000,330,350,380,380,480,480,480,480,480,480,480,448,0,230,320.2857142857143,61,6255,10363.448660714286
1637165014,1,POST,/,0.100000,0.000000,660,660,820,820,820,820,820,820,820,820,820,73,0,460,501.8904109589041,143,1560,10233.17808219178
1637165014,1,GET,/auth/find-friends/,0.800000,0.000000,360,370,530,530,780,780,780,780,780,780,780,726,0,180,215.08126721763085,24,3952,1974.0
1637165014,1,GET,/auth/login/,0.000000,0.000000,0,0,0,0,0,0,0,0,0,0,0,1,0,208,208.0,208,208,2961.0
1637165014,1,POST,/auth/login/,0.100000,0.000000,610,610,610,610,610,610,610,610,610,610,610,62,0,710,708.2903225806451,103,2490,10278.91935483871
1637165014,1,GET,/auth/logout/,0.100000,0.000000,130,130,130,130,130,130,130,130,130,130,130,61,0,170,228.9344262295082,10,2509,1712.0
1637165014,1,POST,/auth/modify-friend/,0.400000,0.000000,390,390,610,610,610,610,610,610,610,610,610,363,0,180,219.5702479338843,30,4340,1713.0
1637165014,1,GET,/public/,0.400000,0.000000,430,430,450,450,450,450,450,450,450,450,450,363,0,240,268.57300275482095,64,940,10207.035812672177
1637165014,1,,Aggregated,2.200000,0.000000,360,420,450,480,610,660,820,820,820,820,820,2097,0,210,272.5598474010491,10,6255,5672.212684787792
1637165015,1,GET,/,0.500000,0.000000,330,350,380,380,480,480,480,480,480,480,480,448,0,230,320.2857142857143,61,6255,10363.448660714286
1637165015,1,POST,/,0.000000,0.000000,660,660,820,820,820,820,820,820,820,820,820,73,0,460,501.8904109589041,143,1560,10233.17808219178
1637165015,1,GET,/auth/find-friends/,0.800000,0.000000,310,360,530,530,550,550,550,550,550,550,550,727,0,180,215.53782668500688,24,3952,1974.0
1637165015,1,GET,/auth/login/,0.000000,0.000000,0,0,0,0,0,0,0,0,0,0,0,1,0,208,208.0,208,208,2961.0
1637165015,1,POST,/auth/login/,0.100000,0.000000,610,610,610,610,610,610,610,610,610,610,610,62,0,710,708.2903225806451,103,2490,10278.91935483871
1637165015,1,GET,/auth/logout/,0.000000,0.000000,130,130,130,130,130,130,130,130,130,130,130,61,0,170,228.9344262295082,10,2509,1712.0
1637165015,1,POST,/auth/modify-friend/,0.400000,0.000000,390,390,610,610,610,610,610,610,610,610,610,363,0,180,219.5702479338843,30,4340,1713.0
1637165015,1,GET,/public/,0.400000,0.000000,430,430,450,450,450,450,450,450,450,450,450,364,0,240,268.8324175824176,64,940,10207.041208791208
1637165015,1,,Aggregated,2.200000,0.000000,360,390,430,480,550,660,820,820,820,820,820,2099,0,210,272.7336827060505,10,6255,5672.612196283944
1637165016,1,GET,/,0.600000,0.000000,330,350,380,380,480,480,480,480,480,480,480,448,0,230,320.2857142857143,61,6255,10363.448660714286
1637165016,1,POST,/,0.100000,0.000000,820,820,820,820,820,820,820,820,820,820,820,73,0,460,501.8904109589041,143,1560,10233.17808219178
1637165016,1,GET,/auth/find-friends/,0.800000,0.000000,360,520,530,530,550,550,550,550,550,550,550,728,0,180,215.95192307692307,24,3952,1974.0
1637165016,1,GET,/auth/login/,0.000000,0.000000,0,0,0,0,0,0,0,0,0,0,0,1,0,208,208.0,208,208,2961.0
1637165016,1,POST,/auth/login/,0.100000,0.000000,610,610,610,610,610,610,610,610,610,610,610,62,0,710,708.2903225806451,103,2490,10278.91935483871
1637165016,1,GET,/auth/logout/,0.000000,0.000000,130,130,130,130,130,130,130,130,130,130,130,61,0,170,228.9344262295082,10,2509,1712.0
1637165016,1,POST,/auth/modify-friend/,0.400000,0.000000,390,390,440,440,440,440,440,440,440,440,440,364,0,180,220.18406593406593,30,4340,1713.0
1637165016,1,GET,/public/,0.400000,0.000000,420,420,430,430,430,430,430,430,430,430,430,364,0,240,268.8324175824176,64,940,10207.041208791208
1637165016,1,,Aggregated,2.400000,0.000000,380,430,480,520,550,660,820,820,820,820,820,2101,0,210,272.93098524512135,10,6255,5668.967158495954
1637165017,1,GET,/,0.700000,0.000000,350,380,480,480,690,690,690,690,690,690,690,449,0,230,321.1002227171492,61,6255,10363.801781737193
1637165017,1,POST,/,0.200000,0.000000,820,820,820,820,820,820,820,820,820,820,820,73,0,460,501.8904109589041,143,1560,10233.17808219178
1637165017,1,GET,/auth/find-friends/,0.800000,0.000000,520,520,530,530,550,550,550,550,550,550,550,728,0,180,215.95192307692307,24,3952,1974.0
1637165017,1,GET,/auth/login/,0.000000,0.000000,0,0,0,0,0,0,0,0,0,0,0,1,0,208,208.0,208,208,2961.0
1637165017,1,POST,/auth/login/,0.000000,0.000000,610,610,610,610,610,610,610,610,610,610,610,62,0,710,708.2903225806451,103,2490,10278.91935483871
1637165017,1,GET,/auth/logout/,0.000000,0.000000,130,130,130,130,130,130,130,130,130,130,130,61,0,170,228.9344262295082,10,2509,1712.0
1637165017,1,POST,/auth/modify-friend/,0.400000,0.000000,390,390,440,440,440,440,440,440,440,440,440,364,0,180,220.18406593406593,30,4340,1713.0
1637165017,1,GET,/public/,0.300000,0.000000,420,420,430,430,430,430,430,430,430,430,430,364,0,240,268.8324175824176,64,940,10207.041208791208
1637165017,1,,Aggregated,2.400000,0.000000,420,480,530,550,690,820,820,820,820,820,820,2102,0,210,273.127497621313,10,6255,5671.275927687916
1637165018,1,GET,/,0.700000,0.000000,350,380,480,480,690,690,690,690,690,690,690,449,0,230,321.1002227171492,61,6255,10363.801781737193
1637165018,1,POST,/,0.200000,0.000000,820,820,820,820,820,820,820,820,820,820,820,73,0,460,501.8904109589041,143,1560,10233.17808219178
1637165018,1,GET,/auth/find-friends/,0.700000,0.000000,320,520,530,530,550,550,550,550,550,550,550,729,0,180,216.09465020576133,24,3952,1974.0
1637165018,1,GET,/auth/login/,0.000000,0.000000,0,0,0,0,0,0,0,0,0,0,0,1,0,208,208.0,208,208,2961.0
1637165018,1,POST,/auth/login/,0.000000,0.000000,610,610,610,610,610,610,610,610,610,610,610,62,0,710,708.2903225806451,103,2490,10278.91935483871
1637165018,1,GET,/auth/logout/,0.000000,0.000000,130,130,130,130,130,130,130,130,130,130,130,61,0,170,228.9344262295082,10,2509,1712.0
1637165018,1,POST,/auth/modify-friend/,0.400000,0.000000,390,390,440,440,440,440,440,440,440,440,440,364,0,180,220.18406593406593,30,4340,1713.0
1637165018,1,GET,/public/,0.400000,0.000000,420,420,980,980,980,980,980,980,980,980,980,365,0,240,270.786301369863,64,982,10207.279452054794
1637165018,1,,Aggregated,2.400000,0.000000,420,520,550,660,820,980,980,980,980,980,980,2104,0,210,273.48669201520914,10,6255,5671.7157794676805
1637165019,1,GET,/,0.800000,0.000000,350,350,480,480,690,690,690,690,690,690,690,449,0,230,321.1002227171492,61,6255,10363.801781737193
1637165019,1,POST,/,0.200000,0.000000,820,820,820,820,820,820,820,820,820,820,820,73,0,460,501.8904109589041,143,1560,10233.17808219178
1637165019,1,GET,/auth/find-friends/,0.600000,0.000000,520,520,530,530,550,550,550,550,550,550,550,730,0,180,216.1904109589041,24,3952,1974.0
1637165019,1,GET,/auth/login/,0.000000,0.000000,0,0,0,0,0,0,0,0,0,0,0,1,0,208,208.0,208,208,2961.0
1637165019,1,POST,/auth/login/,0.000000,0.000000,610,610,610,610,610,610,610,610,610,610,610,62,0,710,708.2903225806451,103,2490,10278.91935483871
1637165019,1,GET,/auth/logout/,0.000000,0.000000,0,0,0,0,0,0,0,0,0,0,0,61,0,170,228.9344262295082,10,2509,1712.0
1637165019,1,POST,/auth/modify-friend/,0.400000,0.000000,380,380,440,440,440,440,440,440,440,440,440,365,0,180,220.6109589041096,30,4340,1713.0
1637165019,1,GET,/public/,0.300000,0.000000,420,420,980,980,980,980,980,980,980,980,980,366,0,240,271.14207650273227,64,982,10207.442622950819
1637165019,1,,Aggregated,2.300000,0.000000,400,520,550,660,820,980,980,980,980,980,980,2107,0,210,273.6018035121025,10,6255,5670.262933080209
1637165020,1,GET,/,0.800000,0.000000,350,350,480,480,690,690,690,690,690,690,690,449,0,230,321.1002227171492,61,6255,10363.801781737193
1637165020,1,POST,/,0.200000,0.000000,820,820,820,820,820,820,820,820,820,820,820,73,0,460,501.8904109589041,143,1560,10233.17808219178
1637165020,1,GET,/auth/find-friends/,0.600000,0.000000,350,520,530,530,550,550,550,550,550,550,550,732,0,180,216.49180327868854,24,3952,1974.0
1637165020,1,GET,/auth/login/,0.000000,0.000000,0,0,0,0,0,0,0,0,0,0,0,1,0,208,208.0,208,208,2961.0
1637165020,1,POST,/auth/login/,0.000000,0.000000,610,610,610,610,610,610,610,610,610,610,610,62,0,710,708.2903225806451,103,2490,10278.91935483871
1637165020,1,GET,/auth/logout/,0.000000,0.000000,0,0,0,0,0,0,0,0,0,0,0,61,0,170,228.9344262295082,10,2509,1712.0
1637165020,1,POST,/auth/modify-friend/,0.400000,0.000000,380,380,440,440,440,440,440,440,440,440,440,366,0,180,220.76775956284152,30,4340,1713.0
1637165020,1,GET,/public/,0.300000,0.000000,420,420,980,980,980,980,980,980,980,980,980,366,0,240,271.14207650273227,64,982,10207.442622950819
1637165020,1,,Aggregated,2.300000,0.000000,380,480,550,660,820,980,980,980,980,980,980,2110,0,210,273.65402843601896,10,6255,5664.883886255924
1637165021,1,GET,/,0.600000,0.000000,670,670,690,690,690,690,690,690,690,690,690,450,0,230,321.88,61,6255,10364.02
1637165021,1,POST,/,0.200000,0.000000,820,820,820,820,820,820,820,820,820,820,820,73,0,460,501.8904109589041,143,1560,10233.17808219178
1637165021,1,GET,/auth/find-friends/,0.700000,0.000000,350,520,530,530,550,550,550,550,550,550,550,732,0,180,216.49180327868854,24,3952,1974.0
1637165021,1,GET,/auth/login/,0.000000,0.000000,0,0,0,0,0,0,0,0,0,0,0,1,0,208,208.0,208,208,2961.0
1637165021,1,POST,/auth/login/,0.000000,0.000000,0,0,0,0,0,0,0,0,0,0,0,62,0,710,708.2903225806451,103,2490,10278.91935483871
1637165021,1,GET,/auth/logout/,0.000000,0.000000,0,0,0,0,0,0,0,0,0,0,0,61,0,170,228.9344262295082,10,2509,1712.0
1637165021,1,POST,/auth/modify-friend/,0.300000,0.000000,380,380,440,440,440,440,440,440,440,440,440,366,0,180,220.76775956284152,30,4340,1713.0
1637165021,1,GET,/public/,0.400000,0.000000,400,400,980,980,980,980,980,980,980,980,980,366,0,240,271.14207650273227,64,982,10207.442622950819
1637165021,1,,Aggregated,2.200000,0.000000,440,520,660,670,820,980,980,980,980,980,980,2111,0,210,273.8427285646613,10,6255,5667.1563240170535
1637165022,1,GET,/,0.600000,0.000000,570,670,670,690,690,690,690,690,690,690,690,452,0,230,322.44026548672565,61,6255,10364.008849557522
1637165022,1,POST,/,0.200000,0.000000,820,820,820,820,820,820,820,820,820,820,820,73,0,460,501.8904109589041,143,1560,10233.17808219178
1637165022,1,GET,/auth/find-friends/,0.600000,0.000000,350,350,520,520,550,550,550,550,550,550,550,732,0,180,216.49180327868854,24,3952,1974.0
1637165022,1,GET,/auth/login/,0.000000,0.000000,0,0,0,0,0,0,0,0,0,0,0,1,0,208,208.0,208,208,2961.0
1637165022,1,POST,/auth/login/,0.000000,0.000000,0,0,0,0,0,0,0,0,0,0,0,62,0,710,708.2903225806451,103,2490,10278.91935483871
1637165022,1,GET,/auth/logout/,0.000000,0.000000,300,300,300,300,300,300,300,300,300,300,300,62,0,170,230.0,10,2509,1712.0
1637165022,1,POST,/auth/modify-friend/,0.400000,0.000000,380,380,440,440,440,440,440,440,440,440,440,366,0,180,220.76775956284152,30,4340,1713.0
1637165022,1,GET,/public/,0.300000,0.000000,400,400,980,980,980,980,980,980,980,980,980,366,0,240,271.14207650273227,64,982,10207.442622950819
1637165022,1,,Aggregated,2.100000,0.000000,380,520,570,670,820,980,980,980,980,980,980,2114,0,210,274.0179754020814,10,6255,5669.7265846736045
1637165023,1,GET,/,0.600000,0.000000,570,670,670,690,690,690,690,690,690,690,690,452,0,230,322.44026548672565,61,6255,10364.008849557522
1637165023,1,POST,/,0.200000,0.000000,820,820,820,820,820,820,820,820,820,820,820,73,0,460,501.8904109589041,143,1560,10233.17808219178
1637165023,1,GET,/auth/find-friends/,0.600000,0.000000,350,350,520,520,550,550,550,550,550,550,550,732,0,180,216.49180327868854,24,3952,1974.0
1637165023,1,GET,/auth/login/,0.000000,0.000000,0,0,0,0,0,0,0,0,0,0,0,1,0,208,208.0,208,208,2961.0
1637165023,1,POST,/auth/login/,0.000000,0.000000,0,0,0,0,0,0,0,0,0,0,0,62,0,710,708.2903225806451,103,2490,10278.91935483871
1637165023,1,GET,/auth/logout/,0.000000,0.000000,300,300,300,300,300,300,300,300,300,300,300,62,0,170,230.0,10,2509,1712.0
1637165023,1,POST,/auth/modify-friend/,0.400000,0.000000,380,380,440,440,440,440,440,440,440,440,440,366,0,180,220.76775956284152,30,4340,1713.0
1637165023,1,GET,/public/,0.300000,0.000000,400,400,980,980,980,980,980,980,980,980,980,366,0,240,271.14207650273227,64,982,10207.442622950819
1637165023,1,,Aggregated,2.100000,0.000000,380,520,550,570,690,980,980,980,980,980,980,2114,0,210,274.0179754020814,10,6255,5669.7265846736045
1637165024,1,GET,/,0.600000,0.000000,670,670,690,690,690,690,690,690,690,690,690,452,0,230,322.44026548672565,61,6255,10364.008849557522
1637165024,1,POST,/,0.200000,0.000000,820,820,820,820,820,820,820,820,820,820,820,73,0,460,501.8904109589041,143,1560,10233.17808219178
1637165024,1,GET,/auth/find-friends/,0.600000,0.000000,320,350,350,520,520,520,520,520,520,520,520,732,0,180,216.49180327868854,24,3952,1974.0
1637165024,1,GET,/auth/login/,0.000000,0.000000,0,0,0,0,0,0,0,0,0,0,0,1,0,208,208.0,208,208,2961.0
1637165024,1,POST,/auth/login/,0.000000,0.000000,0,0,0,0,0,0,0,0,0,0,0,63,0,720,716.5555555555555,103,2490,10280.396825396825
1637165024,1,GET,/auth/logout/,0.100000,0.000000,300,300,300,300,300,300,300,300,300,300,300,62,0,170,230.0,10,2509,1712.0
1637165024,1,POST,/auth/modify-friend/,0.300000,0.000000,380,380,440,440,440,440,440,440,440,440,440,366,0,180,220.76775956284152,30,4340,1713.0
1637165024,1,GET,/public/,0.300000,0.000000,400,400,980,980,980,980,980,980,980,980,980,366,0,240,271.14207650273227,64,982,10207.442622950819
1637165024,1,,Aggregated,2.100000,0.000000,400,520,670,670,980,1200,1200,1200,1200,1200,1200,2115,0,220,274.4695035460993,10,6255,5671.9498817966905
1637165025,1,GET,/,0.600000,0.000000,670,670,690,690,690,690,690,690,690,690,690,452,0,230,322.44026548672565,61,6255,10364.008849557522
1637165025,1,POST,/,0.200000,0.000000,820,820,820,820,820,820,820,820,820,820,820,73,0,460,501.8904109589041,143,1560,10233.17808219178
1637165025,1,GET,/auth/find-friends/,0.600000,0.000000,320,350,350,520,520,520,520,520,520,520,520,732,0,180,216.49180327868854,24,3952,1974.0
1637165025,1,GET,/auth/login/,0.000000,0.000000,0,0,0,0,0,0,0,0,0,0,0,1,0,208,208.0,208,208,2961.0
1637165025,1,POST,/auth/login/,0.000000,0.000000,1200,1200,1200,1200,1200,1200,1200,1200,1200,1200,1200,63,0,720,716.5555555555555,103,2490,10280.396825396825
1637165025,1,GET,/auth/logout/,0.100000,0.000000,300,300,300,300,300,300,300,300,300,300,300,62,0,170,230.0,10,2509,1712.0
1637165025,1,POST,/auth/modify-friend/,0.300000,0.000000,380,380,440,440,440,440,440,440,440,440,440,366,0,180,220.76775956284152,30,4340,1713.0
1637165025,1,GET,/public/,0.300000,0.000000,740,740,980,980,980,980,980,980,980,980,980,367,0,240,272.41961852861033,64,982,10206.980926430519
1637165025,1,,Aggregated,2.100000,0.000000,380,570,690,740,980,1200,1200,1200,1200,1200,1200,2116,0,220,274.6895085066163,10,6255,5674.013232514178
1637165026,1,GET,/,0.500000,0.000000,670,670,690,690,690,690,690,690,690,690,690,452,0,230,322.44026548672565,61,6255,10364.008849557522
1637165026,1,POST,/,0.100000,0.000000,820,820,820,820,820,820,820,820,820,820,820,73,0,460,501.8904109589041,143,1560,10233.17808219178
1637165026,1,GET,/auth/find-friends/,0.600000,0.000000,320,350,350,940,940,940,940,940,940,940,940,733,0,180,217.4774897680764,24,3952,1974.0
1637165026,1,GET,/auth/login/,0.000000,0.000000,0,0,0,0,0,0,0,0,0,0,0,1,0,208,208.0,208,208,2961.0
1637165026,1,POST,/auth/login/,0.000000,0.000000,1200,1200,1200,1200,1200,1200,1200,1200,1200,1200,1200,63,0,720,716.5555555555555,103,2490,10280.396825396825
1637165026,1,GET,/auth/logout/,0.100000,0.000000,300,300,300,300,300,300,300,300,300,300,300,62,0,170,230.0,10,2509,1712.0
1637165026,1,POST,/auth/modify-friend/,0.300000,0.000000,380,380,380,380,380,380,380,380,380,380,380,366,0,180,220.76775956284152,30,4340,1713.0
1637165026,1,GET,/public/,0.300000,0.000000,740,740,980,980,980,980,980,980,980,980,980,367,0,240,272.41961852861033,64,982,10206.980926430519
1637165026,1,,Aggregated,1.900000,0.000000,380,570,740,940,980,1200,1200,1200,1200,1200,1200,2117,0,220,275.0033065658951,10,6255,5672.265470004723
1637165027,1,GET,/,0.400000,0.000000,670,670,690,690,690,690,690,690,690,690,690,452,0,230,322.44026548672565,61,6255,10364.008849557522
1637165027,1,POST,/,0.000000,0.000000,820,820,820,820,820,820,820,820,820,820,820,73,0,460,501.8904109589041,143,1560,10233.17808219178
1637165027,1,GET,/auth/find-friends/,0.600000,0.000000,350,540,540,940,940,940,940,940,940,940,940,734,0,180,217.92098092643053,24,3952,1974.0
1637165027,1,GET,/auth/login/,0.000000,0.000000,0,0,0,0,0,0,0,0,0,0,0,1,0,208,208.0,208,208,2961.0
1637165027,1,POST,/auth/login/,0.000000,0.000000,1200,1200,1200,1200,1200,1200,1200,1200,1200,1200,1200,63,0,720,716.5555555555555,103,2490,10280.396825396825
1637165027,1,GET,/auth/logout/,0.100000,0.000000,300,300,300,300,300,300,300,300,300,300,300,62,0,170,230.0,10,2509,1712.0
1637165027,1,POST,/auth/modify-friend/,0.300000,0.000000,380,380,660,660,660,660,660,660,660,660,660,367,0,180,221.97547683923705,30,4340,1713.0
1637165027,1,GET,/public/,0.300000,0.000000,740,740,980,980,980,980,980,980,980,980,980,367,0,240,272.41961852861033,64,982,10206.980926430519
1637165027,1,,Aggregated,1.700000,0.000000,400,570,670,740,940,1200,1200,1200,1200,1200,1200,2119,0,220,275.3133553563001,10,6255,5668.651722510618
1637165028,1,GET,/,0.400000,0.000000,570,570,670,670,670,670,670,670,670,670,670,452,0,230,322.44026548672565,61,6255,10364.008849557522
1637165028,1,POST,/,0.000000,0.000000,820,820,820,820,820,820,820,820,820,820,820,73,0,460,501.8904109589041,143,1560,10233.17808219178
1637165028,1,GET,/auth/find-friends/,0.500000,0.000000,540,540,540,940,940,940,940,940,940,940,940,735,0,180,218.36598639455784,24,3952,1974.0
1637165028,1,GET,/auth/login/,0.000000,0.000000,0,0,0,0,0,0,0,0,0,0,0,1,0,208,208.0,208,208,2961.0
1637165028,1,POST,/auth/login/,0.100000,0.000000,1200,1200,1200,1200,1200,1200,1200,1200,1200,1200,1200,63,0,720,716.5555555555555,103,2490,10280.396825396825
1637165028,1,GET,/auth/logout/,0.100000,0.000000,300,300,300,300,300,300,300,300,300,300,300,62,0,170,230.0,10,2509,1712.0
1637165028,1,POST,/auth/modify-friend/,0.200000,0.000000,660,660,660,660,660,660,660,660,660,660,660,367,0,180,221.97547683923705,30,4340,1713.0
1637165028,1,GET,/public/,0.300000,0.000000,560,560,740,740,740,740,740,740,740,740,740,368,0,240,273.1983695652174,64,982,10207.073369565218
1637165028,1,,Aggregated,1.600000,0.000000,540,570,670,740,940,1200,1200,1200,1200,1200,1200,2121,0,220,275.5742574257426,10,6255,5669.065535124941
1637165029,1,GET,/,0.300000,0.000000,570,570,670,670,670,670,670,670,670,670,670,452,0,230,322.44026548672565,61,6255,10364.008849557522
1637165029,1,POST,/,0.000000,0.000000,820,820,820,820,820,820,820,820,820,820,820,73,0,460,501.8904109589041,143,1560,10233.17808219178
1637165029,1,GET,/auth/find-friends/,0.600000,0.000000,540,540,670,670,940,940,940,940,940,940,940,736,0,180,218.97554347826087,24,3952,1974.0
1637165029,1,GET,/auth/login/,0.000000,0.000000,0,0,0,0,0,0,0,0,0,0,0,1,0,208,208.0,208,208,2961.0
1637165029,1,POST,/auth/login/,0.100000,0.000000,1200,1200,1200,1200,1200,1200,1200,1200,1200,1200,1200,63,0,720,716.5555555555555,103,2490,10280.396825396825
1637165029,1,GET,/auth/logout/,0.100000,0.000000,300,300,300,300,300,300,300,300,300,300,300,62,0,170,230.0,10,2509,1712.0
1637165029,1,POST,/auth/modify-friend/,0.300000,0.000000,320,320,660,660,660,660,660,660,660,660,660,368,0,180,222.2336956521739,30,4340,1713.0
1637165029,1,GET,/public/,0.300000,0.000000,560,560,740,740,740,740,740,740,740,740,740,368,0,240,273.1983695652174,64,982,10207.073369565218
1637165029,1,,Aggregated,1.700000,0.000000,570,670,670,740,940,1200,1200,1200,1200,1200,1200,2123,0,220,275.7781441356571,10,6255,5665.461610927932
1637165030,1,GET,/,0.300000,0.000000,570,570,570,570,570,570,570,570,570,570,570,452,0,230,322.44026548672565,61,6255,10364.008849557522
1637165030,1,POST,/,0.000000,0.000000,820,820,820,820,820,820,820,820,820,820,820,73,0,460,501.8904109589041,143,1560,10233.17808219178
1637165030,1,GET,/auth/find-friends/,0.500000,0.000000,540,540,670,670,940,940,940,940,940,940,940,738,0,180,219.10027100271003,24,3952,1974.0
1637165030,1,GET,/auth/login/,0.000000,0.000000,0,0,0,0,0,0,0,0,0,0,0,1,0,208,208.0,208,208,2961.0
1637165030,1,POST,/auth/login/,0.100000,0.000000,1200,1200,1200,1200,1200,1200,1200,1200,1200,1200,1200,63,0,720,716.5555555555555,103,2490,10280.396825396825
1637165030,1,GET,/auth/logout/,0.100000,0.000000,300,300,300,300,300,300,300,300,300,300,300,62,0,170,230.0,10,2509,1712.0
1637165030,1,POST,/auth/modify-friend/,0.300000,0.000000,320,320,660,660,660,660,660,660,660,660,660,368,0,180,222.2336956521739,30,4340,1713.0
1637165030,1,GET,/public/,0.300000,0.000000,560,560,740,740,740,740,740,740,740,740,740,369,0,240,273.6368563685637,64,982,10207.203252032521
1637165030,1,,Aggregated,1.600000,0.000000,540,570,670,740,940,1200,1200,1200,1200,1200,1200,2126,0,220,275.84289746001883,10,6255,5664.147695202258
1637165031,1,GET,/,0.300000,0.000000,370,370,570,570,570,570,570,570,570,570,570,453,0,240,322.54525386313463,61,6255,10364.441501103753
1637165031,1,POST,/,0.000000,0.000000,0,0,0,0,0,0,0,0,0,0,0,73,0,460,501.8904109589041,143,1560,10233.17808219178
1637165031,1,GET,/auth/find-friends/,0.500000,0.000000,540,540,670,670,940,940,940,940,940,940,940,738,0,180,219.10027100271003,24,3952,1974.0
1637165031,1,GET,/auth/login/,0.000000,0.000000,0,0,0,0,0,0,0,0,0,0,0,1,0,208,208.0,208,208,2961.0
1637165031,1,POST,/auth/login/,0.100000,0.000000,1200,1200,1200,1200,1200,1200,1200,1200,1200,1200,1200,63,0,720,716.5555555555555,103,2490,10280.396825396825
1637165031,1,GET,/auth/logout/,0.100000,0.000000,300,300,300,300,300,300,300,300,300,300,300,62,0,170,230.0,10,2509,1712.0
1637165031,1,POST,/auth/modify-friend/,0.300000,0.000000,330,330,660,660,660,660,660,660,660,660,660,369,0,180,222.52574525745257,30,4340,1713.0
1637165031,1,GET,/public/,0.300000,0.000000,560,560,740,740,740,740,740,740,740,740,740,369,0,240,273.6368563685637,64,982,10207.203252032521
1637165031,1,,Aggregated,1.600000,0.000000,540,570,660,670,940,1200,1200,1200,1200,1200,1200,2128,0,220,275.9125939849624,10,6255,5664.591635338345
1637165032,1,GET,/,0.300000,0.000000,570,570,680,680,680,680,680,680,680,680,680,454,0,240,323.3237885462555,61,6255,10364.905286343612
1637165032,1,POST,/,0.000000,0.000000,0,0,0,0,0,0,0,0,0,0,0,73,0,460,501.8904109589041,143,1560,10233.17808219178
1637165032,1,GET,/auth/find-friends/,0.600000,0.000000,540,540,670,670,940,940,940,940,940,940,940,738,0,180,219.10027100271003,24,3952,1974.0
1637165032,1,GET,/auth/login/,0.000000,0.000000,0,0,0,0,0,0,0,0,0,0,0,1,0,208,208.0,208,208,2961.0
1637165032,1,POST,/auth/login/,0.100000,0.000000,1200,1200,1200,1200,1200,1200,1200,1200,1200,1200,1200,63,0,720,716.5555555555555,103,2490,10280.396825396825
1637165032,1,GET,/auth/logout/,0.100000,0.000000,300,300,300,300,300,300,300,300,300,300,300,63,0,190,230.12698412698413,10,2509,1712.0
1637165032,1,POST,/auth/modify-friend/,0.200000,0.000000,330,330,660,660,660,660,660,660,660,660,660,369,0,180,222.52574525745257,30,4340,1713.0
1637165032,1,GET,/public/,0.300000,0.000000,560,560,740,740,740,740,740,740,740,740,740,369,0,240,273.6368563685637,64,982,10207.203252032521
1637165032,1,,Aggregated,1.600000,0.000000,540,660,680,680,940,1200,1200,1200,1200,1200,1200,2130,0,220,276.08262910798123,10,6255,5665.041314553991
1637165033,1,GET,/,0.300000,0.000000,570,570,680,680,680,680,680,680,680,680,680,454,0,240,323.3237885462555,61,6255,10364.905286343612
1637165033,1,POST,/,0.000000,0.000000,0,0,0,0,0,0,0,0,0,0,0,73,0,460,501.8904109589041,143,1560,10233.17808219178
1637165033,1,GET,/auth/find-friends/,0.600000,0.000000,540,540,670,670,940,940,940,940,940,940,940,738,0,180,219.10027100271003,24,3952,1974.0
1637165033,1,GET,/auth/login/,0.000000,0.000000,0,0,0,0,0,0,0,0,0,0,0,1,0,208,208.0,208,208,2961.0
1637165033,1,POST,/auth/login/,0.100000,0.000000,1200,1200,1200,1200,1200,1200,1200,1200,1200,1200,1200,63,0,720,716.5555555555555,103,2490,10280.396825396825
1637165033,1,GET,/auth/logout/,0.100000,0.000000,300,300,300,300,300,300,300,300,300,300,300,63,0,190,230.12698412698413,10,2509,1712.0
1637165033,1,POST,/auth/modify-friend/,0.200000,0.000000,330,330,660,660,660,660,660,660,660,660,660,369,0,180,222.52574525745257,30,4340,1713.0
1637165033,1,GET,/public/,0.300000,0.000000,560,560,740,740,740,740,740,740,740,740,740,369,0,240,273.6368563685637,64,982,10207.203252032521
1637165033,1,,Aggregated,1.600000,0.000000,540,660,680,680,940,1200,1200,1200,1200,1200,1200,2130,0,220,276.08262910798123,10,6255,5665.041314553991
1637165034,1,GET,/,0.200000,0.000000,570,570,680,680,680,680,680,680,680,680,680,454,0,240,323.3237885462555,61,6255,10364.905286343612
1637165034,1,POST,/,0.000000,0.000000,0,0,0,0,0,0,0,0,0,0,0,73,0,460,501.8904109589041,143,1560,10233.17808219178
1637165034,1,GET,/auth/find-friends/,0.600000,0.000000,540,540,670,670,940,940,940,940,940,940,940,738,0,180,219.10027100271003,24,3952,1974.0
1637165034,1,GET,/auth/login/,0.000000,0.000000,0,0,0,0,0,0,0,0,0,0,0,1,0,208,208.0,208,208,2961.0
1637165034,1,POST,/auth/login/,0.100000,0.000000,1400,1400,1400,1400,1400,1400,1400,1400,1400,1400,1400,64,0,720,726.53125,103,2490,10283.765625
1637165034,1,GET,/auth/logout/,0.100000,0.000000,300,300,300,300,300,300,300,300,300,300,300,63,0,190,230.12698412698413,10,2509,1712.0
1637165034,1,POST,/auth/modify-friend/,0.300000,0.000000,330,330,660,660,660,660,660,660,660,660,660,369,0,180,222.52574525745257,30,4340,1713.0
1637165034,1,GET,/public/,0.300000,0.000000,560,560,740,740,740,740,740,740,740,740,740,369,0,240,273.6368563685637,64,982,10207.203252032521
1637165034,1,,Aggregated,1.600000,0.000000,540,560,670,680,940,1400,1400,1400,1400,1400,1400,2131,0,220,276.5889253871422,10,6255,5667.308305959644
1637165035,1,GET,/,0.200000,0.000000,680,680,780,780,780,780,780,780,780,780,780,455,0,240,324.33406593406596,61,6255,10365.362637362638
1637165035,1,POST,/,0.000000,0.000000,0,0,0,0,0,0,0,0,0,0,0,73,0,460,501.8904109589041,143,1560,10233.17808219178
1637165035,1,GET,/auth/find-friends/,0.600000,0.000000,540,540,540,540,670,670,670,670,670,670,670,739,0,180,219.14208389715833,24,3952,1974.0
1637165035,1,GET,/auth/login/,0.000000,0.000000,0,0,0,0,0,0,0,0,0,0,0,1,0,208,208.0,208,208,2961.0
1637165035,1,POST,/auth/login/,0.100000,0.000000,1400,1400,1400,1400,1400,1400,1400,1400,1400,1400,1400,64,0,720,726.53125,103,2490,10283.765625
1637165035,1,GET,/auth/logout/,0.100000,0.000000,300,300,300,300,300,300,300,300,300,300,300,63,0,190,230.12698412698413,10,2509,1712.0
1637165035,1,POST,/auth/modify-friend/,0.300000,0.000000,330,330,660,660,660,660,660,660,660,660,660,369,0,180,222.52574525745257,30,4340,1713.0
1637165035,1,GET,/public/,0.300000,0.000000,440,440,560,560,560,560,560,560,560,560,560,370,0,240,273.6675675675676,64,982,10207.451351351352
1637165035,1,,Aggregated,1.600000,0.000000,440,560,660,670,780,1400,1400,1400,1400,1400,1400,2134,0,220,276.8177132146204,10,6255,5670.0468603561385
1637165036,1,GET,/,0.200000,0.000000,680,680,780,780,780,780,780,780,780,780,780,455,0,240,324.33406593406596,61,6255,10365.362637362638
1637165036,1,POST,/,0.000000,0.000000,0,0,0,0,0,0,0,0,0,0,0,73,0,460,501.8904109589041,143,1560,10233.17808219178
1637165036,1,GET,/auth/find-friends/,0.600000,0.000000,340,540,540,540,670,670,670,670,670,670,670,740,0,180,219.30810810810812,24,3952,1974.0
1637165036,1,GET,/auth/login/,0.000000,0.000000,0,0,0,0,0,0,0,0,0,0,0,1,0,208,208.0,208,208,2961.0
1637165036,1,POST,/auth/login/,0.100000,0.000000,1400,1400,1400,1400,1400,1400,1400,1400,1400,1400,1400,64,0,720,726.53125,103,2490,10283.765625
1637165036,1,GET,/auth/logout/,0.100000,0.000000,240,240,240,240,240,240,240,240,240,240,240,63,0,190,230.12698412698413,10,2509,1712.0
1637165036,1,POST,/auth/modify-friend/,0.300000,0.000000,510,510,660,660,660,660,660,660,660,660,660,370,0,180,223.3,30,4340,1713.0
1637165036,1,GET,/public/,0.300000,0.000000,440,440,560,560,560,560,560,560,560,560,560,370,0,240,273.6675675675676,64,982,10207.451351351352
1637165036,1,,Aggregated,1.600000,0.000000,370,540,560,670,780,1400,1400,1400,1400,1400,1400,2136,0,220,276.9569288389513,10,6255,5666.463951310861
1637165037,1,GET,/,0.300000,0.000000,680,680,780,780,780,780,780,780,780,780,780,455,0,240,324.33406593406596,61,6255,10365.362637362638
1637165037,1,POST,/,0.000000,0.000000,0,0,0,0,0,0,0,0,0,0,0,73,0,460,501.8904109589041,143,1560,10233.17808219178
1637165037,1,GET,/auth/find-friends/,0.600000,0.000000,340,350,540,540,670,670,670,670,670,670,670,742,0,180,219.54043126684635,24,3952,1974.0
1637165037,1,GET,/auth/login/,0.000000,0.000000,0,0,0,0,0,0,0,0,0,0,0,1,0,208,208.0,208,208,2961.0
1637165037,1,POST,/auth/login/,0.100000,0.000000,1400,1400,1400,1400,1400,1400,1400,1400,1400,1400,1400,64,0,720,726.53125,103,2490,10283.765625
1637165037,1,GET,/auth/logout/,0.100000,0.000000,240,240,240,240,240,240,240,240,240,240,240,63,0,190,230.12698412698413,10,2509,1712.0
1637165037,1,POST,/auth/modify-friend/,0.300000,0.000000,330,330,510,510,510,510,510,510,510,510,510,370,0,180,223.3,30,4340,1713.0
1637165037,1,GET,/public/,0.200000,0.000000,440,440,560,560,560,560,560,560,560,560,560,371,0,240,273.95417789757414,64,982,10207.291105121294
1637165037,1,,Aggregated,1.600000,0.000000,350,440,540,670,780,1400,1400,1400,1400,1400,1400,2139,0,220,277.0317905563347,10,6255,5665.106591865358
1637165038,1,GET,/,0.300000,0.000000,680,680,780,780,780,780,780,780,780,780,780,455,0,240,324.33406593406596,61,6255,10365.362637362638
1637165038,1,POST,/,0.000000,0.000000,0,0,0,0,0,0,0,0,0,0,0,73,0,460,501.8904109589041,143,1560,10233.17808219178
1637165038,1,GET,/auth/find-friends/,0.700000,0.000000,280,340,350,350,400,400,400,400,400,400,400,743,0,180,219.78465679676987,24,3952,1974.0
1637165038,1,GET,/auth/login/,0.000000,0.000000,0,0,0,0,0,0,0,0,0,0,0,1,0,208,208.0,208,208,2961.0
1637165038,1,POST,/auth/login/,0.100000,0.000000,1400,1400,1400,1400,1400,1400,1400,1400,1400,1400,1400,64,0,720,726.53125,103,2490,10283.765625
1637165038,1,GET,/auth/logout/,0.100000,0.000000,240,240,240,240,240,240,240,240,240,240,240,63,0,190,230.12698412698413,10,2509,1712.0
1637165038,1,POST,/auth/modify-friend/,0.300000,0.000000,400,400,510,510,510,510,510,510,510,510,510,371,0,180,223.76549865229111,30,4340,1713.0
1637165038,1,GET,/public/,0.300000,0.000000,440,440,470,470,470,470,470,470,470,470,470,372,0,240,274.48655913978496,64,982,10207.575268817205
1637165038,1,,Aggregated,1.800000,0.000000,370,400,470,510,780,1400,1400,1400,1400,1400,1400,2142,0,220,277.2362278244631,10,6255,5663.708216619982
1637165039,1,GET,/,0.300000,0.000000,680,680,780,780,780,780,780,780,780,780,780,456,0,240,324.5921052631579,61,6255,10365.629385964912
1637165039,1,POST,/,0.000000,0.000000,0,0,0,0,0,0,0,0,0,0,0,73,0,460,501.8904109589041,143,1560,10233.17808219178
1637165039,1,GET,/auth/find-friends/,0.700000,0.000000,340,340,350,350,400,400,400,400,400,400,400,744,0,180,219.93951612903226,24,3952,1974.0
1637165039,1,GET,/auth/login/,0.000000,0.000000,0,0,0,0,0,0,0,0,0,0,0,1,0,208,208.0,208,208,2961.0
1637165039,1,POST,/auth/login/,0.100000,0.000000,1400,1400,1400,1400,1400,1400,1400,1400,1400,1400,1400,64,0,720,726.53125,103,2490,10283.765625
1637165039,1,GET,/auth/logout/,0.100000,0.000000,240,240,240,240,240,240,240,240,240,240,240,63,0,190,230.12698412698413,10,2509,1712.0
1637165039,1,POST,/auth/modify-friend/,0.300000,0.000000,400,400,510,510,510,510,510,510,510,510,510,372,0,180,223.9811827956989,30,4340,1713.0
1637165039,1,GET,/public/,0.400000,0.000000,440,440,470,470,470,470,470,470,470,470,470,372,0,240,274.48655913978496,64,982,10207.575268817205
1637165039,1,,Aggregated,1.900000,0.000000,370,400,470,510,780,1400,1400,1400,1400,1400,1400,2145,0,220,277.35244755244753,10,6255,5662.3948717948715
1637165040,1,GET,/,0.300000,0.000000,680,680,780,780,780,780,780,780,780,780,780,457,0,240,324.6498905908096,61,6255,10366.21444201313
1637165040,1,POST,/,0.000000,0.000000,0,0,0,0,0,0,0,0,0,0,0,73,0,460,501.8904109589041,143,1560,10233.17808219178
1637165040,1,GET,/auth/find-friends/,0.800000,0.000000,340,340,350,350,400,400,400,400,400,400,400,745,0,190,220.06308724832215,24,3952,1974.0
1637165040,1,GET,/auth/login/,0.000000,0.000000,0,0,0,0,0,0,0,0,0,0,0,1,0,208,208.0,208,208,2961.0
1637165040,1,POST,/auth/login/,0.100000,0.000000,1400,1400,1400,1400,1400,1400,1400,1400,1400,1400,1400,64,0,720,726.53125,103,2490,10283.765625
1637165040,1,GET,/auth/logout/,0.100000,0.000000,240,240,240,240,240,240,240,240,240,240,240,63,0,190,230.12698412698413,10,2509,1712.0
1637165040,1,POST,/auth/modify-friend/,0.400000,0.000000,400,400,510,510,510,510,510,510,510,510,510,372,0,180,223.9811827956989,30,4340,1713.0
1637165040,1,GET,/public/,0.300000,0.000000,380,440,440,470,470,470,470,470,470,470,470,373,0,240,274.75335120643433,64,982,10208.005361930294
1637165040,1,,Aggregated,2.000000,0.000000,370,400,470,510,780,1400,1400,1400,1400,1400,1400,2148,0,220,277.4478584729981,10,6255,5665.182495344507
1637165041,1,GET,/,0.300000,0.000000,680,680,780,780,780,780,780,780,780,780,780,457,0,240,324.6498905908096,61,6255,10366.21444201313
1637165041,1,POST,/,0.000000,0.000000,0,0,0,0,0,0,0,0,0,0,0,73,0,460,501.8904109589041,143,1560,10233.17808219178
1637165041,1,GET,/auth/find-friends/,0.800000,0.000000,340,340,340,350,400,400,400,400,400,400,400,746,0,190,220.21983914209116,24,3952,1974.0
1637165041,1,GET,/auth/login/,0.000000,0.000000,0,0,0,0,0,0,0,0,0,0,0,1,0,208,208.0,208,208,2961.0
1637165041,1,POST,/auth/login/,0.100000,0.000000,1400,1400,1400,1400,1400,1400,1400,1400,1400,1400,1400,64,0,720,726.53125,103,2490,10283.765625
1637165041,1,GET,/auth/logout/,0.100000,0.000000,240,240,240,240,240,240,240,240,240,240,240,63,0,190,230.12698412698413,10,2509,1712.0
1637165041,1,POST,/auth/modify-friend/,0.400000,0.000000,350,400,400,510,510,510,510,510,510,510,510,373,0,180,224.32975871313673,30,4340,1713.0
1637165041,1,GET,/public/,0.400000,0.000000,380,440,440,470,470,470,470,470,470,470,470,373,0,240,274.75335120643433,64,982,10208.005361930294
1637165041,1,,Aggregated,2.100000,0.000000,350,400,440,470,680,780,1400,1400,1400,1400,1400,2150,0,220,277.51116279069765,10,6255,5661.627441860465
1637165042,1,GET,/,0.500000,0.000000,440,440,780,780,780,780,780,780,780,780,780,458,0,240,324.7685589519651,61,6255,10366.403930131004
1637165042,1,POST,/,0.000000,0.000000,0,0,0,0,0,0,0,0,0,0,0,74,0,460,505.27027027027026,143,1560,10235.256756756757
1637165042,1,GET,/auth/find-friends/,0.700000,0.000000,340,340,350,350,400,400,400,400,400,400,400,746,0,190,220.21983914209116,24,3952,1974.0
1637165042,1,GET,/auth/login/,0.000000,0.000000,0,0,0,0,0,0,0,0,0,0,0,1,0,208,208.0,208,208,2961.0
1637165042,1,POST,/auth/login/,0.100000,0.000000,1400,1400,1400,1400,1400,1400,1400,1400,1400,1400,1400,64,0,720,726.53125,103,2490,10283.765625
1637165042,1,GET,/auth/logout/,0.100000,0.000000,240,240,240,240,240,240,240,240,240,240,240,63,0,190,230.12698412698413,10,2509,1712.0
1637165042,1,POST,/auth/modify-friend/,0.400000,0.000000,350,400,400,510,510,510,510,510,510,510,510,373,0,180,224.32975871313673,30,4340,1713.0
1637165042,1,GET,/public/,0.300000,0.000000,380,380,470,470,470,470,470,470,470,470,470,373,0,240,274.75335120643433,64,982,10208.005361930294
1637165042,1,,Aggregated,2.100000,0.000000,370,400,440,470,750,780,1400,1400,1400,1400,1400,2152,0,220,277.7788104089219,10,6255,5666.049721189591
1637165043,1,GET,/,0.400000,0.000000,430,440,440,780,780,780,780,780,780,780,780,459,0,240,324.9912854030501,61,6255,10366.40522875817
1637165043,1,POST,/,0.000000,0.000000,750,750,750,750,750,750,750,750,750,750,750,74,0,460,505.27027027027026,143,1560,10235.256756756757
1637165043,1,GET,/auth/find-friends/,0.800000,0.000000,340,340,350,350,400,400,400,400,400,400,400,747,0,190,220.39892904953146,24,3952,1974.0
1637165043,1,GET,/auth/login/,0.000000,0.000000,0,0,0,0,0,0,0,0,0,0,0,1,0,208,208.0,208,208,2961.0
1637165043,1,POST,/auth/login/,0.100000,0.000000,1400,1400,1400,1400,1400,1400,1400,1400,1400,1400,1400,64,0,720,726.53125,103,2490,10283.765625
1637165043,1,GET,/auth/logout/,0.100000,0.000000,240,240,240,240,240,240,240,240,240,240,240,63,0,190,230.12698412698413,10,2509,1712.0
1637165043,1,POST,/auth/modify-friend/,0.300000,0.000000,400,400,510,510,510,510,510,510,510,510,510,373,0,180,224.32975871313673,30,4340,1713.0
1637165043,1,GET,/public/,0.400000,0.000000,380,390,390,470,470,470,470,470,470,470,470,374,0,240,275.0668449197861,64,982,10207.951871657753
1637165043,1,,Aggregated,2.100000,0.000000,370,400,430,470,750,780,1400,1400,1400,1400,1400,2155,0,220,277.9364269141531,10,6255,5668.6162412993035
1637165044,1,GET,/,0.400000,0.000000,430,440,440,780,780,780,780,780,780,780,780,459,0,240,324.9912854030501,61,6255,10366.40522875817
1637165044,1,POST,/,0.000000,0.000000,750,750,750,750,750,750,750,750,750,750,750,74,0,460,505.27027027027026,143,1560,10235.256756756757
1637165044,1,GET,/auth/find-friends/,0.800000,0.000000,340,340,350,350,400,400,400,400,400,400,400,748,0,190,220.53877005347593,24,3952,1974.0
1637165044,1,GET,/auth/login/,0.000000,0.000000,0,0,0,0,0,0,0,0,0,0,0,1,0,208,208.0,208,208,2961.0
1637165044,1,POST,/auth/login/,0.100000,0.000000,1400,1400,1400,1400,1400,1400,1400,1400,1400,1400,1400,64,0,720,726.53125,103,2490,10283.765625
1637165044,1,GET,/auth/logout/,0.000000,0.000000,240,240,240,240,240,240,240,240,240,240,240,63,0,190,230.12698412698413,10,2509,1712.0
1637165044,1,POST,/auth/modify-friend/,0.400000,0.000000,350,400,400,510,510,510,510,510,510,510,510,374,0,180,224.53208556149733,30,4340,1713.0
1637165044,1,GET,/public/,0.400000,0.000000,390,390,420,420,470,470,470,470,470,470,470,375,0,240,275.46666666666664,64,982,10207.709333333334
1637165044,1,,Aggregated,2.100000,0.000000,350,390,400,420,470,510,750,750,750,750,750,2158,0,220,278.0366079703429,10,6255,5667.1325301204815
1637165045,1,GET,/,0.500000,0.000000,430,440,440,780,780,780,780,780,780,780,780,459,0,240,324.9912854030501,61,6255,10366.40522875817
1637165045,1,POST,/,0.100000,0.000000,750,750,750,750,750,750,750,750,750,750,750,74,0,460,505.27027027027026,143,1560,10235.256756756757
1637165045,1,GET,/auth/find-friends/,0.800000,0.000000,340,340,350,350,400,400,400,400,400,400,400,750,0,190,220.608,24,3952,1974.0
1637165045,1,GET,/auth/login/,0.000000,0.000000,0,0,0,0,0,0,0,0,0,0,0,1,0,208,208.0,208,208,2961.0
1637165045,1,POST,/auth/login/,0.100000,0.000000,1400,1400,1400,1400,1400,1400,1400,1400,1400,1400,1400,64,0,720,726.53125,103,2490,10283.765625
1637165045,1,GET,/auth/logout/,0.000000,0.000000,240,240,240,240,240,240,240,240,240,240,240,63,0,190,230.12698412698413,10,2509,1712.0
1637165045,1,POST,/auth/modify-friend/,0.400000,0.000000,350,350,400,400,510,510,510,510,510,510,510,375,0,190,224.86133333333333,30,4340,1713.0
1637165045,1,GET,/public/,0.400000,0.000000,390,420,420,470,470,470,470,470,470,470,470,375,0,240,275.46666666666664,64,982,10207.709333333334
1637165045,1,,Aggregated,2.300000,0.000000,350,390,400,420,470,510,750,750,750,750,750,2161,0,220,278.0397963905599,10,6255,5661.884775566868
1637165046,1,GET,/,0.500000,0.000000,380,430,430,440,440,440,440,440,440,440,440,460,0,240,325.0217391304348,61,6255,10366.79347826087
1637165046,1,POST,/,0.100000,0.000000,750,750,750,750,750,750,750,750,750,750,750,74,0,460,505.27027027027026,143,1560,10235.256756756757
1637165046,1,GET,/auth/find-friends/,1.000000,0.000000,320,340,350,350,350,400,400,400,400,400,400,752,0,190,220.70744680851064,24,3952,1974.0
1637165046,1,GET,/auth/login/,0.000000,0.000000,0,0,0,0,0,0,0,0,0,0,0,1,0,208,208.0,208,208,2961.0
1637165046,1,POST,/auth/login/,0.100000,0.000000,1400,1400,1400,1400,1400,1400,1400,1400,1400,1400,1400,64,0,720,726.53125,103,2490,10283.765625
1637165046,1,GET,/auth/logout/,0.000000,0.000000,240,240,240,240,240,240,240,240,240,240,240,63,0,190,230.12698412698413,10,2509,1712.0
1637165046,1,POST,/auth/modify-friend/,0.400000,0.000000,350,350,350,400,400,400,400,400,400,400,400,375,0,190,224.86133333333333,30,4340,1713.0
1637165046,1,GET,/public/,0.500000,0.000000,400,400,420,420,470,470,470,470,470,470,470,376,0,240,275.7925531914894,64,982,10207.696808510638
1637165046,1,,Aggregated,2.600000,0.000000,350,380,400,400,440,470,750,750,750,750,750,2165,0,220,278.1048498845266,10,6255,5662.830946882217
1637165047,1,GET,/,0.400000,0.000000,380,430,430,440,440,440,440,440,440,440,440,460,0,240,325.0217391304348,61,6255,10366.79347826087
1637165047,1,POST,/,0.100000,0.000000,750,750,750,750,750,750,750,750,750,750,750,74,0,460,505.27027027027026,143,1560,10235.256756756757
1637165047,1,GET,/auth/find-friends/,1.100000,0.000000,260,320,340,340,350,400,400,400,400,400,400,756,0,190,220.08597883597884,24,3952,1974.0
1637165047,1,GET,/auth/login/,0.000000,0.000000,0,0,0,0,0,0,0,0,0,0,0,1,0,208,208.0,208,208,2961.0
1637165047,1,POST,/auth/login/,0.000000,0.000000,1400,1400,1400,1400,1400,1400,1400,1400,1400,1400,1400,64,0,720,726.53125,103,2490,10283.765625
1637165047,1,GET,/auth/logout/,0.000000,0.000000,240,240,240,240,240,240,240,240,240,240,240,63,0,190,230.12698412698413,10,2509,1712.0
1637165047,1,POST,/auth/modify-friend/,0.500000,0.000000,300,350,350,350,400,400,400,400,400,400,400,377,0,180,224.30503978779842,30,4340,1713.0
1637165047,1,GET,/public/,0.600000,0.000000,390,400,420,420,470,470,470,470,470,470,470,378,0,240,275.021164021164,64,982,10206.838624338625
1637165047,1,,Aggregated,2.700000,0.000000,340,350,380,400,430,470,750,750,750,750,750,2173,0,220,277.50115048320293,10,6255,5656.4390243902435
1637165048,1,GET,/,0.500000,0.000000,380,430,430,440,440,440,440,440,440,440,440,460,0,240,325.0217391304348,61,6255,10366.79347826087
1637165048,1,POST,/,0.100000,0.000000,750,750,750,750,750,750,750,750,750,750,750,74,0,460,505.27027027027026,143,1560,10235.256756756757
1637165048,1,GET,/auth/find-friends/,1.000000,0.000000,260,320,340,350,370,400,400,400,400,400,400,757,0,190,220.28269484808453,24,3952,1974.0
1637165048,1,GET,/auth/login/,0.000000,0.000000,0,0,0,0,0,0,0,0,0,0,0,1,0,208,208.0,208,208,2961.0
1637165048,1,POST,/auth/login/,0.000000,0.000000,1400,1400,1400,1400,1400,1400,1400,1400,1400,1400,1400,64,0,720,726.53125,103,2490,10283.765625
1637165048,1,GET,/auth/logout/,0.000000,0.000000,240,240,240,240,240,240,240,240,240,240,240,63,0,190,230.12698412698413,10,2509,1712.0
1637165048,1,POST,/auth/modify-friend/,0.600000,0.000000,300,300,350,350,350,350,350,350,350,350,350,378,0,180,224.015873015873,30,4340,1713.0
1637165048,1,GET,/public/,0.500000,0.000000,390,400,420,420,470,470,470,470,470,470,470,379,0,240,274.7282321899736,64,982,10206.406332453826
1637165048,1,,Aggregated,2.700000,0.000000,310,350,370,380,420,440,750,750,750,750,750,2176,0,220,277.4163602941176,10,6255,5654.950367647059
1637165049,1,GET,/,0.500000,0.000000,400,400,430,430,440,440,440,440,440,440,440,461,0,240,325.177874186551,61,6255,10367.518438177874
1637165049,1,POST,/,0.100000,0.000000,750,750,750,750,750,750,750,750,750,750,750,74,0,460,505.27027027027026,143,1560,10235.256756756757
1637165049,1,GET,/auth/find-friends/,1.100000,0.000000,260,320,340,350,370,640,640,640,640,640,640,758,0,190,220.84168865435356,24,3952,1974.0
1637165049,1,GET,/auth/login/,0.000000,0.000000,0,0,0,0,0,0,0,0,0,0,0,1,0,208,208.0,208,208,2961.0
1637165049,1,POST,/auth/login/,0.000000,0.000000,1400,1400,1400,1400,1400,1400,1400,1400,1400,1400,1400,64,0,720,726.53125,103,2490,10283.765625
1637165049,1,GET,/auth/logout/,0.000000,0.000000,0,0,0,0,0,0,0,0,0,0,0,63,0,190,230.12698412698413,10,2509,1712.0
1637165049,1,POST,/auth/modify-friend/,0.600000,0.000000,300,300,350,350,350,350,350,350,350,350,350,379,0,180,224.10817941952507,30,4340,1713.0
1637165049,1,GET,/public/,0.500000,0.000000,370,390,400,400,420,420,420,420,420,420,420,379,0,240,274.7282321899736,64,982,10206.406332453826
1637165049,1,,Aggregated,2.800000,0.000000,310,350,370,390,420,640,750,750,750,750,750,2179,0,220,277.63102340523176,10,6255,5653.767783386875
1637165050,1,GET,/,0.500000,0.000000,400,400,430,430,430,430,430,430,430,430,430,461,0,240,325.177874186551,61,6255,10367.518438177874
1637165050,1,POST,/,0.100000,0.000000,750,750,750,750,750,750,750,750,750,750,750,75,0,490,508.0,143,1560,10241.706666666667
1637165050,1,GET,/auth/find-friends/,1.400000,0.000000,260,320,340,350,370,640,640,640,640,640,640,758,0,190,220.84168865435356,24,3952,1974.0
1637165050,1,GET,/auth/login/,0.000000,0.000000,0,0,0,0,0,0,0,0,0,0,0,1,0,208,208.0,208,208,2961.0
1637165050,1,POST,/auth/login/,0.000000,0.000000,1400,1400,1400,1400,1400,1400,1400,1400,1400,1400,1400,64,0,720,726.53125,103,2490,10283.765625
1637165050,1,GET,/auth/logout/,0.000000,0.000000,0,0,0,0,0,0,0,0,0,0,0,63,0,190,230.12698412698413,10,2509,1712.0
1637165050,1,POST,/auth/modify-friend/,0.700000,0.000000,260,300,350,350,350,350,350,350,350,350,350,379,0,180,224.10817941952507,30,4340,1713.0
1637165050,1,GET,/public/,0.700000,0.000000,370,390,400,400,420,420,420,420,420,420,420,380,0,240,274.93947368421055,64,982,10206.85
1637165050,1,,Aggregated,3.400000,0.000000,320,360,390,400,430,710,750,750,750,750,750,2181,0,220,277.86474094452086,10,6255,5658.254928931683
1637165051,1,GET,/,0.500000,0.000000,400,400,430,430,430,430,430,430,430,430,430,461,0,240,325.177874186551,61,6255,10367.518438177874
1637165051,1,POST,/,0.100000,0.000000,750,750,750,750,750,750,750,750,750,750,750,75,0,490,508.0,143,1560,10241.706666666667
1637165051,1,GET,/auth/find-friends/,1.300000,0.000000,250,260,320,350,370,640,640,640,640,640,640,760,0,190,220.875,24,3952,1974.0
1637165051,1,GET,/auth/login/,0.000000,0.000000,0,0,0,0,0,0,0,0,0,0,0,1,0,208,208.0,208,208,2961.0
1637165051,1,POST,/auth/login/,0.000000,0.000000,1400,1400,1400,1400,1400,1400,1400,1400,1400,1400,1400,64,0,720,726.53125,103,2490,10283.765625
1637165051,1,GET,/auth/logout/,0.000000,0.000000,0,0,0,0,0,0,0,0,0,0,0,63,0,190,230.12698412698413,10,2509,1712.0
1637165051,1,POST,/auth/modify-friend/,0.700000,0.000000,300,350,350,350,370,370,370,370,370,370,370,380,0,180,224.4921052631579,30,4340,1713.0
1637165051,1,GET,/public/,0.700000,0.000000,360,390,400,400,420,420,420,420,420,420,420,380,0,240,274.93947368421055,64,982,10206.85
1637165051,1,,Aggregated,3.300000,0.000000,260,350,370,400,430,710,750,750,750,750,750,2184,0,220,277.8663003663004,10,6255,5653.0746336996335
1637165052,1,GET,/,0.400000,0.000000,390,390,400,400,400,400,400,400,400,400,400,463,0,240,325.39308855291574,61,6255,10368.259179265659
1637165052,1,POST,/,0.100000,0.000000,750,750,750,750,750,750,750,750,750,750,750,75,0,490,508.0,143,1560,10241.706666666667
1637165052,1,GET,/auth/find-friends/,1.400000,0.000000,240,250,260,260,370,640,640,640,640,640,640,760,0,190,220.875,24,3952,1974.0
1637165052,1,GET,/auth/login/,0.000000,0.000000,0,0,0,0,0,0,0,0,0,0,0,1,0,208,208.0,208,208,2961.0
1637165052,1,POST,/auth/login/,0.000000,0.000000,0,0,0,0,0,0,0,0,0,0,0,64,0,720,726.53125,103,2490,10283.765625
1637165052,1,GET,/auth/logout/,0.000000,0.000000,0,0,0,0,0,0,0,0,0,0,0,63,0,190,230.12698412698413,10,2509,1712.0
1637165052,1,POST,/auth/modify-friend/,0.700000,0.000000,260,300,350,350,370,370,370,370,370,370,370,380,0,180,224.4921052631579,30,4340,1713.0
1637165052,1,GET,/public/,0.700000,0.000000,210,360,400,400,420,420,420,420,420,420,420,381,0,240,274.7690288713911,64,982,10206.860892388451
1637165052,1,,Aggregated,3.300000,0.000000,260,350,370,370,400,640,710,710,710,710,710,2187,0,220,277.9240969364426,10,6255,5659.626886145405
1637165054,1,GET,/,0.400000,0.000000,390,390,400,400,400,400,400,400,400,400,400,463,0,240,325.39308855291574,61,6255,10368.259179265659
1637165054,1,POST,/,0.200000,0.000000,750,750,750,750,750,750,750,750,750,750,750,75,0,490,508.0,143,1560,10241.706666666667
1637165054,1,GET,/auth/find-friends/,1.200000,0.000000,240,260,370,420,470,640,640,640,640,640,640,762,0,190,221.46850393700788,24,3952,1974.0
1637165054,1,GET,/auth/login/,0.000000,0.000000,0,0,0,0,0,0,0,0,0,0,0,1,0,208,208.0,208,208,2961.0
1637165054,1,POST,/auth/login/,0.000000,0.000000,0,0,0,0,0,0,0,0,0,0,0,64,0,720,726.53125,103,2490,10283.765625
1637165054,1,GET,/auth/logout/,0.000000,0.000000,0,0,0,0,0,0,0,0,0,0,0,63,0,190,230.12698412698413,10,2509,1712.0
1637165054,1,POST,/auth/modify-friend/,0.700000,0.000000,260,350,370,370,410,410,410,410,410,410,410,381,0,190,224.98950131233596,30,4340,1713.0
1637165054,1,GET,/public/,0.700000,0.000000,210,360,400,400,420,420,420,420,420,420,420,381,0,240,274.7690288713911,64,982,10206.860892388451
1637165054,1,,Aggregated,3.200000,0.000000,260,360,390,400,420,640,710,710,710,710,710,2190,0,220,278.1406392694064,10,6255,5654.458904109589
1637165055,1,GET,/,0.300000,0.000000,390,390,400,400,400,400,400,400,400,400,400,463,0,240,325.39308855291574,61,6255,10368.259179265659
1637165055,1,POST,/,0.200000,0.000000,750,750,750,750,750,750,750,750,750,750,750,75,0,490,508.0,143,1560,10241.706666666667
1637165055,1,GET,/auth/find-friends/,1.400000,0.000000,240,260,370,420,470,640,640,640,640,640,640,763,0,190,221.45609436435126,24,3952,1974.0
1637165055,1,GET,/auth/login/,0.000000,0.000000,0,0,0,0,0,0,0,0,0,0,0,1,0,208,208.0,208,208,2961.0
1637165055,1,POST,/auth/login/,0.000000,0.000000,0,0,0,0,0,0,0,0,0,0,0,64,0,720,726.53125,103,2490,10283.765625
1637165055,1,GET,/auth/logout/,0.000000,0.000000,0,0,0,0,0,0,0,0,0,0,0,63,0,190,230.12698412698413,10,2509,1712.0
1637165055,1,POST,/auth/modify-friend/,0.700000,0.000000,260,260,370,370,410,410,410,410,410,410,410,381,0,190,224.98950131233596,30,4340,1713.0
1637165055,1,GET,/public/,0.700000,0.000000,210,360,400,400,730,730,730,730,730,730,730,382,0,240,275.9581151832461,64,982,10207.196335078534
1637165055,1,,Aggregated,3.300000,0.000000,260,370,400,410,640,710,730,730,730,730,730,2192,0,220,278.3161496350365,10,6255,5654.915145985401
1637165056,1,GET,/,0.400000,0.000000,360,360,390,390,400,400,400,400,400,400,400,465,0,240,325.09247311827954,61,6255,10369.217204301076
1637165056,1,POST,/,0.100000,0.000000,710,710,710,710,710,710,710,710,710,710,710,75,0,490,508.0,143,1560,10241.706666666667
1637165056,1,GET,/auth/find-friends/,1.400000,0.000000,230,240,420,420,470,640,640,640,640,640,640,764,0,190,221.3848167539267,24,3952,1974.0
1637165056,1,GET,/auth/login/,0.000000,0.000000,0,0,0,0,0,0,0,0,0,0,0,1,0,208,208.0,208,208,2961.0
1637165056,1,POST,/auth/login/,0.000000,0.000000,0,0,0,0,0,0,0,0,0,0,0,64,0,720,726.53125,103,2490,10283.765625
1637165056,1,GET,/auth/logout/,0.000000,0.000000,0,0,0,0,0,0,0,0,0,0,0,63,0,190,230.12698412698413,10,2509,1712.0
1637165056,1,POST,/auth/modify-friend/,0.700000,0.000000,300,300,370,370,410,410,410,410,410,410,410,382,0,190,225.17277486910996,30,4340,1713.0
1637165056,1,GET,/public/,0.800000,0.000000,210,210,360,360,730,730,730,730,730,730,730,382,0,240,275.9581151832461,64,982,10207.196335078534
1637165056,1,,Aggregated,3.400000,0.000000,260,360,390,410,640,710,730,730,730,730,730,2196,0,220,278.25227686703096,10,6255,5655.939435336976
1637165057,1,GET,/,0.400000,0.000000,360,360,390,390,400,400,400,400,400,400,400,466,0,240,324.90557939914163,61,6255,10369.656652360514
1637165057,1,POST,/,0.100000,0.000000,710,710,710,710,710,710,710,710,710,710,710,76,0,460,506.82894736842104,143,1560,10245.842105263158
1637165057,1,GET,/auth/find-friends/,1.400000,0.000000,370,420,470,470,640,640,640,640,640,640,640,764,0,190,221.3848167539267,24,3952,1974.0
1637165057,1,GET,/auth/login/,0.000000,0.000000,0,0,0,0,0,0,0,0,0,0,0,1,0,208,208.0,208,208,2961.0
1637165057,1,POST,/auth/login/,0.000000,0.000000,0,0,0,0,0,0,0,0,0,0,0,64,0,720,726.53125,103,2490,10283.765625
1637165057,1,GET,/auth/logout/,0.000000,0.000000,0,0,0,0,0,0,0,0,0,0,0,63,0,190,230.12698412698413,10,2509,1712.0
1637165057,1,POST,/auth/modify-friend/,0.800000,0.000000,300,300,370,370,410,410,410,410,410,410,410,382,0,190,225.17277486910996,30,4340,1713.0
1637165057,1,GET,/public/,0.700000,0.000000,360,360,360,730,730,730,730,730,730,730,730,383,0,240,276.18015665796344,64,982,10207.480417754568
1637165057,1,,Aggregated,3.400000,0.000000,360,390,410,420,640,710,730,730,730,730,730,2199,0,220,278.3356070941337,10,6255,5662.523419736243
1637165058,1,GET,/,0.400000,0.000000,310,360,390,390,400,400,400,400,400,400,400,467,0,240,324.8715203426124,61,6255,10370.222698072805
1637165058,1,POST,/,0.100000,0.000000,710,710,710,710,710,710,710,710,710,710,710,76,0,460,506.82894736842104,143,1560,10245.842105263158
1637165058,1,GET,/auth/find-friends/,1.400000,0.000000,240,420,470,580,640,640,640,640,640,640,640,766,0,190,221.63185378590077,24,3952,1974.0
1637165058,1,GET,/auth/login/,0.000000,0.000000,0,0,0,0,0,0,0,0,0,0,0,1,0,208,208.0,208,208,2961.0
1637165058,1,POST,/auth/login/,0.000000,0.000000,0,0,0,0,0,0,0,0,0,0,0,64,0,720,726.53125,103,2490,10283.765625
1637165058,1,GET,/auth/logout/,0.000000,0.000000,0,0,0,0,0,0,0,0,0,0,0,63,0,190,230.12698412698413,10,2509,1712.0
1637165058,1,POST,/auth/modify-friend/,0.700000,0.000000,300,370,370,410,410,410,410,410,410,410,410,383,0,190,224.88250652741513,30,4340,1713.0
1637165058,1,GET,/public/,0.700000,0.000000,360,360,360,730,730,730,730,730,730,730,730,383,0,240,276.18015665796344,64,982,10207.480417754568
1637165058,1,,Aggregated,3.300000,0.000000,360,390,420,420,640,710,730,730,730,730,730,2203,0,220,278.30912392192465,10,6255,5659.638674534725
1637165059,1,GET,/,0.600000,0.000000,310,360,390,390,400,400,400,400,400,400,400,467,0,240,324.8715203426124,61,6255,10370.222698072805
1637165059,1,POST,/,0.200000,0.000000,710,710,710,710,710,710,710,710,710,710,710,76,0,460,506.82894736842104,143,1560,10245.842105263158
1637165059,1,GET,/auth/find-friends/,1.200000,0.000000,230,240,470,470,580,640,640,640,640,640,640,769,0,190,221.36801040312093,24,3952,1974.0
1637165059,1,GET,/auth/login/,0.000000,0.000000,0,0,0,0,0,0,0,0,0,0,0,1,0,208,208.0,208,208,2961.0
1637165059,1,POST,/auth/login/,0.000000,0.000000,0,0,0,0,0,0,0,0,0,0,0,64,0,720,726.53125,103,2490,10283.765625
1637165059,1,GET,/auth/logout/,0.000000,0.000000,0,0,0,0,0,0,0,0,0,0,0,63,0,190,230.12698412698413,10,2509,1712.0
1637165059,1,POST,/auth/modify-friend/,0.600000,0.000000,300,300,370,370,410,410,410,410,410,410,410,384,0,180,224.6484375,30,4340,1713.0
1637165059,1,GET,/public/,0.700000,0.000000,360,360,360,360,730,730,730,730,730,730,730,385,0,240,275.9428571428571,64,982,10207.698701298701
1637165059,1,,Aggregated,3.300000,0.000000,260,360,390,420,580,710,730,730,730,730,730,2209,0,220,278.03214124038027,10,6255,5657.0022634676325
1637165060,1,GET,/,0.600000,0.000000,270,310,360,360,390,390,390,390,390,390,390,469,0,240,324.59914712153517,61,6255,10370.283582089553
1637165060,1,POST,/,0.200000,0.000000,710,710,710,710,710,710,710,710,710,710,710,76,0,460,506.82894736842104,143,1560,10245.842105263158
1637165060,1,GET,/auth/find-friends/,1.200000,0.000000,210,230,420,420,470,580,580,580,580,580,580,770,0,190,221.34545454545454,24,3952,1974.0
1637165060,1,GET,/auth/login/,0.000000,0.000000,0,0,0,0,0,0,0,0,0,0,0,1,0,208,208.0,208,208,2961.0
1637165060,1,POST,/auth/login/,0.000000,0.000000,0,0,0,0,0,0,0,0,0,0,0,64,0,720,726.53125,103,2490,10283.765625
1637165060,1,GET,/auth/logout/,0.000000,0.000000,0,0,0,0,0,0,0,0,0,0,0,63,0,190,230.12698412698413,10,2509,1712.0
1637165060,1,POST,/auth/modify-friend/,0.600000,0.000000,300,300,370,370,410,410,410,410,410,410,410,385,0,180,224.54545454545453,30,4340,1713.0
1637165060,1,GET,/public/,0.700000,0.000000,360,360,360,360,730,730,730,730,730,730,730,385,0,240,275.9428571428571,64,982,10207.698701298701
1637165060,1,,Aggregated,3.300000,0.000000,250,310,370,390,420,580,730,730,730,730,730,2213,0,220,277.94125621328516,10,6255,5657.82828739268
1637165061,1,GET,/,0.700000,0.000000,260,270,310,360,390,390,390,390,390,390,390,470,0,240,324.4297872340426,61,6255,10370.793617021276
1637165061,1,POST,/,0.200000,0.000000,710,710,710,710,710,710,710,710,710,710,710,76,0,460,506.82894736842104,143,1560,10245.842105263158
1637165061,1,GET,/auth/find-friends/,1.100000,0.000000,210,240,250,420,470,580,580,580,580,580,580,772,0,190,221.24740932642487,24,3952,1974.0
1637165061,1,GET,/auth/login/,0.000000,0.000000,0,0,0,0,0,0,0,0,0,0,0,1,0,208,208.0,208,208,2961.0
1637165061,1,POST,/auth/login/,0.000000,0.000000,0,0,0,0,0,0,0,0,0,0,0,64,0,720,726.53125,103,2490,10283.765625
1637165061,1,GET,/auth/logout/,0.000000,0.000000,0,0,0,0,0,0,0,0,0,0,0,63,0,190,230.12698412698413,10,2509,1712.0
1637165061,1,POST,/auth/modify-friend/,0.600000,0.000000,200,300,370,370,410,410,410,410,410,410,410,386,0,180,224.46891191709844,30,4340,1713.0
1637165061,1,GET,/public/,0.600000,0.000000,230,240,360,360,730,730,730,730,730,730,730,387,0,240,275.5736434108527,64,982,10207.865633074935
1637165061,1,,Aggregated,3.200000,0.000000,240,270,360,390,420,580,730,730,730,730,730,2219,0,220,277.7377196935557,10,6255,5659.09193330329
1637165062,1,GET,/,0.700000,0.000000,260,270,310,360,390,390,390,390,390,390,390,470,0,240,324.4297872340426,61,6255,10370.793617021276
1637165062,1,POST,/,0.200000,0.000000,710,710,710,710,710,710,710,710,710,710,710,76,0,460,506.82894736842104,143,1560,10245.842105263158
1637165062,1,GET,/auth/find-friends/,1.100000,0.000000,200,210,250,420,470,580,580,580,580,580,580,774,0,190,221.08527131782947,24,3952,1974.0
1637165062,1,GET,/auth/login/,0.000000,0.000000,0,0,0,0,0,0,0,0,0,0,0,1,0,208,208.0,208,208,2961.0
1637165062,1,POST,/auth/login/,0.000000,0.000000,0,0,0,0,0,0,0,0,0,0,0,64,0,720,726.53125,103,2490,10283.765625
1637165062,1,GET,/auth/logout/,0.000000,0.000000,32,32,32,32,32,32,32,32,32,32,32,64,0,170,227.03125,10,2509,1712.0
1637165062,1,POST,/auth/modify-friend/,0.600000,0.000000,180,200,300,300,410,410,410,410,410,410,410,387,0,180,224.34883720930233,30,4340,1713.0
1637165062,1,GET,/public/,0.600000,0.000000,230,240,360,360,730,730,730,730,730,730,730,387,0,240,275.5736434108527,64,982,10207.865633074935
1637165062,1,,Aggregated,3.200000,0.000000,230,250,300,310,420,580,730,730,730,730,730,2223,0,220,277.47503373819166,10,6255,5652.225820962663
1637165063,1,GET,/,0.700000,0.000000,250,260,270,270,310,310,310,310,310,310,310,470,0,240,324.4297872340426,61,6255,10370.793617021276
1637165063,1,POST,/,0.200000,0.000000,420,420,420,420,420,420,420,420,420,420,420,76,0,460,506.82894736842104,143,1560,10245.842105263158
1637165063,1,GET,/auth/find-friends/,1.100000,0.000000,180,200,210,210,250,580,580,580,580,580,580,774,0,190,221.08527131782947,24,3952,1974.0
1637165063,1,GET,/auth/login/,0.000000,0.000000,0,0,0,0,0,0,0,0,0,0,0,1,0,208,208.0,208,208,2961.0
1637165063,1,POST,/auth/login/,0.000000,0.000000,0,0,0,0,0,0,0,0,0,0,0,64,0,720,726.53125,103,2490,10283.765625
1637165063,1,GET,/auth/logout/,0.000000,0.000000,32,32,32,32,32,32,32,32,32,32,32,64,0,170,227.03125,10,2509,1712.0
1637165063,1,POST,/auth/modify-friend/,0.600000,0.000000,180,200,300,300,410,410,410,410,410,410,410,387,0,180,224.34883720930233,30,4340,1713.0
1637165063,1,GET,/public/,0.600000,0.000000,240,240,360,360,730,730,730,730,730,730,730,387,0,240,275.5736434108527,64,982,10207.865633074935
1637165063,1,,Aggregated,3.200000,0.000000,210,240,250,270,360,580,730,730,730,730,730,2223,0,220,277.47503373819166,10,6255,5652.225820962663
1637165064,1,GET,/,0.900000,0.000000,260,270,310,310,470,470,470,470,470,470,470,471,0,240,324.7367303609342,61,6255,10371.212314225053
1637165064,1,POST,/,0.100000,0.000000,420,420,420,420,420,420,420,420,420,420,420,76,0,460,506.82894736842104,143,1560,10245.842105263158
1637165064,1,GET,/auth/find-friends/,1.400000,0.000000,170,200,210,210,250,580,580,580,580,580,580,774,0,190,221.08527131782947,24,3952,1974.0
1637165064,1,GET,/auth/login/,0.000000,0.000000,0,0,0,0,0,0,0,0,0,0,0,1,0,208,208.0,208,208,2961.0
1637165064,1,POST,/auth/login/,0.000000,0.000000,790,790,790,790,790,790,790,790,790,790,790,65,0,740,727.4923076923077,103,2490,10287.953846153847
1637165064,1,GET,/auth/logout/,0.100000,0.000000,32,32,32,32,32,32,32,32,32,32,32,64,0,170,227.03125,10,2509,1712.0
1637165064,1,POST,/auth/modify-friend/,0.700000,0.000000,180,180,200,200,300,300,300,300,300,300,300,387,0,180,224.34883720930233,30,4340,1713.0
1637165064,1,GET,/public/,0.700000,0.000000,240,240,360,360,730,730,730,730,730,730,730,387,0,240,275.5736434108527,64,982,10207.865633074935
1637165064,1,,Aggregated,3.900000,0.000000,220,250,260,300,420,580,790,790,790,790,790,2225,0,220,277.79101123595507,10,6255,5656.6391011235955
1637165065,1,GET,/,0.700000,0.000000,270,270,310,310,470,470,470,470,470,470,470,471,0,240,324.7367303609342,61,6255,10371.212314225053
1637165065,1,POST,/,0.100000,0.000000,420,420,420,420,420,420,420,420,420,420,420,76,0,460,506.82894736842104,143,1560,10245.842105263158
1637165065,1,GET,/auth/find-friends/,1.400000,0.000000,180,200,250,250,300,580,580,580,580,580,580,775,0,190,221.18064516129033,24,3952,1974.0
1637165065,1,GET,/auth/login/,0.000000,0.000000,0,0,0,0,0,0,0,0,0,0,0,1,0,208,208.0,208,208,2961.0
1637165065,1,POST,/auth/login/,0.000000,0.000000,790,790,790,790,790,790,790,790,790,790,790,65,0,740,727.4923076923077,103,2490,10287.953846153847
1637165065,1,GET,/auth/logout/,0.100000,0.000000,32,32,32,32,32,32,32,32,32,32,32,64,0,170,227.03125,10,2509,1712.0
1637165065,1,POST,/auth/modify-friend/,0.700000,0.000000,180,180,200,200,300,300,300,300,300,300,300,387,0,180,224.34883720930233,30,4340,1713.0
1637165065,1,GET,/public/,0.600000,0.000000,240,240,360,360,950,950,950,950,950,950,950,388,0,240,277.3015463917526,64,982,10208.185567010309
1637165065,1,,Aggregated,3.600000,0.000000,220,250,300,310,470,790,950,950,950,950,950,2227,0,220,278.0987876066457,10,6255,5657.0848675348
1637165066,1,GET,/,0.700000,0.000000,250,270,310,310,470,470,470,470,470,470,470,473,0,240,324.35940803382664,61,6255,10371.915433403805
1637165066,1,POST,/,0.100000,0.000000,420,420,420,420,420,420,420,420,420,420,420,76,0,460,506.82894736842104,143,1560,10245.842105263158
1637165066,1,GET,/auth/find-friends/,1.200000,0.000000,200,210,280,280,300,580,580,580,580,580,580,776,0,190,221.25515463917526,24,3952,1974.0
1637165066,1,GET,/auth/login/,0.000000,0.000000,0,0,0,0,0,0,0,0,0,0,0,1,0,208,208.0,208,208,2961.0
1637165066,1,POST,/auth/login/,0.100000,0.000000,790,790,790,790,790,790,790,790,790,790,790,65,0,740,727.4923076923077,103,2490,10287.953846153847
1637165066,1,GET,/auth/logout/,0.100000,0.000000,32,32,32,32,32,32,32,32,32,32,32,64,0,170,227.03125,10,2509,1712.0
1637165066,1,POST,/auth/modify-friend/,0.600000,0.000000,180,180,180,180,200,200,200,200,200,200,200,388,0,180,224.10824742268042,30,4340,1713.0
1637165066,1,GET,/public/,0.600000,0.000000,240,240,360,360,950,950,950,950,950,950,950,388,0,240,277.3015463917526,64,982,10208.185567010309
1637165066,1,,Aggregated,3.400000,0.000000,220,250,270,280,470,790,950,950,950,950,950,2231,0,220,277.9950694755715,10,6255,5658.041237113402
1637165067,1,GET,/,0.800000,0.000000,250,270,280,310,470,470,470,470,470,470,470,475,0,240,324.03789473684213,61,6255,10372.84
1637165067,1,POST,/,0.100000,0.000000,420,420,420,420,420,420,420,420,420,420,420,76,0,460,506.82894736842104,143,1560,10245.842105263158
1637165067,1,GET,/auth/find-friends/,1.100000,0.000000,180,200,250,250,280,300,300,300,300,300,300,778,0,190,220.97172236503857,24,3952,1974.0
1637165067,1,GET,/auth/login/,0.000000,0.000000,0,0,0,0,0,0,0,0,0,0,0,1,0,208,208.0,208,208,2961.0
1637165067,1,POST,/auth/login/,0.100000,0.000000,790,790,790,790,790,790,790,790,790,790,790,65,0,740,727.4923076923077,103,2490,10287.953846153847
1637165067,1,GET,/auth/logout/,0.100000,0.000000,32,32,32,32,32,32,32,32,32,32,32,64,0,170,227.03125,10,2509,1712.0
1637165067,1,POST,/auth/modify-friend/,0.600000,0.000000,180,180,200,200,220,220,220,220,220,220,220,389,0,180,224.10796915167094,30,4340,1713.0
1637165067,1,GET,/public/,0.600000,0.000000,230,230,240,240,950,950,950,950,950,950,950,389,0,240,277.1156812339332,64,982,10208.3264781491
1637165067,1,,Aggregated,3.400000,0.000000,220,240,250,270,300,790,950,950,950,950,950,2237,0,220,277.76218149307107,10,6255,5659.453285650425
1637165068,1,GET,/,0.700000,0.000000,250,270,280,280,470,540,540,540,540,540,540,478,0,240,323.9163179916318,61,6255,10374.173640167364
1637165068,1,POST,/,0.100000,0.000000,420,420,420,420,420,420,420,420,420,420,420,76,0,460,506.82894736842104,143,1560,10245.842105263158
1637165068,1,GET,/auth/find-friends/,1.200000,0.000000,200,210,250,280,300,300,300,300,300,300,300,778,0,190,220.97172236503857,24,3952,1974.0
1637165068,1,GET,/auth/login/,0.000000,0.000000,0,0,0,0,0,0,0,0,0,0,0,1,0,208,208.0,208,208,2961.0
1637165068,1,POST,/auth/login/,0.100000,0.000000,790,790,790,790,790,790,790,790,790,790,790,65,0,740,727.4923076923077,103,2490,10287.953846153847
1637165068,1,GET,/auth/logout/,0.100000,0.000000,32,32,32,32,32,32,32,32,32,32,32,64,0,170,227.03125,10,2509,1712.0
1637165068,1,POST,/auth/modify-friend/,0.600000,0.000000,180,200,200,220,220,220,220,220,220,220,220,389,0,180,224.10796915167094,30,4340,1713.0
1637165068,1,GET,/public/,0.600000,0.000000,230,230,240,240,950,950,950,950,950,950,950,389,0,240,277.1156812339332,64,982,10208.3264781491
1637165068,1,,Aggregated,3.400000,0.000000,220,250,270,280,470,790,950,950,950,950,950,2240,0,220,277.79821428571427,10,6255,5666.050446428571
1637165069,1,GET,/,0.800000,0.000000,250,270,280,280,470,540,540,540,540,540,540,478,0,240,323.9163179916318,61,6255,10374.173640167364
1637165069,1,POST,/,0.000000,0.000000,420,420,420,420,420,420,420,420,420,420,420,77,0,460,504.45454545454544,143,1560,10251.961038961039
1637165069,1,GET,/auth/find-friends/,1.400000,0.000000,130,180,250,280,300,300,300,300,300,300,300,780,0,190,220.72179487179488,24,3952,1974.0
1637165069,1,GET,/auth/login/,0.000000,0.000000,0,0,0,0,0,0,0,0,0,0,0,1,0,208,208.0,208,208,2961.0
1637165069,1,POST,/auth/login/,0.100000,0.000000,790,790,790,790,790,790,790,790,790,790,790,65,0,740,727.4923076923077,103,2490,10287.953846153847
1637165069,1,GET,/auth/logout/,0.100000,0.000000,32,32,32,32,32,32,32,32,32,32,32,64,0,170,227.03125,10,2509,1712.0
1637165069,1,POST,/auth/modify-friend/,0.600000,0.000000,180,200,200,220,220,220,220,220,220,220,220,390,0,180,223.92820512820512,30,4340,1713.0
1637165069,1,GET,/public/,0.600000,0.000000,200,200,230,230,950,950,950,950,950,950,950,391,0,240,276.31969309462914,64,982,10209.6547314578
1637165069,1,,Aggregated,3.600000,0.000000,200,230,250,280,470,790,950,950,950,950,950,2246,0,220,277.4870881567231,10,6255,5667.527604630454
1637165070,1,GET,/,0.900000,0.000000,250,270,280,470,540,540,540,540,540,540,540,479,0,240,323.7954070981211,61,6255,10374.620041753653
1637165070,1,POST,/,0.000000,0.000000,420,420,420,420,420,420,420,420,420,420,420,77,0,460,504.45454545454544,143,1560,10251.961038961039
1637165070,1,GET,/auth/find-friends/,1.200000,0.000000,150,180,210,280,300,300,300,300,300,300,300,782,0,190,220.61892583120203,24,3952,1974.0
1637165070,1,GET,/auth/login/,0.000000,0.000000,0,0,0,0,0,0,0,0,0,0,0,1,0,208,208.0,208,208,2961.0
1637165070,1,POST,/auth/login/,0.100000,0.000000,790,790,790,790,790,790,790,790,790,790,790,65,0,740,727.4923076923077,103,2490,10287.953846153847
1637165070,1,GET,/auth/logout/,0.100000,0.000000,32,32,32,32,32,32,32,32,32,32,32,64,0,170,227.03125,10,2509,1712.0
1637165070,1,POST,/auth/modify-friend/,0.600000,0.000000,180,190,190,220,220,220,220,220,220,220,220,391,0,180,223.8312020460358,30,4340,1713.0
1637165070,1,GET,/public/,0.600000,0.000000,180,180,200,200,950,950,950,950,950,950,950,392,0,240,276.0408163265306,64,982,10209.90306122449
1637165070,1,,Aggregated,3.500000,0.000000,190,220,270,280,470,790,950,950,950,950,950,2251,0,220,277.30608618391824,10,6255,5666.736117281208
1637165071,1,GET,/,1.100000,0.000000,240,270,280,280,470,540,540,540,540,540,540,480,0,240,323.53541666666666,61,6255,10374.791666666666
1637165071,1,POST,/,0.100000,0.000000,420,420,420,420,420,420,420,420,420,420,420,77,0,460,504.45454545454544,143,1560,10251.961038961039
1637165071,1,GET,/auth/find-friends/,1.200000,0.000000,150,180,250,250,280,300,300,300,300,300,300,784,0,190,220.5076530612245,24,3952,1974.0
1637165071,1,GET,/auth/login/,0.000000,0.000000,0,0,0,0,0,0,0,0,0,0,0,1,0,208,208.0,208,208,2961.0
1637165071,1,POST,/auth/login/,0.100000,0.000000,790,790,790,790,790,790,790,790,790,790,790,65,0,740,727.4923076923077,103,2490,10287.953846153847
1637165071,1,GET,/auth/logout/,0.100000,0.000000,63,63,63,63,63,63,63,63,63,63,63,65,0,170,224.5076923076923,10,2509,1712.0
1637165071,1,POST,/auth/modify-friend/,0.500000,0.000000,180,180,190,190,220,220,220,220,220,220,220,392,0,180,223.69132653061226,30,4340,1713.0
1637165071,1,GET,/public/,0.500000,0.000000,180,180,200,200,950,950,950,950,950,950,950,392,0,240,276.0408163265306,64,982,10209.90306122449
1637165071,1,,Aggregated,3.600000,0.000000,190,220,250,280,470,790,950,950,950,950,950,2256,0,220,277.0394503546099,10,6255,5662.080230496454
1637165072,1,GET,/,1.100000,0.000000,250,270,280,470,540,540,540,540,540,540,540,480,0,240,323.53541666666666,61,6255,10374.791666666666
1637165072,1,POST,/,0.100000,0.000000,320,320,320,320,320,320,320,320,320,320,320,77,0,460,504.45454545454544,143,1560,10251.961038961039
1637165072,1,GET,/auth/find-friends/,1.200000,0.000000,150,180,250,250,280,300,300,300,300,300,300,784,0,190,220.5076530612245,24,3952,1974.0
1637165072,1,GET,/auth/login/,0.000000,0.000000,0,0,0,0,0,0,0,0,0,0,0,1,0,208,208.0,208,208,2961.0
1637165072,1,POST,/auth/login/,0.100000,0.000000,790,790,790,790,790,790,790,790,790,790,790,65,0,740,727.4923076923077,103,2490,10287.953846153847
1637165072,1,GET,/auth/logout/,0.100000,0.000000,63,63,63,63,63,63,63,63,63,63,63,65,0,170,224.5076923076923,10,2509,1712.0
1637165072,1,POST,/auth/modify-friend/,0.500000,0.000000,180,180,190,190,220,220,220,220,220,220,220,392,0,180,223.69132653061226,30,4340,1713.0
1637165072,1,GET,/public/,0.500000,0.000000,170,200,200,950,950,950,950,950,950,950,950,392,0,240,276.0408163265306,64,982,10209.90306122449
1637165072,1,,Aggregated,3.600000,0.000000,200,220,270,280,470,790,950,950,950,950,950,2256,0,220,277.0394503546099,10,6255,5662.080230496454
1637165073,1,GET,/,1.100000,0.000000,250,270,280,470,540,540,540,540,540,540,540,480,0,240,323.53541666666666,61,6255,10374.791666666666
1637165073,1,POST,/,0.100000,0.000000,320,320,320,320,320,320,320,320,320,320,320,77,0,460,504.45454545454544,143,1560,10251.961038961039
1637165073,1,GET,/auth/find-friends/,1.200000,0.000000,150,210,250,280,300,300,300,300,300,300,300,784,0,190,220.5076530612245,24,3952,1974.0
1637165073,1,GET,/auth/login/,0.000000,0.000000,0,0,0,0,0,0,0,0,0,0,0,1,0,208,208.0,208,208,2961.0
1637165073,1,POST,/auth/login/,0.100000,0.000000,1100,1100,1100,1100,1100,1100,1100,1100,1100,1100,1100,66,0,740,733.7121212121212,103,2490,10288.742424242424
1637165073,1,GET,/auth/logout/,0.100000,0.000000,63,63,300,300,300,300,300,300,300,300,300,66,0,170,225.5909090909091,10,2509,1712.0
1637165073,1,POST,/auth/modify-friend/,0.600000,0.000000,170,190,190,220,220,220,220,220,220,220,220,392,0,180,223.69132653061226,30,4340,1713.0
1637165073,1,GET,/public/,0.600000,0.000000,170,200,200,950,950,950,950,950,950,950,950,392,0,240,276.0408163265306,64,982,10209.90306122449
1637165073,1,,Aggregated,3.800000,0.000000,200,250,280,300,470,950,1100,1100,1100,1100,1100,2258,0,220,277.42914083259524,10,6255,5662.4025686448185
1637165074,1,GET,/,1.100000,0.000000,220,250,270,280,540,540,540,540,540,540,540,480,0,240,323.53541666666666,61,6255,10374.791666666666
1637165074,1,POST,/,0.100000,0.000000,320,320,320,320,320,320,320,320,320,320,320,77,0,460,504.45454545454544,143,1560,10251.961038961039
1637165074,1,GET,/auth/find-friends/,1.200000,0.000000,150,210,250,280,300,300,300,300,300,300,300,784,0,190,220.5076530612245,24,3952,1974.0
1637165074,1,GET,/auth/login/,0.000000,0.000000,0,0,0,0,0,0,0,0,0,0,0,1,0,208,208.0,208,208,2961.0
1637165074,1,POST,/auth/login/,0.100000,0.000000,1100,1100,1100,1100,1100,1100,1100,1100,1100,1100,1100,66,0,740,733.7121212121212,103,2490,10288.742424242424
1637165074,1,GET,/auth/logout/,0.100000,0.000000,63,63,300,300,300,300,300,300,300,300,300,66,0,170,225.5909090909091,10,2509,1712.0
1637165074,1,POST,/auth/modify-friend/,0.600000,0.000000,170,190,190,220,220,220,220,220,220,220,220,392,0,180,223.69132653061226,30,4340,1713.0
1637165074,1,GET,/public/,0.600000,0.000000,170,200,200,950,950,950,950,950,950,950,950,392,0,240,276.0408163265306,64,982,10209.90306122449
1637165074,1,,Aggregated,3.800000,0.000000,200,220,270,280,300,540,1100,1100,1100,1100,1100,2258,0,220,277.42914083259524,10,6255,5662.4025686448185
1637165075,1,GET,/,1.000000,0.000000,220,270,280,280,540,540,540,540,540,540,540,480,0,240,323.53541666666666,61,6255,10374.791666666666
1637165075,1,POST,/,0.100000,0.000000,320,320,320,320,320,320,320,320,320,320,320,77,0,460,504.45454545454544,143,1560,10251.961038961039
1637165075,1,GET,/auth/find-friends/,1.000000,0.000000,130,150,210,210,250,250,250,250,250,250,250,784,0,190,220.5076530612245,24,3952,1974.0
1637165075,1,GET,/auth/login/,0.000000,0.000000,0,0,0,0,0,0,0,0,0,0,0,1,0,208,208.0,208,208,2961.0
1637165075,1,POST,/auth/login/,0.100000,0.000000,790,790,1100,1100,1100,1100,1100,1100,1100,1100,1100,67,0,740,730.0895522388059,103,2490,10289.55223880597
1637165075,1,GET,/auth/logout/,0.100000,0.000000,63,63,300,300,300,300,300,300,300,300,300,66,0,170,225.5909090909091,10,2509,1712.0
1637165075,1,POST,/auth/modify-friend/,0.500000,0.000000,170,190,190,220,220,220,220,220,220,220,220,392,0,180,223.69132653061226,30,4340,1713.0
1637165075,1,GET,/public/,0.500000,0.000000,170,200,200,340,340,340,340,340,340,340,340,393,0,240,276.2086513994911,64,982,10209.333333333334
1637165075,1,,Aggregated,3.300000,0.000000,200,220,270,300,490,540,1100,1100,1100,1100,1100,2260,0,220,277.55221238938054,10,6255,5666.386725663717
1637165076,1,GET,/,1.000000,0.000000,270,280,330,330,540,540,540,540,540,540,540,481,0,240,323.5571725571726,61,6255,10374.44074844075
1637165076,1,POST,/,0.100000,0.000000,320,320,320,320,320,320,320,320,320,320,320,77,0,460,504.45454545454544,143,1560,10251.961038961039
1637165076,1,GET,/auth/find-friends/,1.000000,0.000000,150,160,210,250,480,480,480,480,480,480,480,786,0,190,220.76081424936388,24,3952,1974.0
1637165076,1,GET,/auth/login/,0.000000,0.000000,0,0,0,0,0,0,0,0,0,0,0,1,0,208,208.0,208,208,2961.0
1637165076,1,POST,/auth/login/,0.100000,0.000000,790,790,1100,1100,1100,1100,1100,1100,1100,1100,1100,67,0,740,730.0895522388059,103,2490,10289.55223880597
1637165076,1,GET,/auth/logout/,0.200000,0.000000,300,300,300,300,300,300,300,300,300,300,300,66,0,170,225.5909090909091,10,2509,1712.0
1637165076,1,POST,/auth/modify-friend/,0.500000,0.000000,190,220,220,240,240,240,240,240,240,240,240,393,0,180,223.74045801526717,30,4340,1713.0
1637165076,1,GET,/public/,0.500000,0.000000,170,200,200,340,340,340,340,340,340,340,340,393,0,240,276.2086513994911,64,982,10209.333333333334
1637165076,1,,Aggregated,3.400000,0.000000,200,270,300,330,490,540,1100,1100,1100,1100,1100,2264,0,220,277.5993816254417,10,6255,5663.383833922261
1637165077,1,GET,/,0.900000,0.000000,200,270,270,330,330,330,330,330,330,330,330,481,0,240,323.5571725571726,61,6255,10374.44074844075
1637165077,1,POST,/,0.100000,0.000000,640,640,640,640,640,640,640,640,640,640,640,78,0,460,506.2435897435897,143,1560,10252.551282051281
1637165077,1,GET,/auth/find-friends/,1.000000,0.000000,160,210,250,250,480,480,480,480,480,480,480,786,0,190,220.76081424936388,24,3952,1974.0
1637165077,1,GET,/auth/login/,0.000000,0.000000,0,0,0,0,0,0,0,0,0,0,0,1,0,208,208.0,208,208,2961.0
1637165077,1,POST,/auth/login/,0.200000,0.000000,790,790,1100,1100,1100,1100,1100,1100,1100,1100,1100,67,0,740,730.0895522388059,103,2490,10289.55223880597
1637165077,1,GET,/auth/logout/,0.200000,0.000000,300,300,300,300,300,300,300,300,300,300,300,66,0,170,225.5909090909091,10,2509,1712.0
1637165077,1,POST,/auth/modify-friend/,0.500000,0.000000,190,220,220,240,240,240,240,240,240,240,240,393,0,180,223.74045801526717,30,4340,1713.0
1637165077,1,GET,/public/,0.400000,0.000000,170,340,340,350,350,350,350,350,350,350,350,394,0,240,276.3959390862944,64,982,10208.92385786802
1637165077,1,,Aggregated,3.300000,0.000000,200,270,330,340,490,640,1100,1100,1100,1100,1100,2266,0,220,277.7930273609885,10,6255,5667.364077669903
1637165078,1,GET,/,0.800000,0.000000,200,270,270,330,330,330,330,330,330,330,330,481,0,240,323.5571725571726,61,6255,10374.44074844075
1637165078,1,POST,/,0.100000,0.000000,640,640,640,640,640,640,640,640,640,640,640,78,0,460,506.2435897435897,143,1560,10252.551282051281
1637165078,1,GET,/auth/find-friends/,1.000000,0.000000,250,280,380,380,480,480,480,480,480,480,480,788,0,190,221.0482233502538,24,3952,1974.0
1637165078,1,GET,/auth/login/,0.000000,0.000000,0,0,0,0,0,0,0,0,0,0,0,1,0,208,208.0,208,208,2961.0
1637165078,1,POST,/auth/login/,0.200000,0.000000,1100,1100,1100,1100,1100,1100,1100,1100,1100,1100,1100,67,0,740,730.0895522388059,103,2490,10289.55223880597
1637165078,1,GET,/auth/logout/,0.200000,0.000000,300,300,300,300,300,300,300,300,300,300,300,66,0,170,225.5909090909091,10,2509,1712.0
1637165078,1,POST,/auth/modify-friend/,0.400000,0.000000,190,240,240,350,350,350,350,350,350,350,350,394,0,180,224.0507614213198,30,4340,1713.0
1637165078,1,GET,/public/,0.500000,0.000000,340,340,350,350,350,350,350,350,350,350,350,394,0,240,276.3959390862944,64,982,10208.92385786802
1637165078,1,,Aggregated,3.200000,0.000000,250,330,350,380,490,640,1100,1100,1100,1100,1100,2269,0,220,277.87263111502864,10,6255,5662.365799911855
1637165079,1,GET,/,0.700000,0.000000,270,270,330,330,330,330,330,330,330,330,330,481,0,240,323.5571725571726,61,6255,10374.44074844075
1637165079,1,POST,/,0.100000,0.000000,640,640,640,640,640,640,640,640,640,640,640,78,0,460,506.2435897435897,143,1560,10252.551282051281
1637165079,1,GET,/auth/find-friends/,0.800000,0.000000,330,360,380,380,480,480,480,480,480,480,480,790,0,190,221.36202531645569,24,3952,1974.0
1637165079,1,GET,/auth/login/,0.000000,0.000000,0,0,0,0,0,0,0,0,0,0,0,1,0,208,208.0,208,208,2961.0
1637165079,1,POST,/auth/login/,0.200000,0.000000,1100,1100,1100,1100,1100,1100,1100,1100,1100,1100,1100,67,0,740,730.0895522388059,103,2490,10289.55223880597
1637165079,1,GET,/auth/logout/,0.200000,0.000000,300,300,300,300,300,300,300,300,300,300,300,66,0,170,225.5909090909091,10,2509,1712.0
1637165079,1,POST,/auth/modify-friend/,0.500000,0.000000,240,240,350,350,350,350,350,350,350,350,350,394,0,180,224.0507614213198,30,4340,1713.0
1637165079,1,GET,/public/,0.400000,0.000000,350,350,440,440,440,440,440,440,440,440,440,395,0,240,276.8050632911392,64,982,10208.46329113924
1637165079,1,,Aggregated,2.900000,0.000000,330,350,380,440,490,640,1100,1100,1100,1100,1100,2272,0,220,278.00220070422534,10,6255,5661.040052816901
1637165080,1,GET,/,0.500000,0.000000,330,330,630,630,630,630,630,630,630,630,630,482,0,240,324.201244813278,61,6255,10375.597510373444
1637165080,1,POST,/,0.200000,0.000000,640,640,640,640,640,640,640,640,640,640,640,78,0,460,506.2435897435897,143,1560,10252.551282051281
1637165080,1,GET,/auth/find-friends/,0.900000,0.000000,330,360,380,380,480,480,480,480,480,480,480,790,0,190,221.36202531645569,24,3952,1974.0
1637165080,1,GET,/auth/login/,0.000000,0.000000,0,0,0,0,0,0,0,0,0,0,0,1,0,208,208.0,208,208,2961.0
1637165080,1,POST,/auth/login/,0.200000,0.000000,1100,1100,1100,1100,1100,1100,1100,1100,1100,1100,1100,67,0,740,730.0895522388059,103,2490,10289.55223880597
1637165080,1,GET,/auth/logout/,0.200000,0.000000,300,300,300,300,300,300,300,300,300,300,300,66,0,170,225.5909090909091,10,2509,1712.0
1637165080,1,POST,/auth/modify-friend/,0.400000,0.000000,350,350,380,380,380,380,380,380,380,380,380,395,0,190,224.43291139240506,30,4340,1713.0
1637165080,1,GET,/public/,0.500000,0.000000,350,350,440,440,440,440,440,440,440,440,440,395,0,240,276.8050632911392,64,982,10208.46329113924
1637165080,1,,Aggregated,2.900000,0.000000,350,380,480,490,640,1100,1100,1100,1100,1100,1100,2274,0,220,278.2014072119613,10,6255,5661.6218117854005
1637165081,1,GET,/,0.300000,0.000000,330,440,440,630,630,630,630,630,630,630,630,483,0,240,324.44306418219463,61,6255,10376.784679089027
1637165081,1,POST,/,0.100000,0.000000,640,640,640,640,640,640,640,640,640,640,640,78,0,460,506.2435897435897,143,1560,10252.551282051281
1637165081,1,GET,/auth/find-friends/,0.800000,0.000000,330,360,380,380,480,480,480,480,480,480,480,790,0,190,221.36202531645569,24,3952,1974.0
1637165081,1,GET,/auth/login/,0.000000,0.000000,0,0,0,0,0,0,0,0,0,0,0,1,0,208,208.0,208,208,2961.0
1637165081,1,POST,/auth/login/,0.200000,0.000000,1100,1100,1100,1100,1100,1100,1100,1100,1100,1100,1100,67,0,740,730.0895522388059,103,2490,10289.55223880597
1637165081,1,GET,/auth/logout/,0.200000,0.000000,300,300,300,300,300,300,300,300,300,300,300,66,0,170,225.5909090909091,10,2509,1712.0
1637165081,1,POST,/auth/modify-friend/,0.500000,0.000000,350,350,380,380,380,380,380,380,380,380,380,395,0,190,224.43291139240506,30,4340,1713.0
1637165081,1,GET,/public/,0.500000,0.000000,350,440,440,510,510,510,510,510,510,510,510,396,0,240,277.39141414141415,64,982,10209.89393939394
1637165081,1,,Aggregated,2.600000,0.000000,360,440,480,490,630,640,1100,1100,1100,1100,1100,2276,0,220,278.3743409490334,10,6255,5666.191564147627
1637165082,1,GET,/,0.300000,0.000000,330,440,440,630,630,630,630,630,630,630,630,483,0,240,324.44306418219463,61,6255,10376.784679089027
1637165082,1,POST,/,0.100000,0.000000,640,640,640,640,640,640,640,640,640,640,640,78,0,460,506.2435897435897,143,1560,10252.551282051281
1637165082,1,GET,/auth/find-friends/,0.800000,0.000000,380,420,460,460,480,480,480,480,480,480,480,792,0,190,221.92045454545453,24,3952,1974.0
1637165082,1,GET,/auth/login/,0.000000,0.000000,0,0,0,0,0,0,0,0,0,0,0,1,0,208,208.0,208,208,2961.0
1637165082,1,POST,/auth/login/,0.200000,0.000000,1100,1100,1100,1100,1100,1100,1100,1100,1100,1100,1100,67,0,740,730.0895522388059,103,2490,10289.55223880597
1637165082,1,GET,/auth/logout/,0.200000,0.000000,300,300,300,300,300,300,300,300,300,300,300,66,0,170,225.5909090909091,10,2509,1712.0
1637165082,1,POST,/auth/modify-friend/,0.300000,0.000000,350,350,380,380,380,380,380,380,380,380,380,395,0,190,224.43291139240506,30,4340,1713.0
1637165082,1,GET,/public/,0.400000,0.000000,440,440,510,510,510,510,510,510,510,510,510,396,0,240,277.39141414141415,64,982,10209.89393939394
1637165082,1,,Aggregated,2.300000,0.000000,380,440,480,490,630,640,1100,1100,1100,1100,1100,2278,0,220,278.51843722563655,10,6255,5662.949956101844
1637165083,1,GET,/,0.200000,0.000000,440,440,630,630,630,630,630,630,630,630,630,483,0,240,324.44306418219463,61,6255,10376.784679089027
1637165083,1,POST,/,0.100000,0.000000,640,640,640,640,640,640,640,640,640,640,640,78,0,460,506.2435897435897,143,1560,10252.551282051281
1637165083,1,GET,/auth/find-friends/,0.600000,0.000000,380,420,460,460,480,480,480,480,480,480,480,793,0,190,222.21815889029003,24,3952,1974.0
1637165083,1,GET,/auth/login/,0.000000,0.000000,0,0,0,0,0,0,0,0,0,0,0,1,0,208,208.0,208,208,2961.0
1637165083,1,POST,/auth/login/,0.200000,0.000000,490,490,490,490,490,490,490,490,490,490,490,67,0,740,730.0895522388059,103,2490,10289.55223880597
1637165083,1,GET,/auth/logout/,0.200000,0.000000,300,300,300,300,300,300,300,300,300,300,300,66,0,170,225.5909090909091,10,2509,1712.0
1637165083,1,POST,/auth/modify-friend/,0.300000,0.000000,350,350,380,380,380,380,380,380,380,380,380,396,0,190,224.70959595959596,30,4340,1713.0
1637165083,1,GET,/public/,0.300000,0.000000,350,440,440,510,510,510,510,510,510,510,510,397,0,240,277.1939546599496,64,982,10211.13853904282
1637165083,1,,Aggregated,1.900000,0.000000,380,440,460,480,510,630,640,640,640,640,640,2281,0,220,278.5865848312144,10,6255,5661.811047786059
1637165084,1,GET,/,0.300000,0.000000,440,440,630,630,630,630,630,630,630,630,630,483,0,240,324.44306418219463,61,6255,10376.784679089027
1637165084,1,POST,/,0.100000,0.000000,640,640,640,640,640,640,640,640,640,640,640,78,0,460,506.2435897435897,143,1560,10252.551282051281
1637165084,1,GET,/auth/find-friends/,0.600000,0.000000,360,420,460,460,460,480,480,480,480,480,480,795,0,190,222.24276729559747,24,3952,1974.0
1637165084,1,GET,/auth/login/,0.000000,0.000000,0,0,0,0,0,0,0,0,0,0,0,1,0,208,208.0,208,208,2961.0
1637165084,1,POST,/auth/login/,0.200000,0.000000,490,490,490,490,490,490,490,490,490,490,490,67,0,740,730.0895522388059,103,2490,10289.55223880597
1637165084,1,GET,/auth/logout/,0.100000,0.000000,300,300,300,300,300,300,300,300,300,300,300,66,0,170,225.5909090909091,10,2509,1712.0
1637165084,1,POST,/auth/modify-friend/,0.300000,0.000000,330,350,350,380,380,380,380,380,380,380,380,397,0,190,224.59445843828715,30,4340,1713.0
1637165084,1,GET,/public/,0.400000,0.000000,440,440,510,510,520,520,520,520,520,520,520,398,0,240,277.79899497487435,64,982,10211.38190954774
1637165084,1,,Aggregated,2.000000,0.000000,360,440,460,460,520,630,640,640,640,640,640,2285,0,220,278.6070021881838,10,6255,5658.88840262582
1637165085,1,GET,/,0.300000,0.000000,440,440,630,630,630,630,630,630,630,630,630,484,0,240,324.2396694214876,61,6255,10377.223140495867
1637165085,1,POST,/,0.100000,0.000000,640,640,640,640,640,640,640,640,640,640,640,78,0,460,506.2435897435897,143,1560,10252.551282051281
1637165085,1,GET,/auth/find-friends/,0.800000,0.000000,330,380,420,460,460,480,480,480,480,480,480,797,0,190,222.18569636135507,24,3952,1974.0
1637165085,1,GET,/auth/login/,0.000000,0.000000,0,0,0,0,0,0,0,0,0,0,0,1,0,208,208.0,208,208,2961.0
1637165085,1,POST,/auth/login/,0.200000,0.000000,490,490,490,490,490,490,490,490,490,490,490,67,0,740,730.0895522388059,103,2490,10289.55223880597
1637165085,1,GET,/auth/logout/,0.100000,0.000000,300,300,300,300,300,300,300,300,300,300,300,66,0,170,225.5909090909091,10,2509,1712.0
1637165085,1,POST,/auth/modify-friend/,0.400000,0.000000,330,330,350,350,380,380,380,380,380,380,380,398,0,190,224.51256281407035,30,4340,1713.0
1637165085,1,GET,/public/,0.400000,0.000000,350,440,510,510,520,520,520,520,520,520,520,399,0,240,277.83709273182956,64,982,10211.689223057645
1637165085,1,,Aggregated,2.300000,0.000000,350,380,440,460,520,630,640,640,640,640,640,2290,0,220,278.4834061135371,10,6255,5658.141484716157
1637165086,1,GET,/,0.300000,0.000000,440,440,630,630,630,630,630,630,630,630,630,484,0,240,324.2396694214876,61,6255,10377.223140495867
1637165086,1,POST,/,0.100000,0.000000,640,640,640,640,640,640,640,640,640,640,640,78,0,460,506.2435897435897,143,1560,10252.551282051281
1637165086,1,GET,/auth/find-friends/,1.000000,0.000000,280,360,380,420,460,460,460,460,460,460,460,799,0,190,222.15394242803504,24,3952,1974.0
1637165086,1,GET,/auth/login/,0.000000,0.000000,0,0,0,0,0,0,0,0,0,0,0,1,0,208,208.0,208,208,2961.0
1637165086,1,POST,/auth/login/,0.100000,0.000000,490,490,490,490,490,490,490,490,490,490,490,67,0,740,730.0895522388059,103,2490,10289.55223880597
1637165086,1,GET,/auth/logout/,0.000000,0.000000,300,300,300,300,300,300,300,300,300,300,300,66,0,170,225.5909090909091,10,2509,1712.0
1637165086,1,POST,/auth/modify-friend/,0.400000,0.000000,260,330,350,350,380,380,380,380,380,380,380,399,0,190,224.59899749373434,30,4340,1713.0
1637165086,1,GET,/public/,0.500000,0.000000,350,440,510,510,520,520,520,520,520,520,520,400,0,240,277.8075,64,982,10211.39
1637165086,1,,Aggregated,2.400000,0.000000,330,380,440,460,520,630,640,640,640,640,640,2294,0,220,278.40932868352223,10,6255,5655.142545771578
1637165087,1,GET,/,0.300000,0.000000,440,440,630,630,630,630,630,630,630,630,630,484,0,240,324.2396694214876,61,6255,10377.223140495867
1637165087,1,POST,/,0.100000,0.000000,640,640,640,640,640,640,640,640,640,640,640,78,0,460,506.2435897435897,143,1560,10252.551282051281
1637165087,1,GET,/auth/find-friends/,1.200000,0.000000,280,360,380,420,460,460,460,460,460,460,460,801,0,190,222.04244694132333,24,3952,1974.0
1637165087,1,GET,/auth/login/,0.000000,0.000000,0,0,0,0,0,0,0,0,0,0,0,1,0,208,208.0,208,208,2961.0
1637165087,1,POST,/auth/login/,0.000000,0.000000,490,490,490,490,490,490,490,490,490,490,490,67,0,740,730.0895522388059,103,2490,10289.55223880597
1637165087,1,GET,/auth/logout/,0.000000,0.000000,300,300,300,300,300,300,300,300,300,300,300,66,0,170,225.5909090909091,10,2509,1712.0
1637165087,1,POST,/auth/modify-friend/,0.500000,0.000000,260,330,350,350,380,380,380,380,380,380,380,400,0,190,224.635,30,4340,1713.0
1637165087,1,GET,/public/,0.600000,0.000000,290,440,510,510,520,520,520,520,520,520,520,401,0,240,277.72319201995015,64,982,10210.887780548628
1637165087,1,,Aggregated,2.700000,0.000000,280,360,420,440,460,520,630,630,630,630,630,2298,0,220,278.2893820713664,10,6255,5652.118363794604
1637165089,1,GET,/,0.400000,0.000000,440,440,630,630,630,630,630,630,630,630,630,485,0,240,324.1876288659794,61,6255,10377.063917525773
1637165089,1,POST,/,0.100000,0.000000,640,640,640,640,640,640,640,640,640,640,640,78,0,460,506.2435897435897,143,1560,10252.551282051281
1637165089,1,GET,/auth/find-friends/,1.100000,0.000000,280,360,390,420,460,460,460,460,460,460,460,802,0,190,222.24812967581047,24,3952,1974.0
1637165089,1,GET,/auth/login/,0.000000,0.000000,0,0,0,0,0,0,0,0,0,0,0,1,0,208,208.0,208,208,2961.0
1637165089,1,POST,/auth/login/,0.000000,0.000000,490,490,490,490,490,490,490,490,490,490,490,67,0,740,730.0895522388059,103,2490,10289.55223880597
1637165089,1,GET,/auth/logout/,0.000000,0.000000,300,300,300,300,300,300,300,300,300,300,300,66,0,170,225.5909090909091,10,2509,1712.0
1637165089,1,POST,/auth/modify-friend/,0.600000,0.000000,240,260,330,330,380,380,380,380,380,380,380,401,0,190,224.6583541147132,30,4340,1713.0
1637165089,1,GET,/public/,0.600000,0.000000,290,290,510,510,520,520,520,520,520,520,520,401,0,240,277.72319201995015,64,982,10210.887780548628
1637165089,1,,Aggregated,2.800000,0.000000,270,330,390,440,510,520,630,630,630,630,630,2301,0,220,278.32637983485444,10,6255,5650.827900912646
1637165090,1,GET,/,0.300000,0.000000,400,400,440,440,440,440,440,440,440,440,440,486,0,240,324.3539094650206,61,6255,10376.93621399177
1637165090,1,POST,/,0.100000,0.000000,640,640,640,640,640,640,640,640,640,640,640,78,0,460,506.2435897435897,143,1560,10252.551282051281
1637165090,1,GET,/auth/find-friends/,1.300000,0.000000,280,340,390,420,460,460,460,460,460,460,460,804,0,190,222.47388059701493,24,3952,1974.0
1637165090,1,GET,/auth/login/,0.000000,0.000000,0,0,0,0,0,0,0,0,0,0,0,1,0,208,208.0,208,208,2961.0
1637165090,1,POST,/auth/login/,0.000000,0.000000,490,490,490,490,490,490,490,490,490,490,490,67,0,740,730.0895522388059,103,2490,10289.55223880597
1637165090,1,GET,/auth/logout/,0.000000,0.000000,300,300,300,300,300,300,300,300,300,300,300,66,0,170,225.5909090909091,10,2509,1712.0
1637165090,1,POST,/auth/modify-friend/,0.600000,0.000000,240,260,330,330,380,380,380,380,380,380,380,401,0,190,224.6583541147132,30,4340,1713.0
1637165090,1,GET,/public/,0.700000,0.000000,290,310,510,510,520,520,520,520,520,520,520,402,0,240,277.7985074626866,64,982,10210.828358208955
1637165090,1,,Aggregated,3.000000,0.000000,270,310,390,400,460,510,520,520,520,520,520,2305,0,220,278.424295010846,10,6255,5651.62906724512
1637165091,1,GET,/,0.300000,0.000000,400,400,440,440,440,440,440,440,440,440,440,486,0,240,324.3539094650206,61,6255,10376.93621399177
1637165091,1,POST,/,0.000000,0.000000,640,640,640,640,640,640,640,640,640,640,640,78,0,460,506.2435897435897,143,1560,10252.551282051281
1637165091,1,GET,/auth/find-friends/,1.400000,0.000000,280,340,390,420,460,460,460,460,460,460,460,804,0,190,222.47388059701493,24,3952,1974.0
1637165091,1,GET,/auth/login/,0.000000,0.000000,0,0,0,0,0,0,0,0,0,0,0,1,0,208,208.0,208,208,2961.0
1637165091,1,POST,/auth/login/,0.000000,0.000000,490,490,490,490,490,490,490,490,490,490,490,67,0,740,730.0895522388059,103,2490,10289.55223880597
1637165091,1,GET,/auth/logout/,0.000000,0.000000,0,0,0,0,0,0,0,0,0,0,0,66,0,170,225.5909090909091,10,2509,1712.0
1637165091,1,POST,/auth/modify-friend/,0.700000,0.000000,240,260,330,330,500,500,500,500,500,500,500,402,0,190,225.33830845771143,30,4340,1713.0
1637165091,1,GET,/public/,0.700000,0.000000,310,330,510,510,520,520,520,520,520,520,520,403,0,240,277.9181141439206,64,982,10210.96029776675
1637165091,1,,Aggregated,3.100000,0.000000,270,310,340,390,460,500,520,520,520,520,520,2307,0,220,278.5400953619419,10,6255,5651.921109666233
1637165092,1,GET,/,0.400000,0.000000,300,400,400,440,440,440,440,440,440,440,440,487,0,240,324.07392197125256,61,6255,10377.507186858316
1637165092,1,POST,/,0.000000,0.000000,640,640,640,640,640,640,640,640,640,640,640,78,0,460,506.2435897435897,143,1560,10252.551282051281
1637165092,1,GET,/auth/find-friends/,1.400000,0.000000,270,280,290,340,390,460,460,460,460,460,460,806,0,190,222.40694789081886,24,3952,1974.0
1637165092,1,GET,/auth/login/,0.000000,0.000000,0,0,0,0,0,0,0,0,0,0,0,1,0,208,208.0,208,208,2961.0
1637165092,1,POST,/auth/login/,0.000000,0.000000,0,0,0,0,0,0,0,0,0,0,0,67,0,740,730.0895522388059,103,2490,10289.55223880597
1637165092,1,GET,/auth/logout/,0.000000,0.000000,0,0,0,0,0,0,0,0,0,0,0,66,0,170,225.5909090909091,10,2509,1712.0
1637165092,1,POST,/auth/modify-friend/,0.700000,0.000000,240,260,330,330,500,500,500,500,500,500,500,403,0,190,225.14143920595532,30,4340,1713.0
1637165092,1,GET,/public/,0.600000,0.000000,290,310,330,330,520,520,520,520,520,520,520,403,0,240,277.9181141439206,64,982,10210.96029776675
1637165092,1,,Aggregated,3.100000,0.000000,260,290,310,330,400,500,520,520,520,520,520,2311,0,220,278.37170056252705,10,6255,5649.198615318044
1637165093,1,GET,/,0.500000,0.000000,300,300,400,400,590,590,590,590,590,590,590,489,0,240,324.5051124744376,61,6255,10378.920245398773
1637165093,1,POST,/,0.000000,0.000000,640,640,640,640,640,640,640,640,640,640,640,78,0,460,506.2435897435897,143,1560,10252.551282051281
1637165093,1,GET,/auth/find-friends/,1.400000,0.000000,220,270,290,290,340,390,390,390,390,390,390,806,0,190,222.40694789081886,24,3952,1974.0
1637165093,1,GET,/auth/login/,0.000000,0.000000,0,0,0,0,0,0,0,0,0,0,0,1,0,208,208.0,208,208,2961.0
1637165093,1,POST,/auth/login/,0.000000,0.000000,0,0,0,0,0,0,0,0,0,0,0,67,0,740,730.0895522388059,103,2490,10289.55223880597
1637165093,1,GET,/auth/logout/,0.000000,0.000000,0,0,0,0,0,0,0,0,0,0,0,66,0,170,225.5909090909091,10,2509,1712.0
1637165093,1,POST,/auth/modify-friend/,0.700000,0.000000,230,240,260,260,500,500,500,500,500,500,500,403,0,190,225.14143920595532,30,4340,1713.0
1637165093,1,GET,/public/,0.700000,0.000000,310,330,420,420,520,520,520,520,520,520,520,404,0,240,278.26732673267327,64,982,10211.487623762376
1637165093,1,,Aggregated,3.300000,0.000000,270,290,330,340,420,520,590,590,590,590,590,2314,0,220,278.56309420916165,10,6255,5655.647363872083
1637165094,1,GET,/,0.400000,0.000000,300,300,400,400,590,590,590,590,590,590,590,489,0,240,324.5051124744376,61,6255,10378.920245398773
1637165094,1,POST,/,0.000000,0.000000,640,640,640,640,640,640,640,640,640,640,640,78,0,460,506.2435897435897,143,1560,10252.551282051281
1637165094,1,GET,/auth/find-friends/,1.600000,0.000000,280,280,310,310,340,390,390,390,390,390,390,808,0,190,222.5891089108911,24,3952,1974.0
1637165094,1,GET,/auth/login/,0.000000,0.000000,0,0,0,0,0,0,0,0,0,0,0,1,0,208,208.0,208,208,2961.0
1637165094,1,POST,/auth/login/,0.000000,0.000000,0,0,0,0,0,0,0,0,0,0,0,67,0,740,730.0895522388059,103,2490,10289.55223880597
1637165094,1,GET,/auth/logout/,0.000000,0.000000,0,0,0,0,0,0,0,0,0,0,0,66,0,170,225.5909090909091,10,2509,1712.0
1637165094,1,POST,/auth/modify-friend/,0.800000,0.000000,240,260,300,300,500,500,500,500,500,500,500,404,0,190,225.32178217821783,30,4340,1713.0
1637165094,1,GET,/public/,0.700000,0.000000,290,310,330,330,420,420,420,420,420,420,420,405,0,240,278.28395061728395,64,982,10211.61975308642
1637165094,1,,Aggregated,3.500000,0.000000,280,300,310,330,400,500,590,590,590,590,590,2318,0,220,278.5893011216566,10,6255,5652.758412424504
1637165095,1,GET,/,0.600000,0.000000,300,300,400,400,590,590,590,590,590,590,590,489,0,240,324.5051124744376,61,6255,10378.920245398773
1637165095,1,POST,/,0.000000,0.000000,0,0,0,0,0,0,0,0,0,0,0,78,0,460,506.2435897435897,143,1560,10252.551282051281
1637165095,1,GET,/auth/find-friends/,1.400000,0.000000,280,290,300,310,340,390,390,390,390,390,390,810,0,190,222.69135802469137,24,3952,1974.0
1637165095,1,GET,/auth/login/,0.000000,0.000000,0,0,0,0,0,0,0,0,0,0,0,1,0,208,208.0,208,208,2961.0
1637165095,1,POST,/auth/login/,0.000000,0.000000,0,0,0,0,0,0,0,0,0,0,0,67,0,740,730.0895522388059,103,2490,10289.55223880597
1637165095,1,GET,/auth/logout/,0.000000,0.000000,0,0,0,0,0,0,0,0,0,0,0,67,0,190,225.49253731343285,10,2509,1712.0
1637165095,1,POST,/auth/modify-friend/,0.700000,0.000000,260,300,350,350,500,500,500,500,500,500,500,405,0,190,225.62716049382715,30,4340,1713.0
1637165095,1,GET,/public/,0.800000,0.000000,310,310,330,330,420,420,420,420,420,420,420,405,0,240,278.28395061728395,64,982,10211.61975308642
1637165095,1,,Aggregated,3.500000,0.000000,280,300,330,340,400,500,590,590,590,590,590,2322,0,220,278.5813953488372,10,6255,5646.19595176572
1637165096,1,GET,/,0.600000,0.000000,300,400,400,590,590,590,590,590,590,590,590,489,0,240,324.5051124744376,61,6255,10378.920245398773
1637165096,1,POST,/,0.000000,0.000000,0,0,0,0,0,0,0,0,0,0,0,78,0,460,506.2435897435897,143,1560,10252.551282051281
1637165096,1,GET,/auth/find-friends/,1.400000,0.000000,280,300,310,310,340,390,390,390,390,390,390,810,0,190,222.69135802469137,24,3952,1974.0
1637165096,1,GET,/auth/login/,0.000000,0.000000,0,0,0,0,0,0,0,0,0,0,0,1,0,208,208.0,208,208,2961.0
1637165096,1,POST,/auth/login/,0.000000,0.000000,0,0,0,0,0,0,0,0,0,0,0,67,0,740,730.0895522388059,103,2490,10289.55223880597
1637165096,1,GET,/auth/logout/,0.000000,0.000000,220,220,220,220,220,220,220,220,220,220,220,67,0,190,225.49253731343285,10,2509,1712.0
1637165096,1,POST,/auth/modify-friend/,0.700000,0.000000,300,300,350,350,500,500,500,500,500,500,500,405,0,190,225.62716049382715,30,4340,1713.0
1637165096,1,GET,/public/,0.800000,0.000000,310,330,330,420,420,420,420,420,420,420,420,405,0,240,278.28395061728395,64,982,10211.61975308642
1637165096,1,,Aggregated,3.500000,0.000000,290,310,340,350,420,500,590,590,590,590,590,2322,0,220,278.5813953488372,10,6255,5646.19595176572
1637165097,1,GET,/,0.600000,0.000000,300,400,400,590,590,590,590,590,590,590,590,489,0,240,324.5051124744376,61,6255,10378.920245398773
1637165097,1,POST,/,0.000000,0.000000,0,0,0,0,0,0,0,0,0,0,0,78,0,460,506.2435897435897,143,1560,10252.551282051281
1637165097,1,GET,/auth/find-friends/,1.400000,0.000000,290,300,310,340,390,390,390,390,390,390,390,810,0,190,222.69135802469137,24,3952,1974.0
1637165097,1,GET,/auth/login/,0.000000,0.000000,0,0,0,0,0,0,0,0,0,0,0,1,0,208,208.0,208,208,2961.0
1637165097,1,POST,/auth/login/,0.000000,0.000000,790,790,790,790,790,790,790,790,790,790,790,68,0,740,730.9411764705883,103,2490,10291.485294117647
1637165097,1,GET,/auth/logout/,0.000000,0.000000,220,220,220,220,220,220,220,220,220,220,220,67,0,190,225.49253731343285,10,2509,1712.0
1637165097,1,POST,/auth/modify-friend/,0.800000,0.000000,300,350,350,500,500,500,500,500,500,500,500,405,0,190,225.62716049382715,30,4340,1713.0
1637165097,1,GET,/public/,0.700000,0.000000,310,330,330,420,420,420,420,420,420,420,420,405,0,240,278.28395061728395,64,982,10211.61975308642
1637165097,1,,Aggregated,3.500000,0.000000,300,330,350,400,500,590,790,790,790,790,790,2323,0,220,278.8006887645286,10,6255,5648.251399052949
1637165098,1,GET,/,0.600000,0.000000,400,590,590,760,760,760,760,760,760,760,760,490,0,240,325.38775510204084,61,6255,10378.989795918367
1637165098,1,POST,/,0.000000,0.000000,0,0,0,0,0,0,0,0,0,0,0,78,0,460,506.2435897435897,143,1560,10252.551282051281
1637165098,1,GET,/auth/find-friends/,1.400000,0.000000,290,300,310,310,340,340,340,340,340,340,340,810,0,190,222.69135802469137,24,3952,1974.0
1637165098,1,GET,/auth/login/,0.000000,0.000000,0,0,0,0,0,0,0,0,0,0,0,1,0,208,208.0,208,208,2961.0
1637165098,1,POST,/auth/login/,0.000000,0.000000,790,790,790,790,790,790,790,790,790,790,790,68,0,740,730.9411764705883,103,2490,10291.485294117647
1637165098,1,GET,/auth/logout/,0.000000,0.000000,220,220,220,220,220,220,220,220,220,220,220,67,0,190,225.49253731343285,10,2509,1712.0
1637165098,1,POST,/auth/modify-friend/,0.800000,0.000000,300,350,350,500,500,500,500,500,500,500,500,405,0,190,225.62716049382715,30,4340,1713.0
1637165098,1,GET,/public/,0.700000,0.000000,330,330,420,420,420,420,420,420,420,420,420,405,0,240,278.28395061728395,64,982,10211.61975308642
1637165098,1,,Aggregated,3.500000,0.000000,300,340,400,420,590,760,790,790,790,790,790,2324,0,220,279.00645438898454,10,6255,5650.301635111876
1637165099,1,GET,/,0.500000,0.000000,400,590,590,760,760,760,760,760,760,760,760,490,0,240,325.38775510204084,61,6255,10378.989795918367
1637165099,1,POST,/,0.000000,0.000000,0,0,0,0,0,0,0,0,0,0,0,78,0,460,506.2435897435897,143,1560,10252.551282051281
1637165099,1,GET,/auth/find-friends/,1.300000,0.000000,290,300,310,310,340,340,340,340,340,340,340,810,0,190,222.69135802469137,24,3952,1974.0
1637165099,1,GET,/auth/login/,0.000000,0.000000,0,0,0,0,0,0,0,0,0,0,0,1,0,208,208.0,208,208,2961.0
1637165099,1,POST,/auth/login/,0.000000,0.000000,790,790,790,790,790,790,790,790,790,790,790,68,0,740,730.9411764705883,103,2490,10291.485294117647
1637165099,1,GET,/auth/logout/,0.100000,0.000000,640,640,640,640,640,640,640,640,640,640,640,68,0,190,231.52941176470588,10,2509,1712.0
1637165099,1,POST,/auth/modify-friend/,0.700000,0.000000,350,350,500,500,500,500,500,500,500,500,500,405,0,190,225.62716049382715,30,4340,1713.0
1637165099,1,GET,/public/,0.600000,0.000000,330,330,420,420,420,420,420,420,420,420,420,405,0,240,278.28395061728395,64,982,10211.61975308642
1637165099,1,,Aggregated,3.200000,0.000000,300,350,500,590,760,790,790,790,790,790,790,2325,0,220,279.16,10,6255,5648.607741935484
1637165100,1,GET,/,0.500000,0.000000,590,590,760,760,760,760,760,760,760,760,760,490,0,240,325.38775510204084,61,6255,10378.989795918367
1637165100,1,POST,/,0.000000,0.000000,0,0,0,0,0,0,0,0,0,0,0,78,0,460,506.2435897435897,143,1560,10252.551282051281
1637165100,1,GET,/auth/find-friends/,1.300000,0.000000,280,280,300,300,310,310,310,310,310,310,310,810,0,190,222.69135802469137,24,3952,1974.0
1637165100,1,GET,/auth/login/,0.000000,0.000000,0,0,0,0,0,0,0,0,0,0,0,1,0,208,208.0,208,208,2961.0
1637165100,1,POST,/auth/login/,0.000000,0.000000,790,790,790,790,790,790,790,790,790,790,790,68,0,740,730.9411764705883,103,2490,10291.485294117647
1637165100,1,GET,/auth/logout/,0.100000,0.000000,640,640,640,640,640,640,640,640,640,640,640,68,0,190,231.52941176470588,10,2509,1712.0
1637165100,1,POST,/auth/modify-friend/,0.700000,0.000000,300,300,350,350,350,350,350,350,350,350,350,405,0,190,225.62716049382715,30,4340,1713.0
1637165100,1,GET,/public/,0.600000,0.000000,330,330,420,420,420,420,420,420,420,420,420,405,0,240,278.28395061728395,64,982,10211.61975308642
1637165100,1,,Aggregated,3.200000,0.000000,300,310,420,590,760,790,790,790,790,790,790,2325,0,220,279.16,10,6255,5648.607741935484
1637165101,1,GET,/,0.500000,0.000000,760,760,770,770,770,770,770,770,770,770,770,491,0,250,326.29938900203666,61,6255,10378.928716904276
1637165101,1,POST,/,0.000000,0.000000,0,0,0,0,0,0,0,0,0,0,0,78,0,460,506.2435897435897,143,1560,10252.551282051281
1637165101,1,GET,/auth/find-friends/,0.800000,0.000000,280,280,300,300,310,310,310,310,310,310,310,810,0,190,222.69135802469137,24,3952,1974.0
1637165101,1,GET,/auth/login/,0.000000,0.000000,0,0,0,0,0,0,0,0,0,0,0,1,0,208,208.0,208,208,2961.0
1637165101,1,POST,/auth/login/,0.100000,0.000000,1000,1000,1000,1000,1000,1000,1000,1000,1000,1000,1000,69,0,750,735.5652173913044,103,2490,10290.768115942028
1637165101,1,GET,/auth/logout/,0.200000,0.000000,640,640,640,640,640,640,640,640,640,640,640,68,0,190,231.52941176470588,10,2509,1712.0
1637165101,1,POST,/auth/modify-friend/,0.400000,0.000000,300,300,350,350,350,350,350,350,350,350,350,405,0,190,225.62716049382715,30,4340,1713.0
1637165101,1,GET,/public/,0.400000,0.000000,420,420,420,420,420,420,420,420,420,420,420,405,0,240,278.28395061728395,64,982,10211.61975308642
1637165101,1,,Aggregated,2.400000,0.000000,350,590,760,760,790,1000,1000,1000,1000,1000,1000,2327,0,220,279.70348087666525,10,6255,5652.601633003867
1637165102,1,GET,/,0.400000,0.000000,760,760,770,770,770,770,770,770,770,770,770,491,0,250,326.29938900203666,61,6255,10378.928716904276
1637165102,1,POST,/,0.000000,0.000000,0,0,0,0,0,0,0,0,0,0,0,79,0,490,511.9620253164557,143,1560,10253.949367088608
1637165102,1,GET,/auth/find-friends/,0.600000,0.000000,300,300,310,310,310,310,310,310,310,310,310,810,0,190,222.69135802469137,24,3952,1974.0
1637165102,1,GET,/auth/login/,0.000000,0.000000,0,0,0,0,0,0,0,0,0,0,0,1,0,208,208.0,208,208,2961.0
1637165102,1,POST,/auth/login/,0.100000,0.000000,1000,1000,1000,1000,1000,1000,1000,1000,1000,1000,1000,69,0,750,735.5652173913044,103,2490,10290.768115942028
1637165102,1,GET,/auth/logout/,0.200000,0.000000,640,640,640,640,640,640,640,640,640,640,640,68,0,190,231.52941176470588,10,2509,1712.0
1637165102,1,POST,/auth/modify-friend/,0.400000,0.000000,350,350,350,350,350,350,350,350,350,350,350,405,0,190,225.62716049382715,30,4340,1713.0
1637165102,1,GET,/public/,0.300000,0.000000,420,420,420,420,420,420,420,420,420,420,420,405,0,240,278.28395061728395,64,982,10211.61975308642
1637165102,1,,Aggregated,2.000000,0.000000,350,760,770,790,960,1000,1000,1000,1000,1000,1000,2328,0,220,279.99484536082474,10,6255,5654.625
1637165103,1,GET,/,0.400000,0.000000,680,680,760,760,770,770,770,770,770,770,770,493,0,250,327.10141987829616,61,6255,10378.53752535497
1637165103,1,POST,/,0.000000,0.000000,960,960,960,960,960,960,960,960,960,960,960,79,0,490,511.9620253164557,143,1560,10253.949367088608
1637165103,1,GET,/auth/find-friends/,0.600000,0.000000,300,300,300,300,300,300,300,300,300,300,300,810,0,190,222.69135802469137,24,3952,1974.0
1637165103,1,GET,/auth/login/,0.000000,0.000000,0,0,0,0,0,0,0,0,0,0,0,1,0,208,208.0,208,208,2961.0
1637165103,1,POST,/auth/login/,0.200000,0.000000,1000,1000,1000,1000,1000,1000,1000,1000,1000,1000,1000,69,0,750,735.5652173913044,103,2490,10290.768115942028
1637165103,1,GET,/auth/logout/,0.200000,0.000000,640,640,640,640,640,640,640,640,640,640,640,68,0,190,231.52941176470588,10,2509,1712.0
1637165103,1,POST,/auth/modify-friend/,0.300000,0.000000,350,350,350,350,350,350,350,350,350,350,350,405,0,190,225.62716049382715,30,4340,1713.0
1637165103,1,GET,/public/,0.200000,0.000000,280,280,280,280,280,280,280,280,280,280,280,405,0,240,278.28395061728395,64,982,10211.61975308642
1637165103,1,,Aggregated,1.900000,0.000000,640,760,770,790,960,1000,1000,1000,1000,1000,1000,2330,0,220,280.2042918454936,10,6255,5658.597424892704
1637165104,1,GET,/,0.400000,0.000000,680,760,760,770,770,770,770,770,770,770,770,494,0,250,327.11336032388664,61,6255,10378.338056680162
1637165104,1,POST,/,0.000000,0.000000,960,960,960,960,960,960,960,960,960,960,960,80,0,490,515.5875,143,1560,10252.325
1637165104,1,GET,/auth/find-friends/,0.400000,0.000000,300,300,300,300,300,300,300,300,300,300,300,810,0,190,222.69135802469137,24,3952,1974.0
1637165104,1,GET,/auth/login/,0.000000,0.000000,0,0,0,0,0,0,0,0,0,0,0,1,0,208,208.0,208,208,2961.0
1637165104,1,POST,/auth/login/,0.200000,0.000000,1000,1000,1000,1000,1000,1000,1000,1000,1000,1000,1000,69,0,750,735.5652173913044,103,2490,10290.768115942028
1637165104,1,GET,/auth/logout/,0.200000,0.000000,640,640,640,640,640,640,640,640,640,640,640,68,0,190,231.52941176470588,10,2509,1712.0
1637165104,1,POST,/auth/modify-friend/,0.200000,0.000000,350,350,350,350,350,350,350,350,350,350,350,405,0,190,225.62716049382715,30,4340,1713.0
1637165104,1,GET,/public/,0.200000,0.000000,280,280,280,280,280,280,280,280,280,280,280,405,0,240,278.28395061728395,64,982,10211.61975308642
1637165104,1,,Aggregated,1.600000,0.000000,760,790,800,800,960,1000,1000,1000,1000,1000,1000,2332,0,220,280.4506861063465,10,6255,5662.493996569468
1637165105,1,GET,/,0.300000,0.000000,680,760,760,770,770,770,770,770,770,770,770,494,0,250,327.11336032388664,61,6255,10378.338056680162
1637165105,1,POST,/,0.100000,0.000000,960,960,960,960,960,960,960,960,960,960,960,80,0,490,515.5875,143,1560,10252.325
1637165105,1,GET,/auth/find-friends/,0.400000,0.000000,300,300,300,300,300,300,300,300,300,300,300,810,0,190,222.69135802469137,24,3952,1974.0
1637165105,1,GET,/auth/login/,0.000000,0.000000,0,0,0,0,0,0,0,0,0,0,0,1,0,208,208.0,208,208,2961.0
1637165105,1,POST,/auth/login/,0.200000,0.000000,1000,1000,1000,1000,1000,1000,1000,1000,1000,1000,1000,69,0,750,735.5652173913044,103,2490,10290.768115942028
1637165105,1,GET,/auth/logout/,0.200000,0.000000,640,640,640,640,640,640,640,640,640,640,640,68,0,190,231.52941176470588,10,2509,1712.0
1637165105,1,POST,/auth/modify-friend/,0.200000,0.000000,350,350,350,350,350,350,350,350,350,350,350,405,0,190,225.62716049382715,30,4340,1713.0
1637165105,1,GET,/public/,0.100000,0.000000,780,780,780,780,780,780,780,780,780,780,780,406,0,240,279.52463054187194,64,982,10210.91133004926
1637165105,1,,Aggregated,1.500000,0.000000,770,790,800,800,960,1000,1000,1000,1000,1000,1000,2333,0,220,280.6656665237891,10,6255,5664.320617231033
1637165106,1,GET,/,0.500000,0.000000,680,760,760,770,770,770,770,770,770,770,770,494,0,250,327.11336032388664,61,6255,10378.338056680162
1637165106,1,POST,/,0.100000,0.000000,960,960,960,960,960,960,960,960,960,960,960,80,0,490,515.5875,143,1560,10252.325
1637165106,1,GET,/auth/find-friends/,0.200000,0.000000,300,300,700,700,700,700,700,700,700,700,700,812,0,190,223.3485221674877,24,3952,1974.0
1637165106,1,GET,/auth/login/,0.000000,0.000000,0,0,0,0,0,0,0,0,0,0,0,1,0,208,208.0,208,208,2961.0
1637165106,1,POST,/auth/login/,0.200000,0.000000,1000,1000,1000,1000,1000,1000,1000,1000,1000,1000,1000,69,0,750,735.5652173913044,103,2490,10290.768115942028
1637165106,1,GET,/auth/logout/,0.200000,0.000000,640,640,640,640,640,640,640,640,640,640,640,68,0,190,231.52941176470588,10,2509,1712.0
1637165106,1,POST,/auth/modify-friend/,0.100000,0.000000,350,350,350,350,350,350,350,350,350,350,350,405,0,190,225.62716049382715,30,4340,1713.0
1637165106,1,GET,/public/,0.100000,0.000000,780,780,780,780,780,780,780,780,780,780,780,406,0,240,279.52463054187194,64,982,10210.91133004926
1637165106,1,,Aggregated,1.400000,0.000000,760,770,800,800,960,1000,1000,1000,1000,1000,1000,2335,0,220,280.84453961456103,10,6255,5661.1597430406855
1637165107,1,GET,/,0.500000,0.000000,680,680,760,760,770,770,770,770,770,770,770,495,0,250,327.64040404040406,61,6255,10378.357575757576
1637165107,1,POST,/,0.200000,0.000000,960,960,960,960,960,960,960,960,960,960,960,80,0,490,515.5875,143,1560,10252.325
1637165107,1,GET,/auth/find-friends/,0.000000,0.000000,300,300,700,700,700,700,700,700,700,700,700,812,0,190,223.3485221674877,24,3952,1974.0
1637165107,1,GET,/auth/login/,0.000000,0.000000,0,0,0,0,0,0,0,0,0,0,0,1,0,208,208.0,208,208,2961.0
1637165107,1,POST,/auth/login/,0.200000,0.000000,1000,1000,1000,1000,1000,1000,1000,1000,1000,1000,1000,69,0,750,735.5652173913044,103,2490,10290.768115942028
1637165107,1,GET,/auth/logout/,0.200000,0.000000,640,640,640,640,640,640,640,640,640,640,640,68,0,190,231.52941176470588,10,2509,1712.0
1637165107,1,POST,/auth/modify-friend/,0.000000,0.000000,450,450,450,450,450,450,450,450,450,450,450,406,0,190,226.18965517241378,30,4340,1713.0
1637165107,1,GET,/public/,0.000000,0.000000,780,780,780,780,780,780,780,780,780,780,780,406,0,240,279.52463054187194,64,982,10210.91133004926
1637165107,1,,Aggregated,1.100000,0.000000,680,770,780,800,960,1000,1000,1000,1000,1000,1000,2337,0,220,281.0500641848524,10,6255,5661.492939666239
1637165108,1,GET,/,0.500000,0.000000,680,680,760,760,770,770,770,770,770,770,770,495,0,250,327.64040404040406,61,6255,10378.357575757576
1637165108,1,POST,/,0.200000,0.000000,800,800,960,960,960,960,960,960,960,960,960,81,0,500,517.2962962962963,143,1560,10254.506172839507
1637165108,1,GET,/auth/find-friends/,0.100000,0.000000,300,300,700,700,700,700,700,700,700,700,700,812,0,190,223.3485221674877,24,3952,1974.0
1637165108,1,GET,/auth/login/,0.000000,0.000000,0,0,0,0,0,0,0,0,0,0,0,1,0,208,208.0,208,208,2961.0
1637165108,1,POST,/auth/login/,0.200000,0.000000,1000,1000,1000,1000,1000,1000,1000,1000,1000,1000,1000,69,0,750,735.5652173913044,103,2490,10290.768115942028
1637165108,1,GET,/auth/logout/,0.100000,0.000000,640,640,640,640,640,640,640,640,640,640,640,68,0,190,231.52941176470588,10,2509,1712.0
1637165108,1,POST,/auth/modify-friend/,0.000000,0.000000,450,450,450,450,450,450,450,450,450,450,450,406,0,190,226.18965517241378,30,4340,1713.0
1637165108,1,GET,/public/,0.100000,0.000000,480,480,780,780,780,780,780,780,780,780,780,407,0,240,280.02702702702703,64,982,10210.702702702703
1637165108,1,,Aggregated,1.200000,0.000000,650,700,780,800,960,1000,1000,1000,1000,1000,1000,2339,0,220,281.29628046173576,10,6255,5665.4399315946985
1637165109,1,GET,/,0.500000,0.000000,590,680,680,770,770,770,770,770,770,770,770,495,0,250,327.64040404040406,61,6255,10378.357575757576
1637165109,1,POST,/,0.200000,0.000000,800,800,960,960,960,960,960,960,960,960,960,81,0,500,517.2962962962963,143,1560,10254.506172839507
1637165109,1,GET,/auth/find-friends/,0.200000,0.000000,700,700,880,880,880,880,880,880,880,880,880,813,0,190,224.1611316113161,24,3952,1974.0
1637165109,1,GET,/auth/login/,0.000000,0.000000,0,0,0,0,0,0,0,0,0,0,0,1,0,208,208.0,208,208,2961.0
1637165109,1,POST,/auth/login/,0.100000,0.000000,1000,1000,1000,1000,1000,1000,1000,1000,1000,1000,1000,69,0,750,735.5652173913044,103,2490,10290.768115942028
1637165109,1,GET,/auth/logout/,0.100000,0.000000,640,640,640,640,640,640,640,640,640,640,640,68,0,190,231.52941176470588,10,2509,1712.0
1637165109,1,POST,/auth/modify-friend/,0.100000,0.000000,450,450,450,450,450,450,450,450,450,450,450,406,0,190,226.18965517241378,30,4340,1713.0
1637165109,1,GET,/public/,0.100000,0.000000,780,780,780,780,780,780,780,780,780,780,780,407,0,240,280.02702702702703,64,982,10210.702702702703
1637165109,1,,Aggregated,1.300000,0.000000,680,770,800,880,960,1000,1000,1000,1000,1000,1000,2340,0,220,281.55384615384617,10,6255,5663.862393162393
1637165110,1,GET,/,0.500000,0.000000,590,680,680,770,770,770,770,770,770,770,770,495,0,250,327.64040404040406,61,6255,10378.357575757576
1637165110,1,POST,/,0.300000,0.000000,800,800,960,960,960,960,960,960,960,960,960,81,0,500,517.2962962962963,143,1560,10254.506172839507
1637165110,1,GET,/auth/find-friends/,0.200000,0.000000,700,700,880,880,880,880,880,880,880,880,880,814,0,190,224.57002457002457,24,3952,1974.0
1637165110,1,GET,/auth/login/,0.000000,0.000000,0,0,0,0,0,0,0,0,0,0,0,1,0,208,208.0,208,208,2961.0
1637165110,1,POST,/auth/login/,0.100000,0.000000,1000,1000,1000,1000,1000,1000,1000,1000,1000,1000,1000,69,0,750,735.5652173913044,103,2490,10290.768115942028
1637165110,1,GET,/auth/logout/,0.100000,0.000000,640,640,640,640,640,640,640,640,640,640,640,68,0,190,231.52941176470588,10,2509,1712.0
1637165110,1,POST,/auth/modify-friend/,0.100000,0.000000,480,480,480,480,480,480,480,480,480,480,480,407,0,190,226.8034398034398,30,4340,1713.0
1637165110,1,GET,/public/,0.100000,0.000000,780,780,780,780,780,780,780,780,780,780,780,407,0,240,280.02702702702703,64,982,10210.702702702703
1637165110,1,,Aggregated,1.400000,0.000000,650,700,780,780,880,960,960,960,960,960,960,2342,0,220,281.7544833475662,10,6255,5660.5999146029035
1637165111,1,GET,/,0.500000,0.000000,590,680,680,900,900,900,900,900,900,900,900,496,0,250,328.80040322580646,61,6255,10378.114919354839
1637165111,1,POST,/,0.300000,0.000000,800,800,960,960,960,960,960,960,960,960,960,81,0,500,517.2962962962963,143,1560,10254.506172839507
1637165111,1,GET,/auth/find-friends/,0.200000,0.000000,700,700,880,880,880,880,880,880,880,880,880,814,0,190,224.57002457002457,24,3952,1974.0
1637165111,1,GET,/auth/login/,0.000000,0.000000,0,0,0,0,0,0,0,0,0,0,0,1,0,208,208.0,208,208,2961.0
1637165111,1,POST,/auth/login/,0.100000,0.000000,1000,1000,1000,1000,1000,1000,1000,1000,1000,1000,1000,69,0,750,735.5652173913044,103,2490,10290.768115942028
1637165111,1,GET,/auth/logout/,0.000000,0.000000,640,640,640,640,640,640,640,640,640,640,640,68,0,190,231.52941176470588,10,2509,1712.0
1637165111,1,POST,/auth/modify-friend/,0.100000,0.000000,480,480,480,480,480,480,480,480,480,480,480,407,0,190,226.8034398034398,30,4340,1713.0
1637165111,1,GET,/public/,0.200000,0.000000,780,780,780,780,780,780,780,780,780,780,780,407,0,240,280.02702702702703,64,982,10210.702702702703
1637165111,1,,Aggregated,1.400000,0.000000,650,700,800,800,900,960,960,960,960,960,960,2343,0,220,282.0196329492104,10,6255,5662.562099871959
1637165112,1,GET,/,0.500000,0.000000,560,590,590,900,900,900,900,900,900,900,900,497,0,250,329.2575452716298,61,6255,10377.95171026157
1637165112,1,POST,/,0.300000,0.000000,940,940,960,960,960,960,960,960,960,960,960,82,0,500,522.4756097560976,143,1560,10256.060975609756
1637165112,1,GET,/auth/find-friends/,0.400000,0.000000,700,700,880,880,880,880,880,880,880,880,880,814,0,190,224.57002457002457,24,3952,1974.0
1637165112,1,GET,/auth/login/,0.000000,0.000000,0,0,0,0,0,0,0,0,0,0,0,1,0,208,208.0,208,208,2961.0
1637165112,1,POST,/auth/login/,0.100000,0.000000,1000,1000,1000,1000,1000,1000,1000,1000,1000,1000,1000,69,0,750,735.5652173913044,103,2490,10290.768115942028
1637165112,1,GET,/auth/logout/,0.000000,0.000000,640,640,640,640,640,640,640,640,640,640,640,68,0,190,231.52941176470588,10,2509,1712.0
1637165112,1,POST,/auth/modify-friend/,0.100000,0.000000,480,480,480,480,480,480,480,480,480,480,480,407,0,190,226.8034398034398,30,4340,1713.0
1637165112,1,GET,/public/,0.200000,0.000000,780,780,780,780,780,780,780,780,780,780,780,407,0,240,280.02702702702703,64,982,10210.702702702703
1637165112,1,,Aggregated,1.600000,0.000000,590,700,800,800,900,940,940,940,940,940,940,2345,0,220,282.4179104477612,10,6255,5666.550959488273
1637165113,1,GET,/,0.500000,0.000000,560,590,590,900,900,900,900,900,900,900,900,497,0,250,329.2575452716298,61,6255,10377.95171026157
1637165113,1,POST,/,0.300000,0.000000,800,800,940,940,940,940,940,940,940,940,940,82,0,500,522.4756097560976,143,1560,10256.060975609756
1637165113,1,GET,/auth/find-friends/,0.400000,0.000000,700,700,880,880,880,880,880,880,880,880,880,814,0,190,224.57002457002457,24,3952,1974.0
1637165113,1,GET,/auth/login/,0.000000,0.000000,0,0,0,0,0,0,0,0,0,0,0,1,0,208,208.0,208,208,2961.0
1637165113,1,POST,/auth/login/,0.100000,0.000000,1000,1000,1000,1000,1000,1000,1000,1000,1000,1000,1000,69,0,750,735.5652173913044,103,2490,10290.768115942028
1637165113,1,GET,/auth/logout/,0.000000,0.000000,640,640,640,640,640,640,640,640,640,640,640,69,0,190,233.07246376811594,10,2509,1712.0
1637165113,1,POST,/auth/modify-friend/,0.100000,0.000000,480,480,480,480,480,480,480,480,480,480,480,407,0,190,226.8034398034398,30,4340,1713.0
1637165113,1,GET,/public/,0.200000,0.000000,780,780,780,780,780,780,780,780,780,780,780,407,0,240,280.02702702702703,64,982,10210.702702702703
1637165113,1,,Aggregated,1.600000,0.000000,590,700,800,880,900,940,940,940,940,940,940,2346,0,220,282.44160272804777,10,6255,5664.865302642796
1637165114,1,GET,/,0.600000,0.000000,560,590,590,900,900,900,900,900,900,900,900,497,0,250,329.2575452716298,61,6255,10377.95171026157
1637165114,1,POST,/,0.300000,0.000000,800,800,940,940,940,940,940,940,940,940,940,82,0,500,522.4756097560976,143,1560,10256.060975609756
1637165114,1,GET,/auth/find-friends/,0.400000,0.000000,700,700,880,880,880,880,880,880,880,880,880,814,0,190,224.57002457002457,24,3952,1974.0
1637165114,1,GET,/auth/login/,0.000000,0.000000,0,0,0,0,0,0,0,0,0,0,0,1,0,208,208.0,208,208,2961.0
1637165114,1,POST,/auth/login/,0.000000,0.000000,1000,1000,1000,1000,1000,1000,1000,1000,1000,1000,1000,70,0,750,736.0142857142857,103,2490,10293.42857142857
1637165114,1,GET,/auth/logout/,0.000000,0.000000,640,640,640,640,640,640,640,640,640,640,640,69,0,190,233.07246376811594,10,2509,1712.0
1637165114,1,POST,/auth/modify-friend/,0.200000,0.000000,480,480,480,480,480,480,480,480,480,480,480,407,0,190,226.8034398034398,30,4340,1713.0
1637165114,1,GET,/public/,0.200000,0.000000,780,780,780,780,780,780,780,780,780,780,780,407,0,240,280.02702702702703,64,982,10210.702702702703
1637165114,1,,Aggregated,1.700000,0.000000,590,700,780,880,900,940,940,940,940,940,940,2347,0,220,282.6480613549212,10,6255,5666.915636983383
1637165115,1,GET,/,0.500000,0.000000,590,590,900,900,900,900,900,900,900,900,900,498,0,250,329.2590361445783,61,6255,10377.845381526104
1637165115,1,POST,/,0.300000,0.000000,940,940,940,940,940,940,940,940,940,940,940,82,0,500,522.4756097560976,143,1560,10256.060975609756
1637165115,1,GET,/auth/find-friends/,0.400000,0.000000,560,560,880,880,880,880,880,880,880,880,880,815,0,190,224.50184049079755,24,3952,1974.0
1637165115,1,GET,/auth/login/,0.000000,0.000000,0,0,0,0,0,0,0,0,0,0,0,1,0,208,208.0,208,208,2961.0
1637165115,1,POST,/auth/login/,0.000000,0.000000,1000,1000,1000,1000,1000,1000,1000,1000,1000,1000,1000,70,0,750,736.0142857142857,103,2490,10293.42857142857
1637165115,1,GET,/auth/logout/,0.100000,0.000000,340,340,340,340,340,340,340,340,340,340,340,69,0,190,233.07246376811594,10,2509,1712.0
1637165115,1,POST,/auth/modify-friend/,0.200000,0.000000,480,480,480,480,480,480,480,480,480,480,480,407,0,190,226.8034398034398,30,4340,1713.0
1637165115,1,GET,/public/,0.200000,0.000000,480,480,780,780,780,780,780,780,780,780,780,408,0,240,279.9877450980392,64,982,10210.345588235294
1637165115,1,,Aggregated,1.700000,0.000000,560,590,770,770,900,940,940,940,940,940,940,2350,0,220,282.61191489361704,10,6255,5669.197872340425
1637165116,1,GET,/,0.300000,0.000000,560,590,590,900,900,900,900,900,900,900,900,499,0,250,329.0440881763527,61,6255,10377.466933867736
1637165116,1,POST,/,0.300000,0.000000,940,940,940,940,940,940,940,940,940,940,940,82,0,500,522.4756097560976,143,1560,10256.060975609756
1637165116,1,GET,/auth/find-friends/,0.400000,0.000000,280,560,560,880,880,880,880,880,880,880,880,816,0,190,224.5575980392157,24,3952,1974.0
1637165116,1,GET,/auth/login/,0.000000,0.000000,0,0,0,0,0,0,0,0,0,0,0,1,0,208,208.0,208,208,2961.0
1637165116,1,POST,/auth/login/,0.000000,0.000000,1000,1000,1000,1000,1000,1000,1000,1000,1000,1000,1000,70,0,750,736.0142857142857,103,2490,10293.42857142857
1637165116,1,GET,/auth/logout/,0.100000,0.000000,340,340,340,340,340,340,340,340,340,340,340,69,0,190,233.07246376811594,10,2509,1712.0
1637165116,1,POST,/auth/modify-friend/,0.200000,0.000000,450,450,480,480,480,480,480,480,480,480,480,408,0,190,227.15196078431373,30,4340,1713.0
1637165116,1,GET,/public/,0.200000,0.000000,260,260,480,480,480,480,480,480,480,480,480,409,0,240,279.82640586797066,64,982,10209.61369193154
1637165116,1,,Aggregated,1.500000,0.000000,480,560,650,770,900,940,940,940,940,940,940,2354,0,220,282.58836023789297,10,6255,5669.669498725573
1637165117,1,GET,/,0.300000,0.000000,560,560,590,590,900,900,900,900,900,900,900,500,0,250,328.918,61,6255,10377.358
1637165117,1,POST,/,0.200000,0.000000,940,940,940,940,940,940,940,940,940,940,940,82,0,500,522.4756097560976,143,1560,10256.060975609756
1637165117,1,GET,/auth/find-friends/,0.400000,0.000000,420,420,560,560,880,880,880,880,880,880,880,818,0,200,224.76283618581908,24,3952,1974.0
1637165117,1,GET,/auth/login/,0.000000,0.000000,0,0,0,0,0,0,0,0,0,0,0,1,0,208,208.0,208,208,2961.0
1637165117,1,POST,/auth/login/,0.100000,0.000000,770,770,770,770,770,770,770,770,770,770,770,70,0,750,736.0142857142857,103,2490,10293.42857142857
1637165117,1,GET,/auth/logout/,0.100000,0.000000,340,340,340,340,340,340,340,340,340,340,340,69,0,190,233.07246376811594,10,2509,1712.0
1637165117,1,POST,/auth/modify-friend/,0.200000,0.000000,450,450,480,480,480,480,480,480,480,480,480,409,0,190,226.9682151589242,30,4340,1713.0
1637165117,1,GET,/public/,0.200000,0.000000,260,260,480,480,480,480,480,480,480,480,480,409,0,240,279.82640586797066,64,982,10209.61369193154
1637165117,1,,Aggregated,1.500000,0.000000,370,480,560,770,900,940,940,940,940,940,940,2358,0,220,282.5479219677693,10,6255,5666.830364715861
1637165118,1,GET,/,0.400000,0.000000,330,560,590,590,900,900,900,900,900,900,900,502,0,250,328.66533864541833,61,6255,10377.366533864542
1637165118,1,POST,/,0.200000,0.000000,940,940,940,940,940,940,940,940,940,940,940,82,0,500,522.4756097560976,143,1560,10256.060975609756
1637165118,1,GET,/auth/find-friends/,0.500000,0.000000,420,420,560,560,880,880,880,880,880,880,880,818,0,200,224.76283618581908,24,3952,1974.0
1637165118,1,GET,/auth/login/,0.000000,0.000000,0,0,0,0,0,0,0,0,0,0,0,1,0,208,208.0,208,208,2961.0
1637165118,1,POST,/auth/login/,0.100000,0.000000,770,770,770,770,770,770,770,770,770,770,770,70,0,750,736.0142857142857,103,2490,10293.42857142857
1637165118,1,GET,/auth/logout/,0.100000,0.000000,340,340,340,340,340,340,340,340,340,340,340,69,0,190,233.07246376811594,10,2509,1712.0
1637165118,1,POST,/auth/modify-friend/,0.200000,0.000000,370,370,480,480,480,480,480,480,480,480,480,409,0,190,226.9682151589242,30,4340,1713.0
1637165118,1,GET,/public/,0.200000,0.000000,260,260,480,480,480,480,480,480,480,480,480,409,0,240,279.82640586797066,64,982,10209.61369193154
1637165118,1,,Aggregated,1.700000,0.000000,330,420,560,560,880,900,940,940,940,940,940,2360,0,220,282.5334745762712,10,6255,5670.824152542373
1637165119,1,GET,/,0.500000,0.000000,280,310,330,560,900,900,900,900,900,900,900,504,0,250,328.4920634920635,61,6255,10378.079365079366
1637165119,1,POST,/,0.200000,0.000000,940,940,940,940,940,940,940,940,940,940,940,83,0,520,526.156626506024,143,1560,10258.819277108434
1637165119,1,GET,/auth/find-friends/,0.500000,0.000000,420,420,560,560,880,880,880,880,880,880,880,818,0,200,224.76283618581908,24,3952,1974.0
1637165119,1,GET,/auth/login/,0.000000,0.000000,0,0,0,0,0,0,0,0,0,0,0,1,0,208,208.0,208,208,2961.0
1637165119,1,POST,/auth/login/,0.100000,0.000000,770,770,770,770,770,770,770,770,770,770,770,70,0,750,736.0142857142857,103,2490,10293.42857142857
1637165119,1,GET,/auth/logout/,0.100000,0.000000,340,340,340,340,340,340,340,340,340,340,340,69,0,190,233.07246376811594,10,2509,1712.0
1637165119,1,POST,/auth/modify-friend/,0.200000,0.000000,370,370,480,480,480,480,480,480,480,480,480,409,0,190,226.9682151589242,30,4340,1713.0
1637165119,1,GET,/public/,0.300000,0.000000,260,260,480,480,480,480,480,480,480,480,480,409,0,240,279.82640586797066,64,982,10209.61369193154
1637165119,1,,Aggregated,1.900000,0.000000,310,370,480,560,830,900,940,940,940,940,940,2363,0,220,282.76639864578925,10,6255,5676.997037663987
1637165120,1,GET,/,0.600000,0.000000,310,330,340,560,900,900,900,900,900,900,900,505,0,250,328.5207920792079,61,6255,10378.530693069308
1637165120,1,POST,/,0.100000,0.000000,940,940,940,940,940,940,940,940,940,940,940,83,0,520,526.156626506024,143,1560,10258.819277108434
1637165120,1,GET,/auth/find-friends/,0.600000,0.000000,270,420,560,560,880,880,880,880,880,880,880,820,0,200,224.70243902439023,24,3952,1974.0
1637165120,1,GET,/auth/login/,0.000000,0.000000,0,0,0,0,0,0,0,0,0,0,0,1,0,208,208.0,208,208,2961.0
1637165120,1,POST,/auth/login/,0.100000,0.000000,770,770,770,770,770,770,770,770,770,770,770,70,0,750,736.0142857142857,103,2490,10293.42857142857
1637165120,1,GET,/auth/logout/,0.100000,0.000000,340,340,340,340,340,340,340,340,340,340,340,69,0,190,233.07246376811594,10,2509,1712.0
1637165120,1,POST,/auth/modify-friend/,0.300000,0.000000,370,370,480,480,480,480,480,480,480,480,480,410,0,190,226.93170731707318,30,4340,1713.0
1637165120,1,GET,/public/,0.300000,0.000000,260,260,480,480,480,480,480,480,480,480,480,410,0,240,279.6951219512195,64,982,10209.729268292684
1637165120,1,,Aggregated,2.100000,0.000000,270,340,370,420,830,900,940,940,940,940,940,2368,0,220,282.6680743243243,10,6255,5676.211148648648
1637165121,1,GET,/,0.700000,0.000000,280,330,340,340,560,900,900,900,900,900,900,506,0,250,328.27470355731225,61,6255,10378.895256916996
1637165121,1,POST,/,0.200000,0.000000,940,940,940,940,940,940,940,940,940,940,940,83,0,520,526.156626506024,143,1560,10258.819277108434
1637165121,1,GET,/auth/find-friends/,0.600000,0.000000,240,270,420,560,880,880,880,880,880,880,880,822,0,200,224.62773722627736,24,3952,1974.0
1637165121,1,GET,/auth/login/,0.000000,0.000000,0,0,0,0,0,0,0,0,0,0,0,1,0,208,208.0,208,208,2961.0
1637165121,1,POST,/auth/login/,0.100000,0.000000,770,770,770,770,770,770,770,770,770,770,770,70,0,750,736.0142857142857,103,2490,10293.42857142857
1637165121,1,GET,/auth/logout/,0.100000,0.000000,340,340,340,340,340,340,340,340,340,340,340,69,0,190,233.07246376811594,10,2509,1712.0
1637165121,1,POST,/auth/modify-friend/,0.300000,0.000000,370,370,480,480,480,480,480,480,480,480,480,410,0,190,226.93170731707318,30,4340,1713.0
1637165121,1,GET,/public/,0.200000,0.000000,260,260,410,410,410,410,410,410,410,410,410,411,0,240,280.014598540146,64,982,10209.756690997567
1637165121,1,,Aggregated,2.200000,0.000000,260,310,340,370,770,830,940,940,940,940,940,2372,0,220,282.61424957841484,10,6255,5677.065767284991
1637165122,1,GET,/,1.000000,0.000000,280,330,340,340,560,900,900,900,900,900,900,506,0,250,328.27470355731225,61,6255,10378.895256916996
1637165122,1,POST,/,0.200000,0.000000,940,940,940,940,940,940,940,940,940,940,940,83,0,520,526.156626506024,143,1560,10258.819277108434
1637165122,1,GET,/auth/find-friends/,0.400000,0.000000,220,240,270,380,420,420,420,420,420,420,420,824,0,200,224.70995145631068,24,3952,1974.0
1637165122,1,GET,/auth/login/,0.000000,0.000000,0,0,0,0,0,0,0,0,0,0,0,1,0,208,208.0,208,208,2961.0
1637165122,1,POST,/auth/login/,0.100000,0.000000,770,770,770,770,770,770,770,770,770,770,770,70,0,750,736.0142857142857,103,2490,10293.42857142857
1637165122,1,GET,/auth/logout/,0.100000,0.000000,340,340,340,340,340,340,340,340,340,340,340,69,0,190,233.07246376811594,10,2509,1712.0
1637165122,1,POST,/auth/modify-friend/,0.300000,0.000000,210,370,370,480,480,480,480,480,480,480,480,411,0,190,226.8588807785888,30,4340,1713.0
1637165122,1,GET,/public/,0.200000,0.000000,230,260,260,410,410,410,410,410,410,410,410,412,0,240,279.8907766990291,64,982,10209.54854368932
1637165122,1,,Aggregated,2.300000,0.000000,260,310,340,370,420,830,940,940,940,940,940,2376,0,220,282.5353535353535,10,6255,5674.151936026936
1637165124,1,GET,/,1.100000,0.000000,270,280,310,330,340,340,340,340,340,340,340,507,0,250,328.0157790927022,61,6255,10378.745562130178
1637165124,1,POST,/,0.200000,0.000000,940,940,940,940,940,940,940,940,940,940,940,83,0,520,526.156626506024,143,1560,10258.819277108434
1637165124,1,GET,/auth/find-friends/,0.600000,0.000000,220,270,380,380,420,420,420,420,420,420,420,825,0,200,224.94545454545454,24,3952,1974.0
1637165124,1,GET,/auth/login/,0.000000,0.000000,0,0,0,0,0,0,0,0,0,0,0,1,0,208,208.0,208,208,2961.0
1637165124,1,POST,/auth/login/,0.100000,0.000000,770,770,770,770,770,770,770,770,770,770,770,70,0,750,736.0142857142857,103,2490,10293.42857142857
1637165124,1,GET,/auth/logout/,0.100000,0.000000,340,340,340,340,340,340,340,340,340,340,340,69,0,190,233.07246376811594,10,2509,1712.0
1637165124,1,POST,/auth/modify-friend/,0.300000,0.000000,210,280,280,370,370,370,370,370,370,370,370,412,0,190,226.99514563106797,30,4340,1713.0
1637165124,1,GET,/public/,0.300000,0.000000,240,240,260,260,410,410,410,410,410,410,410,413,0,240,279.7990314769976,64,982,10209.523002421307
1637165124,1,,Aggregated,2.700000,0.000000,240,270,310,340,410,420,830,830,830,830,830,2380,0,220,282.53991596638656,10,6255,5674.778991596639
1637165125,1,GET,/,0.900000,0.000000,260,270,280,310,340,340,340,340,340,340,340,507,0,250,328.0157790927022,61,6255,10378.745562130178
1637165125,1,POST,/,0.200000,0.000000,830,830,830,830,830,830,830,830,830,830,830,83,0,520,526.156626506024,143,1560,10258.819277108434
1637165125,1,GET,/auth/find-friends/,0.800000,0.000000,240,380,420,420,1100,1100,1100,1100,1100,1100,1100,826,0,200,226.0278450363196,24,3952,1974.0
1637165125,1,GET,/auth/login/,0.000000,0.000000,0,0,0,0,0,0,0,0,0,0,0,1,0,208,208.0,208,208,2961.0
1637165125,1,POST,/auth/login/,0.100000,0.000000,770,770,770,770,770,770,770,770,770,770,770,70,0,750,736.0142857142857,103,2490,10293.42857142857
1637165125,1,GET,/auth/logout/,0.100000,0.000000,340,340,340,340,340,340,340,340,340,340,340,69,0,190,233.07246376811594,10,2509,1712.0
1637165125,1,POST,/auth/modify-friend/,0.400000,0.000000,210,280,280,370,370,370,370,370,370,370,370,412,0,190,226.99514563106797,30,4340,1713.0
1637165125,1,GET,/public/,0.400000,0.000000,230,240,240,410,410,410,410,410,410,410,410,413,0,240,279.7990314769976,64,982,10209.523002421307
1637165125,1,,Aggregated,2.900000,0.000000,240,280,340,380,420,830,1100,1100,1100,1100,1100,2381,0,220,282.8912221755565,10,6255,5673.22469550609
1637165126,1,GET,/,0.900000,0.000000,270,280,310,310,340,340,340,340,340,340,340,507,0,250,328.0157790927022,61,6255,10378.745562130178
1637165126,1,POST,/,0.100000,0.000000,830,830,830,830,830,830,830,830,830,830,830,83,0,520,526.156626506024,143,1560,10258.819277108434
1637165126,1,GET,/auth/find-friends/,1.000000,0.000000,200,240,380,380,420,1100,1100,1100,1100,1100,1100,828,0,200,225.82246376811594,24,3952,1974.0
1637165126,1,GET,/auth/login/,0.000000,0.000000,0,0,0,0,0,0,0,0,0,0,0,1,0,208,208.0,208,208,2961.0
1637165126,1,POST,/auth/login/,0.100000,0.000000,770,770,770,770,770,770,770,770,770,770,770,70,0,750,736.0142857142857,103,2490,10293.42857142857
1637165126,1,GET,/auth/logout/,0.000000,0.000000,340,340,340,340,340,340,340,340,340,340,340,69,0,190,233.07246376811594,10,2509,1712.0
1637165126,1,POST,/auth/modify-friend/,0.400000,0.000000,200,200,210,210,280,280,280,280,280,280,280,414,0,190,226.42270531400968,30,4340,1713.0
1637165126,1,GET,/public/,0.500000,0.000000,230,230,240,240,410,410,410,410,410,410,410,415,0,240,279.32048192771083,64,982,10209.513253012048
1637165126,1,,Aggregated,3.000000,0.000000,230,260,280,310,410,830,1100,1100,1100,1100,1100,2387,0,220,282.54042731462084,10,6255,5670.606200251362
1637165127,1,GET,/,1.000000,0.000000,260,280,310,310,340,340,340,340,340,340,340,508,0,250,327.6771653543307,61,6255,10378.566929133858
1637165127,1,POST,/,0.100000,0.000000,830,830,830,830,830,830,830,830,830,830,830,83,0,520,526.156626506024,143,1560,10258.819277108434
1637165127,1,GET,/auth/find-friends/,1.200000,0.000000,190,220,340,380,420,1100,1100,1100,1100,1100,1100,832,0,190,225.62139423076923,24,3952,1974.0
1637165127,1,GET,/auth/login/,0.000000,0.000000,0,0,0,0,0,0,0,0,0,0,0,1,0,208,208.0,208,208,2961.0
1637165127,1,POST,/auth/login/,0.000000,0.000000,770,770,770,770,770,770,770,770,770,770,770,70,0,750,736.0142857142857,103,2490,10293.42857142857
1637165127,1,GET,/auth/logout/,0.000000,0.000000,340,340,340,340,340,340,340,340,340,340,340,69,0,190,233.07246376811594,10,2509,1712.0
1637165127,1,POST,/auth/modify-friend/,0.500000,0.000000,160,200,210,210,280,280,280,280,280,280,280,415,0,190,226.05060240963854,30,4340,1713.0
1637165127,1,GET,/public/,0.600000,0.000000,230,230,240,240,410,410,410,410,410,410,410,416,0,240,278.97836538461536,64,982,10208.911057692309
1637165127,1,,Aggregated,3.400000,0.000000,200,240,280,340,410,830,1100,1100,1100,1100,1100,2394,0,220,282.17418546365917,10,6255,5666.496658312448
1637165128,1,GET,/,1.000000,0.000000,220,260,310,310,340,340,340,340,340,340,340,510,0,250,327.0470588235294,61,6255,10377.796078431373
1637165128,1,POST,/,0.100000,0.000000,830,830,830,830,830,830,830,830,830,830,830,83,0,520,526.156626506024,143,1560,10258.819277108434
1637165128,1,GET,/auth/find-friends/,1.200000,0.000000,190,240,340,380,420,1100,1100,1100,1100,1100,1100,832,0,190,225.62139423076923,24,3952,1974.0
1637165128,1,GET,/auth/login/,0.000000,0.000000,0,0,0,0,0,0,0,0,0,0,0,1,0,208,208.0,208,208,2961.0
1637165128,1,POST,/auth/login/,0.000000,0.000000,770,770,770,770,770,770,770,770,770,770,770,70,0,750,736.0142857142857,103,2490,10293.42857142857
1637165128,1,GET,/auth/logout/,0.000000,0.000000,340,340,340,340,340,340,340,340,340,340,340,69,0,190,233.07246376811594,10,2509,1712.0
1637165128,1,POST,/auth/modify-friend/,0.500000,0.000000,160,200,210,210,280,280,280,280,280,280,280,416,0,190,225.7283653846154,30,4340,1713.0
1637165128,1,GET,/public/,0.600000,0.000000,230,230,240,240,410,410,410,410,410,410,410,417,0,240,278.58992805755395,64,982,10208.047961630695
1637165128,1,,Aggregated,3.400000,0.000000,200,230,240,280,380,420,1100,1100,1100,1100,1100,2398,0,220,281.929941618015,10,6255,5670.358215179316
1637165129,1,GET,/,0.900000,0.000000,200,200,200,220,220,220,220,220,220,220,220,510,0,250,327.0470588235294,61,6255,10377.796078431373
1637165129,1,POST,/,0.100000,0.000000,830,830,830,830,830,830,830,830,830,830,830,83,0,520,526.156626506024,143,1560,10258.819277108434
1637165129,1,GET,/auth/find-friends/,1.400000,0.000000,220,270,380,380,1000,1100,1100,1100,1100,1100,1100,834,0,200,226.63309352517985,24,3952,1974.0
1637165129,1,GET,/auth/login/,0.000000,0.000000,0,0,0,0,0,0,0,0,0,0,0,1,0,208,208.0,208,208,2961.0
1637165129,1,POST,/auth/login/,0.000000,0.000000,770,770,770,770,770,770,770,770,770,770,770,70,0,750,736.0142857142857,103,2490,10293.42857142857
1637165129,1,GET,/auth/logout/,0.000000,0.000000,340,340,340,340,340,340,340,340,340,340,340,69,0,190,233.07246376811594,10,2509,1712.0
1637165129,1,POST,/auth/modify-friend/,0.700000,0.000000,160,200,210,210,280,280,280,280,280,280,280,417,0,190,225.55635491606714,30,4340,1713.0
1637165129,1,GET,/public/,0.700000,0.000000,230,230,240,240,410,410,410,410,410,410,410,417,0,240,278.58992805755395,64,982,10208.047961630695
1637165129,1,,Aggregated,3.800000,0.000000,200,220,240,270,410,1000,1100,1100,1100,1100,1100,2401,0,220,282.18117451062056,10,6255,5665.6309870887135
1637165130,1,GET,/,0.900000,0.000000,170,200,200,200,220,220,220,220,220,220,220,513,0,250,326.0409356725146,61,6255,10379.475633528265
1637165130,1,POST,/,0.100000,0.000000,830,830,830,830,830,830,830,830,830,830,830,84,0,500,524.2738095238095,143,1560,10264.166666666666
1637165130,1,GET,/auth/find-friends/,1.400000,0.000000,240,340,380,420,1000,1100,1100,1100,1100,1100,1100,834,0,200,226.63309352517985,24,3952,1974.0
1637165130,1,GET,/auth/login/,0.000000,0.000000,0,0,0,0,0,0,0,0,0,0,0,1,0,208,208.0,208,208,2961.0
1637165130,1,POST,/auth/login/,0.000000,0.000000,770,770,770,770,770,770,770,770,770,770,770,70,0,750,736.0142857142857,103,2490,10293.42857142857
1637165130,1,GET,/auth/logout/,0.000000,0.000000,0,0,0,0,0,0,0,0,0,0,0,69,0,190,233.07246376811594,10,2509,1712.0
1637165130,1,POST,/auth/modify-friend/,0.700000,0.000000,150,160,200,200,280,280,280,280,280,280,280,417,0,190,225.55635491606714,30,4340,1713.0
1637165130,1,GET,/public/,0.700000,0.000000,200,230,240,240,410,410,410,410,410,410,410,417,0,240,278.58992805755395,64,982,10208.047961630695
1637165130,1,,Aggregated,3.800000,0.000000,170,220,270,280,410,1000,1100,1100,1100,1100,1100,2405,0,220,282.05821205821206,10,6255,5673.963825363825
1637165131,1,GET,/,0.900000,0.000000,170,200,220,220,280,280,280,280,280,280,280,514,0,250,325.95525291828795,61,6255,10380.114785992218
1637165131,1,POST,/,0.100000,0.000000,830,830,830,830,830,830,830,830,830,830,830,84,0,500,524.2738095238095,143,1560,10264.166666666666
1637165131,1,GET,/auth/find-friends/,1.400000,0.000000,270,340,420,420,1000,1100,1100,1100,1100,1100,1100,834,0,200,226.63309352517985,24,3952,1974.0
1637165131,1,GET,/auth/login/,0.000000,0.000000,0,0,0,0,0,0,0,0,0,0,0,1,0,208,208.0,208,208,2961.0
1637165131,1,POST,/auth/login/,0.000000,0.000000,770,770,770,770,770,770,770,770,770,770,770,70,0,750,736.0142857142857,103,2490,10293.42857142857
1637165131,1,GET,/auth/logout/,0.000000,0.000000,0,0,0,0,0,0,0,0,0,0,0,69,0,190,233.07246376811594,10,2509,1712.0
1637165131,1,POST,/auth/modify-friend/,0.700000,0.000000,150,160,200,200,280,280,280,280,280,280,280,417,0,190,225.55635491606714,30,4340,1713.0
1637165131,1,GET,/public/,0.800000,0.000000,200,200,230,230,240,240,240,240,240,240,240,417,0,240,278.58992805755395,64,982,10208.047961630695
1637165131,1,,Aggregated,3.900000,0.000000,170,220,270,280,380,1000,1100,1100,1100,1100,1100,2406,0,220,282.05818786367416,10,6255,5676.056109725686
1637165132,1,GET,/,0.800000,0.000000,170,200,220,240,280,280,280,280,280,280,280,515,0,250,325.79223300970875,61,6255,10380.716504854368
1637165132,1,POST,/,0.000000,0.000000,830,830,1100,1100,1100,1100,1100,1100,1100,1100,1100,85,0,520,531.2705882352941,143,1560,10268.95294117647
1637165132,1,GET,/auth/find-friends/,1.600000,0.000000,270,340,420,1000,1100,1100,1100,1100,1100,1100,1100,834,0,200,226.63309352517985,24,3952,1974.0
1637165132,1,GET,/auth/login/,0.000000,0.000000,0,0,0,0,0,0,0,0,0,0,0,1,0,208,208.0,208,208,2961.0
1637165132,1,POST,/auth/login/,0.000000,0.000000,0,0,0,0,0,0,0,0,0,0,0,70,0,750,736.0142857142857,103,2490,10293.42857142857
1637165132,1,GET,/auth/logout/,0.000000,0.000000,0,0,0,0,0,0,0,0,0,0,0,69,0,190,233.07246376811594,10,2509,1712.0
1637165132,1,POST,/auth/modify-friend/,0.700000,0.000000,150,150,160,160,280,280,280,280,280,280,280,417,0,190,225.55635491606714,30,4340,1713.0
1637165132,1,GET,/public/,0.800000,0.000000,200,200,240,240,460,460,460,460,460,460,460,418,0,240,279.02153110047846,64,982,10208.552631578947
1637165132,1,,Aggregated,3.900000,0.000000,170,240,280,340,460,1100,1100,1100,1100,1100,1100,2409,0,220,282.46243254462433,10,6255,5682.179742631797
1637165133,1,GET,/,0.800000,0.000000,170,200,220,240,280,280,280,280,280,280,280,515,0,250,325.79223300970875,61,6255,10380.716504854368
1637165133,1,POST,/,0.000000,0.000000,1100,1100,1100,1100,1100,1100,1100,1100,1100,1100,1100,85,0,520,531.2705882352941,143,1560,10268.95294117647
1637165133,1,GET,/auth/find-friends/,1.600000,0.000000,190,270,340,1000,1100,1100,1100,1100,1100,1100,1100,834,0,200,226.63309352517985,24,3952,1974.0
1637165133,1,GET,/auth/login/,0.000000,0.000000,0,0,0,0,0,0,0,0,0,0,0,1,0,208,208.0,208,208,2961.0
1637165133,1,POST,/auth/login/,0.000000,0.000000,0,0,0,0,0,0,0,0,0,0,0,70,0,750,736.0142857142857,103,2490,10293.42857142857
1637165133,1,GET,/auth/logout/,0.000000,0.000000,0,0,0,0,0,0,0,0,0,0,0,69,0,190,233.07246376811594,10,2509,1712.0
1637165133,1,POST,/auth/modify-friend/,0.700000,0.000000,150,150,160,160,280,280,280,280,280,280,280,417,0,190,225.55635491606714,30,4340,1713.0
1637165133,1,GET,/public/,0.800000,0.000000,200,200,240,240,460,460,460,460,460,460,460,418,0,240,279.02153110047846,64,982,10208.552631578947
1637165133,1,,Aggregated,3.900000,0.000000,160,220,270,340,1000,1100,1100,1100,1100,1100,1100,2409,0,220,282.46243254462433,10,6255,5682.179742631797
1637165134,1,GET,/,0.900000,0.000000,170,220,240,240,280,280,280,280,280,280,280,515,0,250,325.79223300970875,61,6255,10380.716504854368
1637165134,1,POST,/,0.200000,0.000000,1100,1100,1100,1100,1100,1100,1100,1100,1100,1100,1100,85,0,520,531.2705882352941,143,1560,10268.95294117647
1637165134,1,GET,/auth/find-friends/,1.200000,0.000000,190,270,340,1000,1300,1300,1300,1300,1300,1300,1300,836,0,200,227.85047846889952,24,3952,1974.0
1637165134,1,GET,/auth/login/,0.000000,0.000000,0,0,0,0,0,0,0,0,0,0,0,1,0,208,208.0,208,208,2961.0
1637165134,1,POST,/auth/login/,0.000000,0.000000,0,0,0,0,0,0,0,0,0,0,0,70,0,750,736.0142857142857,103,2490,10293.42857142857
1637165134,1,GET,/auth/logout/,0.000000,0.000000,0,0,0,0,0,0,0,0,0,0,0,69,0,190,233.07246376811594,10,2509,1712.0
1637165134,1,POST,/auth/modify-friend/,0.600000,0.000000,150,150,160,160,300,300,300,300,300,300,300,418,0,190,225.744019138756,30,4340,1713.0
1637165134,1,GET,/public/,0.700000,0.000000,200,200,250,250,460,460,460,460,460,460,460,419,0,240,278.9546539379475,64,982,10208.933174224343
1637165134,1,,Aggregated,3.600000,0.000000,170,240,280,300,460,1100,1300,1300,1300,1300,1300,2413,0,220,282.8338168255284,10,6255,5679.403232490676
1637165135,1,GET,/,0.900000,0.000000,170,220,240,280,290,290,290,290,290,290,290,516,0,250,325.72093023255815,61,6255,10380.875968992248
1637165135,1,POST,/,0.200000,0.000000,1100,1100,1100,1100,1100,1100,1100,1100,1100,1100,1100,85,0,520,531.2705882352941,143,1560,10268.95294117647
1637165135,1,GET,/auth/find-friends/,1.000000,0.000000,270,280,340,1000,1300,1300,1300,1300,1300,1300,1300,838,0,200,227.79952267303102,24,3952,1974.0
1637165135,1,GET,/auth/login/,0.000000,0.000000,0,0,0,0,0,0,0,0,0,0,0,1,0,208,208.0,208,208,2961.0
1637165135,1,POST,/auth/login/,0.000000,0.000000,0,0,0,0,0,0,0,0,0,0,0,70,0,750,736.0142857142857,103,2490,10293.42857142857
1637165135,1,GET,/auth/logout/,0.000000,0.000000,0,0,0,0,0,0,0,0,0,0,0,70,0,190,230.8,10,2509,1712.0
1637165135,1,POST,/auth/modify-friend/,0.600000,0.000000,150,300,300,330,330,330,330,330,330,330,330,419,0,190,226.0,30,4340,1713.0
1637165135,1,GET,/public/,0.600000,0.000000,250,250,460,460,460,460,460,460,460,460,460,419,0,240,278.9546539379475,64,982,10208.933174224343
1637165135,1,,Aggregated,3.300000,0.000000,180,280,300,330,460,1100,1300,1300,1300,1300,1300,2418,0,220,282.70760959470635,10,6255,5675.035566583953
1637165136,1,GET,/,0.900000,0.000000,220,240,280,280,290,290,290,290,290,290,290,516,0,250,325.72093023255815,61,6255,10380.875968992248
1637165136,1,POST,/,0.200000,0.000000,1100,1100,1100,1100,1100,1100,1100,1100,1100,1100,1100,85,0,520,531.2705882352941,143,1560,10268.95294117647
1637165136,1,GET,/auth/find-friends/,1.000000,0.000000,270,280,1000,1000,1300,1300,1300,1300,1300,1300,1300,838,0,200,227.79952267303102,24,3952,1974.0
1637165136,1,GET,/auth/login/,0.000000,0.000000,0,0,0,0,0,0,0,0,0,0,0,1,0,208,208.0,208,208,2961.0
1637165136,1,POST,/auth/login/,0.000000,0.000000,0,0,0,0,0,0,0,0,0,0,0,70,0,750,736.0142857142857,103,2490,10293.42857142857
1637165136,1,GET,/auth/logout/,0.000000,0.000000,74,74,74,74,74,74,74,74,74,74,74,70,0,190,230.8,10,2509,1712.0
1637165136,1,POST,/auth/modify-friend/,0.600000,0.000000,300,300,330,330,330,330,330,330,330,330,330,419,0,190,226.0,30,4340,1713.0
1637165136,1,GET,/public/,0.600000,0.000000,250,250,460,460,460,460,460,460,460,460,460,419,0,240,278.9546539379475,64,982,10208.933174224343
1637165136,1,,Aggregated,3.300000,0.000000,240,280,300,370,1000,1100,1300,1300,1300,1300,1300,2418,0,220,282.70760959470635,10,6255,5675.035566583953
1637165137,1,GET,/,0.800000,0.000000,220,240,280,290,520,520,520,520,520,520,520,517,0,250,326.0986460348162,61,6255,10380.802707930368
1637165137,1,POST,/,0.200000,0.000000,1100,1100,1100,1100,1100,1100,1100,1100,1100,1100,1100,85,0,520,531.2705882352941,143,1560,10268.95294117647
1637165137,1,GET,/auth/find-friends/,1.200000,0.000000,280,280,1000,1000,1300,1300,1300,1300,1300,1300,1300,838,0,200,227.79952267303102,24,3952,1974.0
1637165137,1,GET,/auth/login/,0.000000,0.000000,0,0,0,0,0,0,0,0,0,0,0,1,0,208,208.0,208,208,2961.0
1637165137,1,POST,/auth/login/,0.000000,0.000000,450,450,450,450,450,450,450,450,450,450,450,71,0,750,731.943661971831,103,2490,10293.859154929578
1637165137,1,GET,/auth/logout/,0.000000,0.000000,74,74,74,74,74,74,74,74,74,74,74,70,0,190,230.8,10,2509,1712.0
1637165137,1,POST,/auth/modify-friend/,0.700000,0.000000,300,300,330,330,330,330,330,330,330,330,330,419,0,190,226.0,30,4340,1713.0
1637165137,1,GET,/public/,0.600000,0.000000,250,250,460,460,460,460,460,460,460,460,460,419,0,240,278.9546539379475,64,982,10208.933174224343
1637165137,1,,Aggregated,3.500000,0.000000,280,330,450,460,1000,1100,1300,1300,1300,1300,1300,2420,0,220,282.87396694214874,10,6255,5678.885537190083
1637165138,1,GET,/,0.800000,0.000000,280,280,290,290,520,520,520,520,520,520,520,518,0,250,326.0,61,6255,10380.764478764479
1637165138,1,POST,/,0.200000,0.000000,1100,1100,1100,1100,1100,1100,1100,1100,1100,1100,1100,85,0,520,531.2705882352941,143,1560,10268.95294117647
1637165138,1,GET,/auth/find-friends/,1.200000,0.000000,280,280,1000,1000,1300,1300,1300,1300,1300,1300,1300,838,0,200,227.79952267303102,24,3952,1974.0
1637165138,1,GET,/auth/login/,0.000000,0.000000,0,0,0,0,0,0,0,0,0,0,0,1,0,208,208.0,208,208,2961.0
1637165138,1,POST,/auth/login/,0.000000,0.000000,450,450,450,450,450,450,450,450,450,450,450,71,0,750,731.943661971831,103,2490,10293.859154929578
1637165138,1,GET,/auth/logout/,0.000000,0.000000,74,74,74,74,74,74,74,74,74,74,74,70,0,190,230.8,10,2509,1712.0
1637165138,1,POST,/auth/modify-friend/,0.700000,0.000000,300,300,330,330,330,330,330,330,330,330,330,419,0,190,226.0,30,4340,1713.0
1637165138,1,GET,/public/,0.600000,0.000000,250,250,460,460,460,460,460,460,460,460,460,419,0,240,278.9546539379475,64,982,10208.933174224343
1637165138,1,,Aggregated,3.500000,0.000000,280,300,370,450,520,1100,1300,1300,1300,1300,1300,2421,0,220,282.8707145807518,10,6255,5680.819496076002
1637165139,1,GET,/,0.800000,0.000000,280,290,290,520,520,520,520,520,520,520,520,518,0,250,326.0,61,6255,10380.764478764479
1637165139,1,POST,/,0.200000,0.000000,1100,1100,1100,1100,1100,1100,1100,1100,1100,1100,1100,85,0,520,531.2705882352941,143,1560,10268.95294117647
1637165139,1,GET,/auth/find-friends/,1.200000,0.000000,280,280,1000,1000,1300,1300,1300,1300,1300,1300,1300,838,0,200,227.79952267303102,24,3952,1974.0
1637165139,1,GET,/auth/login/,0.000000,0.000000,0,0,0,0,0,0,0,0,0,0,0,1,0,208,208.0,208,208,2961.0
1637165139,1,POST,/auth/login/,0.000000,0.000000,450,450,450,450,450,450,450,450,450,450,450,71,0,750,731.943661971831,103,2490,10293.859154929578
1637165139,1,GET,/auth/logout/,0.000000,0.000000,74,74,74,74,74,74,74,74,74,74,74,70,0,190,230.8,10,2509,1712.0
1637165139,1,POST,/auth/modify-friend/,0.700000,0.000000,300,300,330,330,330,330,330,330,330,330,330,419,0,190,226.0,30,4340,1713.0
1637165139,1,GET,/public/,0.600000,0.000000,460,460,460,460,460,460,460,460,460,460,460,419,0,240,278.9546539379475,64,982,10208.933174224343
1637165139,1,,Aggregated,3.500000,0.000000,290,330,460,460,1100,1300,1300,1300,1300,1300,1300,2421,0,220,282.8707145807518,10,6255,5680.819496076002
1637165140,1,GET,/,0.800000,0.000000,240,280,290,290,520,520,520,520,520,520,520,521,0,250,325.0710172744722,61,6255,10380.468330134358
1637165140,1,POST,/,0.200000,0.000000,2200,2200,2200,2200,2200,2200,2200,2200,2200,2200,2200,86,0,520,550.9418604651163,143,2223,10269.627906976744
1637165140,1,GET,/auth/find-friends/,0.600000,0.000000,280,280,1300,1300,1300,1300,1300,1300,1300,1300,1300,838,0,200,227.79952267303102,24,3952,1974.0
1637165140,1,GET,/auth/login/,0.000000,0.000000,0,0,0,0,0,0,0,0,0,0,0,1,0,208,208.0,208,208,2961.0
1637165140,1,POST,/auth/login/,0.100000,0.000000,450,450,450,450,450,450,450,450,450,450,450,71,0,750,731.943661971831,103,2490,10293.859154929578
1637165140,1,GET,/auth/logout/,0.100000,0.000000,74,74,74,74,74,74,74,74,74,74,74,70,0,190,230.8,10,2509,1712.0
1637165140,1,POST,/auth/modify-friend/,0.300000,0.000000,300,300,330,330,330,330,330,330,330,330,330,419,0,190,226.0,30,4340,1713.0
1637165140,1,GET,/public/,0.200000,0.000000,250,250,460,460,460,460,460,460,460,460,460,420,0,240,278.7238095238095,64,982,10208.452380952382
1637165140,1,,Aggregated,2.300000,0.000000,280,330,460,520,1300,2200,2200,2200,2200,2200,2200,2426,0,220,283.48268755152515,10,6255,5690.266281945589
1637165141,1,GET,/,0.800000,0.000000,240,280,290,290,520,520,520,520,520,520,520,521,0,250,325.0710172744722,61,6255,10380.468330134358
1637165141,1,POST,/,0.200000,0.000000,2200,2200,2200,2200,2200,2200,2200,2200,2200,2200,2200,86,0,520,550.9418604651163,143,2223,10269.627906976744
1637165141,1,GET,/auth/find-friends/,0.400000,0.000000,160,180,280,280,1300,1300,1300,1300,1300,1300,1300,841,0,190,227.461355529132,24,3952,1974.0
1637165141,1,GET,/auth/login/,0.000000,0.000000,0,0,0,0,0,0,0,0,0,0,0,1,0,208,208.0,208,208,2961.0
1637165141,1,POST,/auth/login/,0.100000,0.000000,450,450,450,450,450,450,450,450,450,450,450,71,0,750,731.943661971831,103,2490,10293.859154929578
1637165141,1,GET,/auth/logout/,0.100000,0.000000,74,74,74,74,74,74,74,74,74,74,74,70,0,190,230.8,10,2509,1712.0
1637165141,1,POST,/auth/modify-friend/,0.300000,0.000000,300,300,330,330,330,330,330,330,330,330,330,420,0,190,226.18333333333334,30,4340,1713.0
1637165141,1,GET,/public/,0.200000,0.000000,250,250,460,460,460,460,460,460,460,460,460,421,0,240,278.57244655581945,64,982,10207.973871733966
1637165141,1,,Aggregated,2.100000,0.000000,250,300,330,460,1100,1300,2200,2200,2200,2200,2200,2431,0,220,283.27684080625255,10,6255,5685.819827231592
1637165142,1,GET,/,0.700000,0.000000,240,280,290,290,520,520,520,520,520,520,520,522,0,250,324.8582375478927,61,6255,10380.37356321839
1637165142,1,POST,/,0.200000,0.000000,2200,2200,2200,2200,2200,2200,2200,2200,2200,2200,2200,86,0,520,550.9418604651163,143,2223,10269.627906976744
1637165142,1,GET,/auth/find-friends/,0.400000,0.000000,180,260,280,280,1300,1300,1300,1300,1300,1300,1300,842,0,190,227.50593824228028,24,3952,1974.0
1637165142,1,GET,/auth/login/,0.000000,0.000000,0,0,0,0,0,0,0,0,0,0,0,1,0,208,208.0,208,208,2961.0
1637165142,1,POST,/auth/login/,0.100000,0.000000,450,450,450,450,450,450,450,450,450,450,450,71,0,750,731.943661971831,103,2490,10293.859154929578
1637165142,1,GET,/auth/logout/,0.100000,0.000000,120,120,120,120,120,120,120,120,120,120,120,71,0,190,229.19718309859155,10,2509,1712.0
1637165142,1,POST,/auth/modify-friend/,0.200000,0.000000,300,300,330,330,330,330,330,330,330,330,330,421,0,190,226.18289786223278,30,4340,1713.0
1637165142,1,GET,/public/,0.200000,0.000000,220,220,250,250,250,250,250,250,250,250,250,421,0,240,278.57244655581945,64,982,10207.973871733966
1637165142,1,,Aggregated,1.900000,0.000000,230,280,300,300,520,1300,2200,2200,2200,2200,2200,2435,0,220,283.1490759753593,10,6255,5682.939630390144
1637165143,1,GET,/,0.700000,0.000000,210,280,290,290,520,520,520,520,520,520,520,522,0,250,324.8582375478927,61,6255,10380.37356321839
1637165143,1,POST,/,0.200000,0.000000,2200,2200,2200,2200,2200,2200,2200,2200,2200,2200,2200,86,0,520,550.9418604651163,143,2223,10269.627906976744
1637165143,1,GET,/auth/find-friends/,0.400000,0.000000,160,160,260,260,280,280,280,280,280,280,280,842,0,190,227.50593824228028,24,3952,1974.0
1637165143,1,GET,/auth/login/,0.000000,0.000000,0,0,0,0,0,0,0,0,0,0,0,1,0,208,208.0,208,208,2961.0
1637165143,1,POST,/auth/login/,0.100000,0.000000,450,450,450,450,450,450,450,450,450,450,450,71,0,750,731.943661971831,103,2490,10293.859154929578
1637165143,1,GET,/auth/logout/,0.100000,0.000000,120,120,120,120,120,120,120,120,120,120,120,71,0,190,229.19718309859155,10,2509,1712.0
1637165143,1,POST,/auth/modify-friend/,0.200000,0.000000,300,300,330,330,330,330,330,330,330,330,330,421,0,190,226.18289786223278,30,4340,1713.0
1637165143,1,GET,/public/,0.200000,0.000000,220,220,250,250,250,250,250,250,250,250,250,421,0,240,278.57244655581945,64,982,10207.973871733966
1637165143,1,,Aggregated,1.900000,0.000000,220,280,290,300,450,520,2200,2200,2200,2200,2200,2435,0,220,283.1490759753593,10,6255,5682.939630390144
1637165144,1,GET,/,0.700000,0.000000,280,290,400,400,520,520,520,520,520,520,520,524,0,250,325.1526717557252,61,6255,10381.559160305344
1637165144,1,POST,/,0.100000,0.000000,2200,2200,2200,2200,2200,2200,2200,2200,2200,2200,2200,86,0,520,550.9418604651163,143,2223,10269.627906976744
1637165144,1,GET,/auth/find-friends/,0.800000,0.000000,160,160,260,260,280,280,280,280,280,280,280,842,0,190,227.50593824228028,24,3952,1974.0
1637165144,1,GET,/auth/login/,0.000000,0.000000,0,0,0,0,0,0,0,0,0,0,0,1,0,208,208.0,208,208,2961.0
1637165144,1,POST,/auth/login/,0.100000,0.000000,610,610,610,610,610,610,610,610,610,610,610,72,0,740,730.2083333333334,103,2490,10299.402777777777
1637165144,1,GET,/auth/logout/,0.100000,0.000000,120,120,120,120,120,120,120,120,120,120,120,71,0,190,229.19718309859155,10,2509,1712.0
1637165144,1,POST,/auth/modify-friend/,0.400000,0.000000,300,300,330,330,330,330,330,330,330,330,330,421,0,190,226.18289786223278,30,4340,1713.0
1637165144,1,GET,/public/,0.300000,0.000000,220,220,250,250,250,250,250,250,250,250,250,421,0,240,278.57244655581945,64,982,10207.973871733966
1637165144,1,,Aggregated,2.500000,0.000000,230,290,400,400,520,610,2200,2200,2200,2200,2200,2438,0,220,283.3794093519278,10,6255,5689.102953240361
1637165145,1,GET,/,0.700000,0.000000,280,290,400,400,520,520,520,520,520,520,520,524,0,250,325.1526717557252,61,6255,10381.559160305344
1637165145,1,POST,/,0.100000,0.000000,2200,2200,2200,2200,2200,2200,2200,2200,2200,2200,2200,86,0,520,550.9418604651163,143,2223,10269.627906976744
1637165145,1,GET,/auth/find-friends/,0.800000,0.000000,160,260,280,280,330,330,330,330,330,330,330,843,0,200,227.63107947805457,24,3952,1974.0
1637165145,1,GET,/auth/login/,0.000000,0.000000,0,0,0,0,0,0,0,0,0,0,0,1,0,208,208.0,208,208,2961.0
1637165145,1,POST,/auth/login/,0.100000,0.000000,610,610,610,610,610,610,610,610,610,610,610,72,0,740,730.2083333333334,103,2490,10299.402777777777
1637165145,1,GET,/auth/logout/,0.200000,0.000000,120,120,120,120,120,120,120,120,120,120,120,71,0,190,229.19718309859155,10,2509,1712.0
1637165145,1,POST,/auth/modify-friend/,0.400000,0.000000,300,300,330,330,330,330,330,330,330,330,330,421,0,190,226.18289786223278,30,4340,1713.0
1637165145,1,GET,/public/,0.300000,0.000000,250,250,480,480,480,480,480,480,480,480,480,422,0,240,279.06161137440756,64,982,10208.466824644549
1637165145,1,,Aggregated,2.600000,0.000000,260,330,400,450,520,610,2200,2200,2200,2200,2200,2440,0,220,283.48237704918034,10,6255,5689.51762295082
1637165146,1,GET,/,0.700000,0.000000,280,400,400,400,520,520,520,520,520,520,520,524,0,250,325.1526717557252,61,6255,10381.559160305344
1637165146,1,POST,/,0.100000,0.000000,2200,2200,2200,2200,2200,2200,2200,2200,2200,2200,2200,86,0,520,550.9418604651163,143,2223,10269.627906976744
1637165146,1,GET,/auth/find-friends/,0.800000,0.000000,160,260,280,280,330,330,330,330,330,330,330,843,0,200,227.63107947805457,24,3952,1974.0
1637165146,1,GET,/auth/login/,0.000000,0.000000,0,0,0,0,0,0,0,0,0,0,0,1,0,208,208.0,208,208,2961.0
1637165146,1,POST,/auth/login/,0.100000,0.000000,610,610,610,610,610,610,610,610,610,610,610,72,0,740,730.2083333333334,103,2490,10299.402777777777
1637165146,1,GET,/auth/logout/,0.200000,0.000000,120,120,120,120,120,120,120,120,120,120,120,71,0,190,229.19718309859155,10,2509,1712.0
1637165146,1,POST,/auth/modify-friend/,0.400000,0.000000,300,300,330,330,330,330,330,330,330,330,330,421,0,190,226.18289786223278,30,4340,1713.0
1637165146,1,GET,/public/,0.300000,0.000000,250,250,480,480,480,480,480,480,480,480,480,422,0,240,279.06161137440756,64,982,10208.466824644549
1637165146,1,,Aggregated,2.600000,0.000000,230,300,400,400,520,610,2200,2200,2200,2200,2200,2440,0,220,283.48237704918034,10,6255,5689.51762295082
1637165147,1,GET,/,0.700000,0.000000,280,400,400,400,520,520,520,520,520,520,520,524,0,250,325.1526717557252,61,6255,10381.559160305344
1637165147,1,POST,/,0.100000,0.000000,2200,2200,2200,2200,2200,2200,2200,2200,2200,2200,2200,86,0,520,550.9418604651163,143,2223,10269.627906976744
1637165147,1,GET,/auth/find-friends/,0.800000,0.000000,160,260,260,330,330,330,330,330,330,330,330,843,0,200,227.63107947805457,24,3952,1974.0
1637165147,1,GET,/auth/login/,0.000000,0.000000,0,0,0,0,0,0,0,0,0,0,0,1,0,208,208.0,208,208,2961.0
1637165147,1,POST,/auth/login/,0.100000,0.000000,610,610,610,610,610,610,610,610,610,610,610,72,0,740,730.2083333333334,103,2490,10299.402777777777
1637165147,1,GET,/auth/logout/,0.200000,0.000000,120,120,120,120,120,120,120,120,120,120,120,71,0,190,229.19718309859155,10,2509,1712.0
1637165147,1,POST,/auth/modify-friend/,0.400000,0.000000,300,300,300,300,300,300,300,300,300,300,300,421,0,190,226.18289786223278,30,4340,1713.0
1637165147,1,GET,/public/,0.300000,0.000000,220,220,480,480,480,480,480,480,480,480,480,422,0,240,279.06161137440756,64,982,10208.466824644549
1637165147,1,,Aggregated,2.600000,0.000000,230,300,400,400,520,610,2200,2200,2200,2200,2200,2440,0,220,283.48237704918034,10,6255,5689.51762295082
1637165148,1,GET,/,0.800000,0.000000,210,210,400,400,400,400,400,400,400,400,400,524,0,250,325.1526717557252,61,6255,10381.559160305344
1637165148,1,POST,/,0.100000,0.000000,2200,2200,2200,2200,2200,2200,2200,2200,2200,2200,2200,86,0,520,550.9418604651163,143,2223,10269.627906976744
1637165148,1,GET,/auth/find-friends/,0.500000,0.000000,260,260,330,330,2600,2600,2600,2600,2600,2600,2600,844,0,200,230.40758293838863,24,3952,1974.0
1637165148,1,GET,/auth/login/,0.000000,0.000000,0,0,0,0,0,0,0,0,0,0,0,1,0,208,208.0,208,208,2961.0
1637165148,1,POST,/auth/login/,0.200000,0.000000,610,610,610,610,610,610,610,610,610,610,610,72,0,740,730.2083333333334,103,2490,10299.402777777777
1637165148,1,GET,/auth/logout/,0.100000,0.000000,120,120,120,120,120,120,120,120,120,120,120,71,0,190,229.19718309859155,10,2509,1712.0
1637165148,1,POST,/auth/modify-friend/,0.200000,0.000000,300,300,310,310,310,310,310,310,310,310,310,422,0,190,226.38625592417063,30,4340,1713.0
1637165148,1,GET,/public/,0.300000,0.000000,220,220,480,480,480,480,480,480,480,480,480,422,0,240,279.06161137440756,64,982,10208.466824644549
1637165148,1,,Aggregated,2.200000,0.000000,230,310,400,400,610,2200,2600,2600,2600,2600,2600,2442,0,220,284.43079443079444,10,6255,5686.367731367732
1637165149,1,GET,/,0.800000,0.000000,400,400,400,550,550,550,550,550,550,550,550,525,0,250,325.58285714285716,61,6255,10381.12380952381
1637165149,1,POST,/,0.100000,0.000000,2200,2200,2200,2200,2200,2200,2200,2200,2200,2200,2200,87,0,530,553.1149425287356,143,2223,10268.919540229885
1637165149,1,GET,/auth/find-friends/,0.500000,0.000000,260,260,330,330,2600,2600,2600,2600,2600,2600,2600,844,0,200,230.40758293838863,24,3952,1974.0
1637165149,1,GET,/auth/login/,0.000000,0.000000,0,0,0,0,0,0,0,0,0,0,0,1,0,208,208.0,208,208,2961.0
1637165149,1,POST,/auth/login/,0.100000,0.000000,610,610,610,610,610,610,610,610,610,610,610,72,0,740,730.2083333333334,103,2490,10299.402777777777
1637165149,1,GET,/auth/logout/,0.100000,0.000000,120,120,120,120,120,120,120,120,120,120,120,71,0,190,229.19718309859155,10,2509,1712.0
1637165149,1,POST,/auth/modify-friend/,0.200000,0.000000,300,300,310,310,310,310,310,310,310,310,310,422,0,190,226.38625592417063,30,4340,1713.0
1637165149,1,GET,/public/,0.300000,0.000000,220,220,480,480,480,480,480,480,480,480,480,422,0,240,279.06161137440756,64,982,10208.466824644549
1637165149,1,,Aggregated,2.100000,0.000000,300,400,480,550,740,2600,2600,2600,2600,2600,2600,2444,0,220,284.7262684124386,10,6255,5690.045417348609
1637165150,1,GET,/,0.600000,0.000000,400,400,550,550,550,550,550,550,550,550,550,525,0,250,325.58285714285716,61,6255,10381.12380952381
1637165150,1,POST,/,0.100000,0.000000,2200,2200,2200,2200,2200,2200,2200,2200,2200,2200,2200,87,0,530,553.1149425287356,143,2223,10268.919540229885
1637165150,1,GET,/auth/find-friends/,0.600000,0.000000,330,330,370,370,2600,2600,2600,2600,2600,2600,2600,846,0,200,230.63475177304966,24,3952,1974.0
1637165150,1,GET,/auth/login/,0.000000,0.000000,0,0,0,0,0,0,0,0,0,0,0,1,0,208,208.0,208,208,2961.0
1637165150,1,POST,/auth/login/,0.100000,0.000000,610,610,610,610,610,610,610,610,610,610,610,72,0,740,730.2083333333334,103,2490,10299.402777777777
1637165150,1,GET,/auth/logout/,0.100000,0.000000,120,120,120,120,120,120,120,120,120,120,120,71,0,190,229.19718309859155,10,2509,1712.0
1637165150,1,POST,/auth/modify-friend/,0.200000,0.000000,230,230,310,310,310,310,310,310,310,310,310,423,0,190,226.31678486997635,30,4340,1713.0
1637165150,1,GET,/public/,0.300000,0.000000,290,290,480,480,480,480,480,480,480,480,480,423,0,240,279.0921985815603,64,982,10208.108747044917
1637165150,1,,Aggregated,2.000000,0.000000,310,400,480,550,740,2600,2600,2600,2600,2600,2600,2448,0,220,284.72753267973854,10,6255,5687.168709150327
1637165151,1,GET,/,0.700000,0.000000,400,400,550,550,550,550,550,550,550,550,550,525,0,250,325.58285714285716,61,6255,10381.12380952381
1637165151,1,POST,/,0.100000,0.000000,2200,2200,2200,2200,2200,2200,2200,2200,2200,2200,2200,87,0,530,553.1149425287356,143,2223,10268.919540229885
1637165151,1,GET,/auth/find-friends/,0.600000,0.000000,360,370,370,370,2600,2600,2600,2600,2600,2600,2600,848,0,200,230.94929245283018,24,3952,1974.0
1637165151,1,GET,/auth/login/,0.000000,0.000000,0,0,0,0,0,0,0,0,0,0,0,1,0,208,208.0,208,208,2961.0
1637165151,1,POST,/auth/login/,0.100000,0.000000,610,610,610,610,610,610,610,610,610,610,610,72,0,740,730.2083333333334,103,2490,10299.402777777777
1637165151,1,GET,/auth/logout/,0.100000,0.000000,120,120,120,120,120,120,120,120,120,120,120,71,0,190,229.19718309859155,10,2509,1712.0
1637165151,1,POST,/auth/modify-friend/,0.300000,0.000000,230,230,310,310,310,310,310,310,310,310,310,423,0,190,226.31678486997635,30,4340,1713.0
1637165151,1,GET,/public/,0.300000,0.000000,290,290,480,480,480,480,480,480,480,480,480,424,0,240,279.0306603773585,64,982,10208.01179245283
1637165151,1,,Aggregated,2.200000,0.000000,370,400,480,550,740,2600,2600,2600,2600,2600,2600,2451,0,220,284.7792737658099,10,6255,5685.966544267646
1637165152,1,GET,/,0.500000,0.000000,520,520,550,550,550,550,550,550,550,550,550,526,0,250,325.9505703422053,61,6255,10381.218631178706
1637165152,1,POST,/,0.100000,0.000000,2200,2200,2200,2200,2200,2200,2200,2200,2200,2200,2200,87,0,530,553.1149425287356,143,2223,10268.919540229885
1637165152,1,GET,/auth/find-friends/,0.600000,0.000000,360,370,370,370,2600,2600,2600,2600,2600,2600,2600,848,0,200,230.94929245283018,24,3952,1974.0
1637165152,1,GET,/auth/login/,0.000000,0.000000,0,0,0,0,0,0,0,0,0,0,0,1,0,208,208.0,208,208,2961.0
1637165152,1,POST,/auth/login/,0.100000,0.000000,610,610,610,610,610,610,610,610,610,610,610,72,0,740,730.2083333333334,103,2490,10299.402777777777
1637165152,1,GET,/auth/logout/,0.100000,0.000000,120,120,120,120,120,120,120,120,120,120,120,71,0,190,229.19718309859155,10,2509,1712.0
1637165152,1,POST,/auth/modify-friend/,0.300000,0.000000,290,290,310,310,310,310,310,310,310,310,310,424,0,190,226.4740566037736,30,4340,1713.0
1637165152,1,GET,/public/,0.400000,0.000000,290,290,480,480,480,480,480,480,480,480,480,424,0,240,279.0306603773585,64,982,10208.01179245283
1637165152,1,,Aggregated,2.100000,0.000000,370,400,520,550,740,2600,2600,2600,2600,2600,2600,2453,0,220,284.87810843864656,10,6255,5686.281288218508
1637165153,1,GET,/,0.400000,0.000000,520,520,550,550,550,550,550,550,550,550,550,526,0,250,325.9505703422053,61,6255,10381.218631178706
1637165153,1,POST,/,0.100000,0.000000,1000,1000,2200,2200,2200,2200,2200,2200,2200,2200,2200,88,0,530,558.5,143,2223,10269.829545454546
1637165153,1,GET,/auth/find-friends/,0.600000,0.000000,370,370,370,370,2600,2600,2600,2600,2600,2600,2600,848,0,200,230.94929245283018,24,3952,1974.0
1637165153,1,GET,/auth/login/,0.000000,0.000000,0,0,0,0,0,0,0,0,0,0,0,1,0,208,208.0,208,208,2961.0
1637165153,1,POST,/auth/login/,0.100000,0.000000,610,610,610,610,610,610,610,610,610,610,610,72,0,740,730.2083333333334,103,2490,10299.402777777777
1637165153,1,GET,/auth/logout/,0.100000,0.000000,120,120,120,120,120,120,120,120,120,120,120,71,0,190,229.19718309859155,10,2509,1712.0
1637165153,1,POST,/auth/modify-friend/,0.300000,0.000000,290,290,310,310,310,310,310,310,310,310,310,424,0,190,226.4740566037736,30,4340,1713.0
1637165153,1,GET,/public/,0.400000,0.000000,290,290,480,480,480,480,480,480,480,480,480,424,0,240,279.0306603773585,64,982,10208.01179245283
1637165153,1,,Aggregated,2.000000,0.000000,370,400,520,550,1000,2600,2600,2600,2600,2600,2600,2454,0,220,285.180521597392,10,6255,5688.181336593317
1637165154,1,GET,/,0.300000,0.000000,400,400,520,520,550,550,550,550,550,550,550,528,0,250,326.1155303030303,61,6255,10381.267045454546
1637165154,1,POST,/,0.100000,0.000000,1000,1000,1000,1000,1000,1000,1000,1000,1000,1000,1000,88,0,530,558.5,143,2223,10269.829545454546
1637165154,1,GET,/auth/find-friends/,0.600000,0.000000,370,370,370,370,2600,2600,2600,2600,2600,2600,2600,848,0,200,230.94929245283018,24,3952,1974.0
1637165154,1,GET,/auth/login/,0.000000,0.000000,0,0,0,0,0,0,0,0,0,0,0,1,0,208,208.0,208,208,2961.0
1637165154,1,POST,/auth/login/,0.100000,0.000000,610,610,610,610,610,610,610,610,610,610,610,72,0,740,730.2083333333334,103,2490,10299.402777777777
1637165154,1,GET,/auth/logout/,0.100000,0.000000,120,120,120,120,120,120,120,120,120,120,120,71,0,190,229.19718309859155,10,2509,1712.0
1637165154,1,POST,/auth/modify-friend/,0.300000,0.000000,290,290,310,310,310,310,310,310,310,310,310,424,0,190,226.4740566037736,30,4340,1713.0
1637165154,1,GET,/public/,0.300000,0.000000,290,290,480,480,480,480,480,480,480,480,480,424,0,240,279.0306603773585,64,982,10208.01179245283
1637165154,1,,Aggregated,1.800000,0.000000,360,380,520,550,1000,2600,2600,2600,2600,2600,2600,2456,0,220,285.24918566775244,10,6255,5692.013436482085
1637165155,1,GET,/,0.300000,0.000000,400,400,520,520,550,550,550,550,550,550,550,528,0,250,326.1155303030303,61,6255,10381.267045454546
1637165155,1,POST,/,0.100000,0.000000,1000,1000,1000,1000,1000,1000,1000,1000,1000,1000,1000,88,0,530,558.5,143,2223,10269.829545454546
1637165155,1,GET,/auth/find-friends/,0.600000,0.000000,370,370,370,370,2600,2600,2600,2600,2600,2600,2600,848,0,200,230.94929245283018,24,3952,1974.0
1637165155,1,GET,/auth/login/,0.000000,0.000000,0,0,0,0,0,0,0,0,0,0,0,1,0,208,208.0,208,208,2961.0
1637165155,1,POST,/auth/login/,0.100000,0.000000,610,610,610,610,610,610,610,610,610,610,610,72,0,740,730.2083333333334,103,2490,10299.402777777777
1637165155,1,GET,/auth/logout/,0.100000,0.000000,120,120,120,120,120,120,120,120,120,120,120,71,0,190,229.19718309859155,10,2509,1712.0
1637165155,1,POST,/auth/modify-friend/,0.300000,0.000000,290,290,310,310,310,310,310,310,310,310,310,424,0,190,226.4740566037736,30,4340,1713.0
1637165155,1,GET,/public/,0.300000,0.000000,290,290,480,480,480,480,480,480,480,480,480,424,0,240,279.0306603773585,64,982,10208.01179245283
1637165155,1,,Aggregated,1.800000,0.000000,360,380,520,550,1000,2600,2600,2600,2600,2600,2600,2456,0,220,285.24918566775244,10,6255,5692.013436482085
1637165156,1,GET,/,0.300000,0.000000,520,520,550,550,550,550,550,550,550,550,550,528,0,250,326.1155303030303,61,6255,10381.267045454546
1637165156,1,POST,/,0.100000,0.000000,1000,1000,1000,1000,1000,1000,1000,1000,1000,1000,1000,88,0,530,558.5,143,2223,10269.829545454546
1637165156,1,GET,/auth/find-friends/,0.600000,0.000000,370,370,370,2600,2600,2600,2600,2600,2600,2600,2600,848,0,200,230.94929245283018,24,3952,1974.0
1637165156,1,GET,/auth/login/,0.000000,0.000000,0,0,0,0,0,0,0,0,0,0,0,1,0,208,208.0,208,208,2961.0
1637165156,1,POST,/auth/login/,0.100000,0.000000,610,610,610,610,610,610,610,610,610,610,610,72,0,740,730.2083333333334,103,2490,10299.402777777777
1637165156,1,GET,/auth/logout/,0.100000,0.000000,120,120,120,120,120,120,120,120,120,120,120,71,0,190,229.19718309859155,10,2509,1712.0
1637165156,1,POST,/auth/modify-friend/,0.300000,0.000000,290,290,310,310,310,310,310,310,310,310,310,424,0,190,226.4740566037736,30,4340,1713.0
1637165156,1,GET,/public/,0.300000,0.000000,290,290,290,290,290,290,290,290,290,290,290,424,0,240,279.0306603773585,64,982,10208.01179245283
1637165156,1,,Aggregated,1.800000,0.000000,370,380,550,550,1000,2600,2600,2600,2600,2600,2600,2456,0,220,285.24918566775244,10,6255,5692.013436482085
1637165157,1,GET,/,0.400000,0.000000,520,520,550,550,550,550,550,550,550,550,550,528,0,250,326.1155303030303,61,6255,10381.267045454546
1637165157,1,POST,/,0.200000,0.000000,1000,1000,1000,1000,1000,1000,1000,1000,1000,1000,1000,88,0,530,558.5,143,2223,10269.829545454546
1637165157,1,GET,/auth/find-friends/,0.600000,0.000000,360,370,370,370,2600,2600,2600,2600,2600,2600,2600,851,0,200,230.59106933019976,24,3952,1974.0
1637165157,1,GET,/auth/login/,0.000000,0.000000,0,0,0,0,0,0,0,0,0,0,0,1,0,208,208.0,208,208,2961.0
1637165157,1,POST,/auth/login/,0.000000,0.000000,610,610,610,610,610,610,610,610,610,610,610,72,0,740,730.2083333333334,103,2490,10299.402777777777
1637165157,1,GET,/auth/logout/,0.000000,0.000000,120,120,120,120,120,120,120,120,120,120,120,71,0,190,229.19718309859155,10,2509,1712.0
1637165157,1,POST,/auth/modify-friend/,0.300000,0.000000,290,290,310,310,310,310,310,310,310,310,310,425,0,190,226.18823529411765,30,4340,1713.0
1637165157,1,GET,/public/,0.200000,0.000000,290,290,3000,3000,3000,3000,3000,3000,3000,3000,3000,426,0,240,285.0211267605634,64,3015,10207.859154929578
1637165157,1,,Aggregated,1.700000,0.000000,310,370,380,520,740,1000,3000,3000,3000,3000,3000,2462,0,220,286.0174654752234,10,6255,5689.508935824533
1637165158,1,GET,/,0.400000,0.000000,380,520,520,550,550,550,550,550,550,550,550,529,0,250,326.0869565217391,61,6255,10381.402646502836
1637165158,1,POST,/,0.200000,0.000000,1000,1000,1000,1000,1000,1000,1000,1000,1000,1000,1000,88,0,530,558.5,143,2223,10269.829545454546
1637165158,1,GET,/auth/find-friends/,0.500000,0.000000,180,290,360,370,370,370,370,370,370,370,370,853,0,200,230.2145369284877,24,3952,1974.0
1637165158,1,GET,/auth/login/,0.000000,0.000000,0,0,0,0,0,0,0,0,0,0,0,1,0,208,208.0,208,208,2961.0
1637165158,1,POST,/auth/login/,0.000000,0.000000,610,610,610,610,610,610,610,610,610,610,610,72,0,740,730.2083333333334,103,2490,10299.402777777777
1637165158,1,GET,/auth/logout/,0.000000,0.000000,120,120,120,120,120,120,120,120,120,120,120,71,0,190,229.19718309859155,10,2509,1712.0
1637165158,1,POST,/auth/modify-friend/,0.300000,0.000000,200,290,290,310,310,310,310,310,310,310,310,426,0,190,226.1338028169014,30,4340,1713.0
1637165158,1,GET,/public/,0.200000,0.000000,290,290,290,3000,3000,3000,3000,3000,3000,3000,3000,427,0,240,285.03981264637,64,3015,10208.110070257611
1637165158,1,,Aggregated,1.600000,0.000000,290,360,370,380,740,1000,3000,3000,3000,3000,3000,2467,0,220,285.8216457235509,10,6255,5688.690717470612
1637165159,1,GET,/,0.400000,0.000000,380,380,520,520,550,550,550,550,550,550,550,530,0,250,325.8037735849057,61,6255,10382.067924528303
1637165159,1,POST,/,0.200000,0.000000,1000,1000,1000,1000,1000,1000,1000,1000,1000,1000,1000,88,0,530,558.5,143,2223,10269.829545454546
1637165159,1,GET,/auth/find-friends/,0.500000,0.000000,140,180,360,360,370,370,370,370,370,370,370,856,0,190,229.74065420560748,24,3952,1974.0
1637165159,1,GET,/auth/login/,0.000000,0.000000,0,0,0,0,0,0,0,0,0,0,0,1,0,208,208.0,208,208,2961.0
1637165159,1,POST,/auth/login/,0.000000,0.000000,610,610,610,610,610,610,610,610,610,610,610,72,0,740,730.2083333333334,103,2490,10299.402777777777
1637165159,1,GET,/auth/logout/,0.000000,0.000000,120,120,120,120,120,120,120,120,120,120,120,71,0,190,229.19718309859155,10,2509,1712.0
1637165159,1,POST,/auth/modify-friend/,0.300000,0.000000,200,200,200,200,290,290,290,290,290,290,290,428,0,190,225.5981308411215,30,4340,1713.0
1637165159,1,GET,/public/,0.200000,0.000000,250,290,290,3000,3000,3000,3000,3000,3000,3000,3000,428,0,240,284.75233644859816,64,3015,10208.31074766355
1637165159,1,,Aggregated,1.600000,0.000000,200,290,360,370,520,1000,3000,3000,3000,3000,3000,2474,0,220,285.354890864996,10,6255,5684.8730800323365
1637165161,1,GET,/,0.400000,0.000000,360,360,380,380,520,520,520,520,520,520,520,531,0,250,325.5574387947269,61,6255,10382.804143126177
1637165161,1,POST,/,0.200000,0.000000,450,450,1000,1000,1000,1000,1000,1000,1000,1000,1000,90,0,520,554.7777777777778,143,2223,10281.68888888889
1637165161,1,GET,/auth/find-friends/,0.800000,0.000000,120,140,180,360,370,370,370,370,370,370,370,856,0,190,229.74065420560748,24,3952,1974.0
1637165161,1,GET,/auth/login/,0.000000,0.000000,0,0,0,0,0,0,0,0,0,0,0,1,0,208,208.0,208,208,2961.0
1637165161,1,POST,/auth/login/,0.000000,0.000000,0,0,0,0,0,0,0,0,0,0,0,72,0,740,730.2083333333334,103,2490,10299.402777777777
1637165161,1,GET,/auth/logout/,0.000000,0.000000,0,0,0,0,0,0,0,0,0,0,0,71,0,190,229.19718309859155,10,2509,1712.0
1637165161,1,POST,/auth/modify-friend/,0.400000,0.000000,120,200,200,290,290,290,290,290,290,290,290,428,0,190,225.5981308411215,30,4340,1713.0
1637165161,1,GET,/public/,0.400000,0.000000,250,290,290,3000,3000,3000,3000,3000,3000,3000,3000,428,0,240,284.75233644859816,64,3015,10208.31074766355
1637165161,1,,Aggregated,2.200000,0.000000,180,290,340,380,520,1000,3000,3000,3000,3000,3000,2477,0,220,285.4037141703674,10,6255,5691.060153411385
1637165162,1,GET,/,0.400000,0.000000,180,200,310,360,380,380,380,380,380,380,380,535,0,250,324.0411214953271,61,6255,10385.779439252336
1637165162,1,POST,/,0.200000,0.000000,450,450,1000,1000,1000,1000,1000,1000,1000,1000,1000,90,0,520,554.7777777777778,143,2223,10281.68888888889
1637165162,1,GET,/auth/find-friends/,1.000000,0.000000,120,140,180,180,360,370,370,370,370,370,370,858,0,190,229.47086247086247,24,3952,1974.0
1637165162,1,GET,/auth/login/,0.000000,0.000000,0,0,0,0,0,0,0,0,0,0,0,1,0,208,208.0,208,208,2961.0
1637165162,1,POST,/auth/login/,0.000000,0.000000,0,0,0,0,0,0,0,0,0,0,0,72,0,740,730.2083333333334,103,2490,10299.402777777777
1637165162,1,GET,/auth/logout/,0.000000,0.000000,0,0,0,0,0,0,0,0,0,0,0,71,0,190,229.19718309859155,10,2509,1712.0
1637165162,1,POST,/auth/modify-friend/,0.400000,0.000000,140,140,200,200,290,290,290,290,290,290,290,429,0,190,225.3892773892774,30,4340,1713.0
1637165162,1,GET,/public/,0.500000,0.000000,250,250,290,290,3000,3000,3000,3000,3000,3000,3000,429,0,240,284.44988344988343,64,3015,10209.291375291376
1637165162,1,,Aggregated,2.500000,0.000000,140,180,290,310,380,1000,3000,3000,3000,3000,3000,2485,0,220,284.8913480885312,10,6255,5696.647484909457
1637165163,1,GET,/,0.500000,0.000000,140,180,200,310,360,360,360,360,360,360,360,537,0,250,323.31657355679704,61,6255,10387.314711359404
1637165163,1,POST,/,0.100000,0.000000,450,450,1000,1000,1000,1000,1000,1000,1000,1000,1000,90,0,520,554.7777777777778,143,2223,10281.68888888889
1637165163,1,GET,/auth/find-friends/,1.200000,0.000000,120,140,140,180,360,370,370,370,370,370,370,860,0,190,229.2,24,3952,1974.0
1637165163,1,GET,/auth/login/,0.000000,0.000000,0,0,0,0,0,0,0,0,0,0,0,1,0,208,208.0,208,208,2961.0
1637165163,1,POST,/auth/login/,0.000000,0.000000,0,0,0,0,0,0,0,0,0,0,0,72,0,740,730.2083333333334,103,2490,10299.402777777777
1637165163,1,GET,/auth/logout/,0.000000,0.000000,97,97,97,97,97,97,97,97,97,97,97,72,0,170,227.36111111111111,10,2509,1712.0
1637165163,1,POST,/auth/modify-friend/,0.600000,0.000000,120,140,200,200,290,290,290,290,290,290,290,430,0,190,225.0418604651163,30,4340,1713.0
1637165163,1,GET,/public/,0.500000,0.000000,160,160,290,290,3000,3000,3000,3000,3000,3000,3000,430,0,240,284.1697674418605,64,3015,10210.118604651163
1637165163,1,,Aggregated,2.900000,0.000000,120,160,180,200,340,450,3000,3000,3000,3000,3000,2492,0,220,284.4209470304976,10,6255,5696.5100321027285
1637165164,1,GET,/,0.500000,0.000000,140,180,200,310,360,360,360,360,360,360,360,537,0,250,323.31657355679704,61,6255,10387.314711359404
1637165164,1,POST,/,0.100000,0.000000,450,450,1000,1000,1000,1000,1000,1000,1000,1000,1000,90,0,520,554.7777777777778,143,2223,10281.68888888889
1637165164,1,GET,/auth/find-friends/,1.200000,0.000000,110,120,140,140,140,180,180,180,180,180,180,860,0,190,229.2,24,3952,1974.0
1637165164,1,GET,/auth/login/,0.000000,0.000000,0,0,0,0,0,0,0,0,0,0,0,1,0,208,208.0,208,208,2961.0
1637165164,1,POST,/auth/login/,0.000000,0.000000,0,0,0,0,0,0,0,0,0,0,0,72,0,740,730.2083333333334,103,2490,10299.402777777777
1637165164,1,GET,/auth/logout/,0.000000,0.000000,97,97,97,97,97,97,97,97,97,97,97,72,0,170,227.36111111111111,10,2509,1712.0
1637165164,1,POST,/auth/modify-friend/,0.600000,0.000000,120,120,140,140,200,200,200,200,200,200,200,430,0,190,225.0418604651163,30,4340,1713.0
1637165164,1,GET,/public/,0.500000,0.000000,160,160,290,290,3000,3000,3000,3000,3000,3000,3000,430,0,240,284.1697674418605,64,3015,10210.118604651163
1637165164,1,,Aggregated,2.900000,0.000000,120,160,180,200,340,450,3000,3000,3000,3000,3000,2492,0,220,284.4209470304976,10,6255,5696.5100321027285
1637165165,1,GET,/,1.000000,0.000000,140,180,200,310,360,360,360,360,360,360,360,537,0,250,323.31657355679704,61,6255,10387.314711359404
1637165165,1,POST,/,0.300000,0.000000,450,450,1000,1000,1000,1000,1000,1000,1000,1000,1000,90,0,520,554.7777777777778,143,2223,10281.68888888889
1637165165,1,GET,/auth/find-friends/,1.000000,0.000000,110,120,140,140,140,180,180,180,180,180,180,860,0,190,229.2,24,3952,1974.0
1637165165,1,GET,/auth/login/,0.000000,0.000000,0,0,0,0,0,0,0,0,0,0,0,1,0,208,208.0,208,208,2961.0
1637165165,1,POST,/auth/login/,0.000000,0.000000,510,510,510,510,510,510,510,510,510,510,510,73,0,740,727.1643835616438,103,2490,10302.90410958904
1637165165,1,GET,/auth/logout/,0.000000,0.000000,380,380,380,380,380,380,380,380,380,380,380,73,0,190,229.45205479452054,10,2509,1712.0
1637165165,1,POST,/auth/modify-friend/,0.500000,0.000000,120,120,140,140,200,200,200,200,200,200,200,430,0,190,225.0418604651163,30,4340,1713.0
1637165165,1,GET,/public/,0.500000,0.000000,160,160,290,290,3000,3000,3000,3000,3000,3000,3000,430,0,240,284.1697674418605,64,3015,10210.118604651163
1637165165,1,,Aggregated,3.300000,0.000000,130,160,180,200,380,510,3000,3000,3000,3000,3000,2494,0,220,284.54891740176424,10,6255,5696.860465116279
1637165166,1,GET,/,1.000000,0.000000,130,140,180,200,310,310,310,310,310,310,310,537,0,250,323.31657355679704,61,6255,10387.314711359404
1637165166,1,POST,/,0.200000,0.000000,450,450,450,450,450,450,450,450,450,450,450,90,0,520,554.7777777777778,143,2223,10281.68888888889
1637165166,1,GET,/auth/find-friends/,1.200000,0.000000,110,120,140,140,140,180,180,180,180,180,180,860,0,190,229.2,24,3952,1974.0
1637165166,1,GET,/auth/login/,0.000000,0.000000,0,0,0,0,0,0,0,0,0,0,0,1,0,208,208.0,208,208,2961.0
1637165166,1,POST,/auth/login/,0.000000,0.000000,510,510,510,510,510,510,510,510,510,510,510,74,0,720,722.6756756756756,103,2490,10303.972972972973
1637165166,1,GET,/auth/logout/,0.100000,0.000000,380,380,380,380,380,380,380,380,380,380,380,73,0,190,229.45205479452054,10,2509,1712.0
1637165166,1,POST,/auth/modify-friend/,0.600000,0.000000,120,120,140,140,200,200,200,200,200,200,200,430,0,190,225.0418604651163,30,4340,1713.0
1637165166,1,GET,/public/,0.600000,0.000000,160,160,290,290,3000,3000,3000,3000,3000,3000,3000,430,0,240,284.1697674418605,64,3015,10210.118604651163
1637165166,1,,Aggregated,3.700000,0.000000,130,160,200,290,400,510,3000,3000,3000,3000,3000,2495,0,220,284.5931863727455,10,6255,5698.7382765531065
1637165167,1,GET,/,0.900000,0.000000,130,140,180,200,310,310,310,310,310,310,310,537,0,250,323.31657355679704,61,6255,10387.314711359404
1637165167,1,POST,/,0.200000,0.000000,450,450,450,450,450,450,450,450,450,450,450,90,0,520,554.7777777777778,143,2223,10281.68888888889
1637165167,1,GET,/auth/find-friends/,1.200000,0.000000,120,120,140,220,520,520,520,520,520,520,520,862,0,190,229.53016241299304,24,3952,1974.0
1637165167,1,GET,/auth/login/,0.000000,0.000000,0,0,0,0,0,0,0,0,0,0,0,1,0,208,208.0,208,208,2961.0
1637165167,1,POST,/auth/login/,0.100000,0.000000,510,510,510,510,510,510,510,510,510,510,510,74,0,720,722.6756756756756,103,2490,10303.972972972973
1637165167,1,GET,/auth/logout/,0.200000,0.000000,380,380,380,380,380,380,380,380,380,380,380,73,0,190,229.45205479452054,10,2509,1712.0
1637165167,1,POST,/auth/modify-friend/,0.600000,0.000000,120,140,140,200,200,200,200,200,200,200,200,430,0,190,225.0418604651163,30,4340,1713.0
1637165167,1,GET,/public/,0.600000,0.000000,160,260,260,290,290,290,290,290,290,290,290,431,0,240,284.122969837587,64,3015,10209.965197215777
1637165167,1,,Aggregated,3.800000,0.000000,140,200,260,310,400,510,520,520,520,520,520,2498,0,220,284.6545236188951,10,6255,5697.535628502802
1637165168,1,GET,/,0.900000,0.000000,130,140,180,200,250,250,250,250,250,250,250,538,0,250,323.1747211895911,61,6255,10387.197026022304
1637165168,1,POST,/,0.200000,0.000000,450,450,520,520,520,520,520,520,520,520,520,91,0,520,554.4395604395604,143,2223,10282.901098901099
1637165168,1,GET,/auth/find-friends/,1.200000,0.000000,120,140,220,220,520,520,520,520,520,520,520,862,0,190,229.53016241299304,24,3952,1974.0
1637165168,1,GET,/auth/login/,0.000000,0.000000,0,0,0,0,0,0,0,0,0,0,0,1,0,208,208.0,208,208,2961.0
1637165168,1,POST,/auth/login/,0.100000,0.000000,510,510,510,510,510,510,510,510,510,510,510,74,0,720,722.6756756756756,103,2490,10303.972972972973
1637165168,1,GET,/auth/logout/,0.200000,0.000000,380,380,380,380,380,380,380,380,380,380,380,73,0,190,229.45205479452054,10,2509,1712.0
1637165168,1,POST,/auth/modify-friend/,0.600000,0.000000,120,140,140,210,210,210,210,210,210,210,210,431,0,190,224.99767981438515,30,4340,1713.0
1637165168,1,GET,/public/,0.600000,0.000000,160,160,260,260,260,260,260,260,260,260,260,431,0,240,284.122969837587,64,3015,10209.965197215777
1637165168,1,,Aggregated,3.800000,0.000000,140,200,250,340,450,520,520,520,520,520,520,2501,0,220,284.70371851259495,10,6255,5699.6693322670935
1637165169,1,GET,/,0.900000,0.000000,130,140,170,200,250,250,250,250,250,250,250,539,0,250,322.89239332096474,61,6255,10387.094619666048
1637165169,1,POST,/,0.200000,0.000000,450,450,520,520,520,520,520,520,520,520,520,91,0,520,554.4395604395604,143,2223,10282.901098901099
1637165169,1,GET,/auth/find-friends/,1.200000,0.000000,120,120,140,220,520,520,520,520,520,520,520,864,0,190,229.16203703703704,24,3952,1974.0
1637165169,1,GET,/auth/login/,0.000000,0.000000,0,0,0,0,0,0,0,0,0,0,0,1,0,208,208.0,208,208,2961.0
1637165169,1,POST,/auth/login/,0.100000,0.000000,510,510,510,510,510,510,510,510,510,510,510,74,0,720,722.6756756756756,103,2490,10303.972972972973
1637165169,1,GET,/auth/logout/,0.200000,0.000000,380,380,380,380,380,380,380,380,380,380,380,73,0,190,229.45205479452054,10,2509,1712.0
1637165169,1,POST,/auth/modify-friend/,0.600000,0.000000,140,140,170,170,210,210,210,210,210,210,210,432,0,190,224.86574074074073,30,4340,1713.0
1637165169,1,GET,/public/,0.600000,0.000000,160,160,160,260,260,260,260,260,260,260,260,432,0,240,283.7291666666667,64,3015,10209.898148148148
1637165169,1,,Aggregated,3.800000,0.000000,160,210,260,340,450,520,520,520,520,520,520,2506,0,220,284.37270550678375,10,6255,5698.741819632881
1637165170,1,GET,/,1.000000,0.000000,130,140,170,170,250,250,250,250,250,250,250,539,0,250,322.89239332096474,61,6255,10387.094619666048
1637165170,1,POST,/,0.200000,0.000000,520,520,550,550,550,550,550,550,550,550,550,92,0,520,554.4130434782609,143,2223,10284.673913043478
1637165170,1,GET,/auth/find-friends/,1.000000,0.000000,140,220,220,250,520,520,520,520,520,520,520,866,0,190,229.16859122401848,24,3952,1974.0
1637165170,1,GET,/auth/login/,0.000000,0.000000,0,0,0,0,0,0,0,0,0,0,0,1,0,208,208.0,208,208,2961.0
1637165170,1,POST,/auth/login/,0.200000,0.000000,510,510,510,510,510,510,510,510,510,510,510,74,0,720,722.6756756756756,103,2490,10303.972972972973
1637165170,1,GET,/auth/logout/,0.200000,0.000000,380,380,380,380,380,380,380,380,380,380,380,73,0,190,229.45205479452054,10,2509,1712.0
1637165170,1,POST,/auth/modify-friend/,0.600000,0.000000,170,210,210,280,280,280,280,280,280,280,280,433,0,190,224.98152424942262,30,4340,1713.0
1637165170,1,GET,/public/,0.500000,0.000000,160,170,170,260,260,260,260,260,260,260,260,433,0,240,283.47344110854505,64,3015,10209.655889145497
1637165170,1,,Aggregated,3.700000,0.000000,160,220,250,280,510,520,550,550,550,550,550,2511,0,220,284.389486260454,10,6255,5697.833134209478
1637165171,1,GET,/,1.000000,0.000000,170,210,210,250,250,250,250,250,250,250,250,540,0,250,322.68518518518516,61,6255,10386.796296296296
1637165171,1,POST,/,0.200000,0.000000,520,520,550,550,550,550,550,550,550,550,550,92,0,520,554.4130434782609,143,2223,10284.673913043478
1637165171,1,GET,/auth/find-friends/,1.000000,0.000000,180,220,220,250,520,520,520,520,520,520,520,867,0,190,229.10957324106113,24,3952,1974.0
1637165171,1,GET,/auth/login/,0.000000,0.000000,0,0,0,0,0,0,0,0,0,0,0,1,0,208,208.0,208,208,2961.0
1637165171,1,POST,/auth/login/,0.200000,0.000000,510,510,510,510,510,510,510,510,510,510,510,74,0,720,722.6756756756756,103,2490,10303.972972972973
1637165171,1,GET,/auth/logout/,0.200000,0.000000,380,380,380,380,380,380,380,380,380,380,380,73,0,190,229.45205479452054,10,2509,1712.0
1637165171,1,POST,/auth/modify-friend/,0.600000,0.000000,210,210,280,280,280,280,280,280,280,280,280,433,0,190,224.98152424942262,30,4340,1713.0
1637165171,1,GET,/public/,0.500000,0.000000,170,260,260,420,420,420,420,420,420,420,420,434,0,240,283.778801843318,64,3015,10209.198156682027
1637165171,1,,Aggregated,3.700000,0.000000,210,250,280,400,520,520,550,550,550,550,550,2514,0,220,284.3703261734288,10,6255,5699.868735083533
1637165172,1,GET,/,1.000000,0.000000,170,210,210,250,250,250,250,250,250,250,250,540,0,250,322.68518518518516,61,6255,10386.796296296296
1637165172,1,POST,/,0.300000,0.000000,520,520,550,550,550,550,550,550,550,550,550,92,0,520,554.4130434782609,143,2223,10284.673913043478
1637165172,1,GET,/auth/find-friends/,1.000000,0.000000,220,220,250,310,520,520,520,520,520,520,520,868,0,190,229.20276497695852,24,3952,1974.0
1637165172,1,GET,/auth/login/,0.000000,0.000000,0,0,0,0,0,0,0,0,0,0,0,1,0,208,208.0,208,208,2961.0
1637165172,1,POST,/auth/login/,0.200000,0.000000,510,510,510,510,510,510,510,510,510,510,510,74,0,720,722.6756756756756,103,2490,10303.972972972973
1637165172,1,GET,/auth/logout/,0.200000,0.000000,100,100,380,380,380,380,380,380,380,380,380,74,0,170,227.7027027027027,10,2509,1712.0
1637165172,1,POST,/auth/modify-friend/,0.600000,0.000000,170,210,210,280,280,280,280,280,280,280,280,434,0,190,224.83870967741936,30,4340,1713.0
1637165172,1,GET,/public/,0.500000,0.000000,170,260,260,420,420,420,420,420,420,420,420,434,0,240,283.778801843318,64,3015,10209.198156682027
1637165172,1,,Aggregated,3.800000,0.000000,210,250,310,380,510,520,550,550,550,550,550,2517,0,220,284.259038537942,10,6255,5695.220103297576
1637165173,1,GET,/,0.900000,0.000000,210,210,250,250,340,340,340,340,340,340,340,541,0,250,322.720887245841,61,6255,10386.746765249538
1637165173,1,POST,/,0.200000,0.000000,520,520,550,550,550,550,550,550,550,550,550,92,0,520,554.4130434782609,143,2223,10284.673913043478
1637165173,1,GET,/auth/find-friends/,1.100000,0.000000,220,220,250,310,520,520,520,520,520,520,520,868,0,190,229.20276497695852,24,3952,1974.0
1637165173,1,GET,/auth/login/,0.000000,0.000000,0,0,0,0,0,0,0,0,0,0,0,1,0,208,208.0,208,208,2961.0
1637165173,1,POST,/auth/login/,0.200000,0.000000,400,400,510,510,510,510,510,510,510,510,510,75,0,720,717.6,103,2490,10305.173333333334
1637165173,1,GET,/auth/logout/,0.200000,0.000000,380,380,380,380,380,380,380,380,380,380,380,74,0,170,227.7027027027027,10,2509,1712.0
1637165173,1,POST,/auth/modify-friend/,0.500000,0.000000,170,210,210,280,280,280,280,280,280,280,280,434,0,190,224.83870967741936,30,4340,1713.0
1637165173,1,GET,/public/,0.600000,0.000000,170,260,260,420,420,420,420,420,420,420,420,434,0,240,283.778801843318,64,3015,10209.198156682027
1637165173,1,,Aggregated,3.700000,0.000000,250,310,380,400,520,520,550,550,550,550,550,2519,0,220,284.30488289003574,10,6255,5698.937276697102
1637165174,1,GET,/,0.500000,0.000000,250,260,280,280,340,340,340,340,340,340,340,545,0,250,322.1137614678899,61,6255,10387.54862385321
1637165174,1,POST,/,0.200000,0.000000,550,550,550,550,550,550,550,550,550,550,550,92,0,520,554.4130434782609,143,2223,10284.673913043478
1637165174,1,GET,/auth/find-friends/,1.000000,0.000000,220,250,310,310,520,520,520,520,520,520,520,868,0,190,229.20276497695852,24,3952,1974.0
1637165174,1,GET,/auth/login/,0.000000,0.000000,0,0,0,0,0,0,0,0,0,0,0,1,0,208,208.0,208,208,2961.0
1637165174,1,POST,/auth/login/,0.200000,0.000000,400,400,510,510,510,510,510,510,510,510,510,75,0,720,717.6,103,2490,10305.173333333334
1637165174,1,GET,/auth/logout/,0.300000,0.000000,380,380,380,380,380,380,380,380,380,380,380,74,0,170,227.7027027027027,10,2509,1712.0
1637165174,1,POST,/auth/modify-friend/,0.500000,0.000000,210,210,280,280,280,280,280,280,280,280,280,434,0,190,224.83870967741936,30,4340,1713.0
1637165174,1,GET,/public/,0.500000,0.000000,260,260,420,420,420,420,420,420,420,420,420,434,0,240,283.778801843318,64,3015,10209.198156682027
1637165174,1,,Aggregated,3.200000,0.000000,250,280,340,380,510,520,550,550,550,550,550,2523,0,220,284.23464130003964,10,6255,5706.542608006342
1637165175,1,GET,/,0.500000,0.000000,240,250,260,280,340,340,340,340,340,340,340,546,0,250,321.96153846153845,61,6255,10387.732600732601
1637165175,1,POST,/,0.200000,0.000000,550,550,550,550,550,550,550,550,550,550,550,92,0,520,554.4130434782609,143,2223,10284.673913043478
1637165175,1,GET,/auth/find-friends/,1.000000,0.000000,220,250,310,310,520,520,520,520,520,520,520,868,0,190,229.20276497695852,24,3952,1974.0
1637165175,1,GET,/auth/login/,0.000000,0.000000,0,0,0,0,0,0,0,0,0,0,0,1,0,208,208.0,208,208,2961.0
1637165175,1,POST,/auth/login/,0.200000,0.000000,400,400,400,400,400,400,400,400,400,400,400,75,0,720,717.6,103,2490,10305.173333333334
1637165175,1,GET,/auth/logout/,0.300000,0.000000,380,380,380,380,380,380,380,380,380,380,380,74,0,170,227.7027027027027,10,2509,1712.0
1637165175,1,POST,/auth/modify-friend/,0.500000,0.000000,210,210,280,280,280,280,280,280,280,280,280,434,0,190,224.83870967741936,30,4340,1713.0
1637165175,1,GET,/public/,0.500000,0.000000,260,260,420,420,420,420,420,420,420,420,420,434,0,240,283.778801843318,64,3015,10209.198156682027
1637165175,1,,Aggregated,3.200000,0.000000,240,260,310,340,520,520,550,550,550,550,550,2524,0,220,284.21671949286844,10,6255,5708.437004754358
1637165176,1,GET,/,0.600000,0.000000,240,250,260,280,340,340,340,340,340,340,340,547,0,250,321.5941499085923,61,6255,10387.855575868372
1637165176,1,POST,/,0.200000,0.000000,550,550,970,970,970,970,970,970,970,970,970,93,0,530,558.9139784946236,143,2223,10285.666666666666
1637165176,1,GET,/auth/find-friends/,0.800000,0.000000,180,220,250,310,520,520,520,520,520,520,520,870,0,190,228.9609195402299,24,3952,1974.0
1637165176,1,GET,/auth/login/,0.000000,0.000000,0,0,0,0,0,0,0,0,0,0,0,1,0,208,208.0,208,208,2961.0
1637165176,1,POST,/auth/login/,0.300000,0.000000,400,400,400,400,400,400,400,400,400,400,400,75,0,720,717.6,103,2490,10305.173333333334
1637165176,1,GET,/auth/logout/,0.200000,0.000000,380,380,380,380,380,380,380,380,380,380,380,74,0,170,227.7027027027027,10,2509,1712.0
1637165176,1,POST,/auth/modify-friend/,0.400000,0.000000,170,210,210,280,280,280,280,280,280,280,280,435,0,190,224.48505747126435,30,4340,1713.0
1637165176,1,GET,/public/,0.400000,0.000000,260,260,370,370,420,420,420,420,420,420,420,436,0,240,283.61238532110093,64,3015,10208.855504587156
1637165176,1,,Aggregated,2.900000,0.000000,220,260,310,340,520,550,970,970,970,970,970,2531,0,220,284.1845120505729,10,6255,5711.124851837219
1637165177,1,GET,/,0.900000,0.000000,240,260,280,340,420,420,420,420,420,420,420,548,0,250,321.771897810219,61,6255,10388.114963503649
1637165177,1,POST,/,0.200000,0.000000,550,550,970,970,970,970,970,970,970,970,970,93,0,530,558.9139784946236,143,2223,10285.666666666666
1637165177,1,GET,/auth/find-friends/,0.800000,0.000000,130,180,220,250,310,310,310,310,310,310,310,872,0,190,228.704128440367,24,3952,1974.0
1637165177,1,GET,/auth/login/,0.000000,0.000000,0,0,0,0,0,0,0,0,0,0,0,1,0,208,208.0,208,208,2961.0
1637165177,1,POST,/auth/login/,0.200000,0.000000,400,400,400,400,400,400,400,400,400,400,400,75,0,720,717.6,103,2490,10305.173333333334
1637165177,1,GET,/auth/logout/,0.100000,0.000000,100,100,100,100,100,100,100,100,100,100,100,74,0,170,227.7027027027027,10,2509,1712.0
1637165177,1,POST,/auth/modify-friend/,0.400000,0.000000,160,170,170,280,280,280,280,280,280,280,280,436,0,190,224.3302752293578,30,4340,1713.0
1637165177,1,GET,/public/,0.400000,0.000000,180,180,370,370,420,420,420,420,420,420,420,437,0,240,283.37986270022884,64,3015,10209.064073226544
1637165177,1,,Aggregated,3.000000,0.000000,180,250,310,340,420,550,970,970,970,970,970,2536,0,220,284.0153785488959,10,6255,5710.310725552051
1637165178,1,GET,/,0.900000,0.000000,240,240,280,280,340,420,420,420,420,420,420,550,0,240,321.20545454545453,61,6255,10388.703636363636
1637165178,1,POST,/,0.300000,0.000000,970,970,970,970,970,970,970,970,970,970,970,93,0,530,558.9139784946236,143,2223,10285.666666666666
1637165178,1,GET,/auth/find-friends/,0.900000,0.000000,130,130,220,220,250,310,310,310,310,310,310,876,0,190,228.09360730593608,24,3952,1974.0
1637165178,1,GET,/auth/login/,0.000000,0.000000,0,0,0,0,0,0,0,0,0,0,0,1,0,208,208.0,208,208,2961.0
1637165178,1,POST,/auth/login/,0.200000,0.000000,400,400,400,400,400,400,400,400,400,400,400,75,0,720,717.6,103,2490,10305.173333333334
1637165178,1,GET,/auth/logout/,0.100000,0.000000,100,100,100,100,100,100,100,100,100,100,100,74,0,170,227.7027027027027,10,2509,1712.0
1637165178,1,POST,/auth/modify-friend/,0.400000,0.000000,160,160,170,170,280,280,280,280,280,280,280,438,0,190,223.62328767123287,30,4340,1713.0
1637165178,1,GET,/public/,0.500000,0.000000,180,180,370,370,420,420,420,420,420,420,420,438,0,240,283.11415525114154,64,3015,10209.271689497717
1637165178,1,,Aggregated,3.300000,0.000000,170,240,280,310,420,550,970,970,970,970,970,2545,0,220,283.41100196463657,10,6255,5706.90373280943
1637165179,1,GET,/,1.000000,0.000000,180,240,260,280,340,420,420,420,420,420,420,554,0,240,319.66425992779784,61,6255,10390.061371841155
1637165179,1,POST,/,0.300000,0.000000,970,970,970,970,970,970,970,970,970,970,970,93,0,530,558.9139784946236,143,2223,10285.666666666666
1637165179,1,GET,/auth/find-friends/,1.100000,0.000000,120,130,130,130,180,310,310,310,310,310,310,878,0,190,227.8496583143508,24,3952,1974.0
1637165179,1,GET,/auth/login/,0.000000,0.000000,0,0,0,0,0,0,0,0,0,0,0,1,0,208,208.0,208,208,2961.0
1637165179,1,POST,/auth/login/,0.100000,0.000000,340,340,340,340,340,340,340,340,340,340,340,75,0,720,717.6,103,2490,10305.173333333334
1637165179,1,GET,/auth/logout/,0.100000,0.000000,100,100,100,100,100,100,100,100,100,100,100,74,0,170,227.7027027027027,10,2509,1712.0
1637165179,1,POST,/auth/modify-friend/,0.600000,0.000000,92,160,160,160,280,280,280,280,280,280,280,439,0,190,223.3234624145786,30,4340,1713.0
1637165179,1,GET,/public/,0.500000,0.000000,180,180,370,370,420,420,420,420,420,420,420,439,0,240,282.7152619589977,64,3015,10209.451025056947
1637165179,1,,Aggregated,3.700000,0.000000,130,180,240,280,340,420,970,970,970,970,970,2553,0,220,282.86486486486484,10,6255,5711.839404622014
1637165180,1,GET,/,1.200000,0.000000,180,240,260,280,340,420,420,420,420,420,420,554,0,240,319.66425992779784,61,6255,10390.061371841155
1637165180,1,POST,/,0.300000,0.000000,970,970,970,970,970,970,970,970,970,970,970,93,0,530,558.9139784946236,143,2223,10285.666666666666
1637165180,1,GET,/auth/find-friends/,1.200000,0.000000,120,130,130,130,310,340,340,340,340,340,340,880,0,190,227.86477272727274,24,3952,1974.0
1637165180,1,GET,/auth/login/,0.000000,0.000000,0,0,0,0,0,0,0,0,0,0,0,1,0,208,208.0,208,208,2961.0
1637165180,1,POST,/auth/login/,0.100000,0.000000,340,340,340,340,340,340,340,340,340,340,340,75,0,720,717.6,103,2490,10305.173333333334
1637165180,1,GET,/auth/logout/,0.100000,0.000000,100,100,100,100,100,100,100,100,100,100,100,74,0,170,227.7027027027027,10,2509,1712.0
1637165180,1,POST,/auth/modify-friend/,0.600000,0.000000,92,160,160,160,270,270,270,270,270,270,270,440,0,190,223.43636363636364,30,4340,1713.0
1637165180,1,GET,/public/,0.600000,0.000000,180,200,370,370,420,420,420,420,420,420,420,440,0,240,282.52272727272725,64,3015,10209.34090909091
1637165180,1,,Aggregated,4.100000,0.000000,130,180,240,270,340,370,970,970,970,970,970,2557,0,220,282.789988267501,10,6255,5709.091904575675
1637165181,1,GET,/,1.400000,0.000000,180,260,280,280,360,420,420,420,420,420,420,557,0,240,319.3500897666068,61,6255,10389.491921005387
1637165181,1,POST,/,0.200000,0.000000,970,970,970,970,970,970,970,970,970,970,970,93,0,530,558.9139784946236,143,2223,10285.666666666666
1637165181,1,GET,/auth/find-friends/,1.200000,0.000000,120,130,130,130,310,340,340,340,340,340,340,880,0,190,227.86477272727274,24,3952,1974.0
1637165181,1,GET,/auth/login/,0.000000,0.000000,0,0,0,0,0,0,0,0,0,0,0,1,0,208,208.0,208,208,2961.0
1637165181,1,POST,/auth/login/,0.100000,0.000000,340,340,340,340,340,340,340,340,340,340,340,75,0,720,717.6,103,2490,10305.173333333334
1637165181,1,GET,/auth/logout/,0.100000,0.000000,100,100,100,100,100,100,100,100,100,100,100,74,0,170,227.7027027027027,10,2509,1712.0
1637165181,1,POST,/auth/modify-friend/,0.600000,0.000000,92,160,160,160,270,270,270,270,270,270,270,440,0,190,223.43636363636364,30,4340,1713.0
1637165181,1,GET,/public/,0.700000,0.000000,180,200,370,370,420,420,420,420,420,420,420,440,0,240,282.52272727272725,64,3015,10209.34090909091
1637165181,1,,Aggregated,4.300000,0.000000,130,180,260,280,340,370,970,970,970,970,970,2560,0,220,282.76484375,10,6255,5714.453515625
1637165182,1,GET,/,1.500000,0.000000,240,260,280,340,420,500,500,500,500,500,500,558,0,240,319.6774193548387,61,6255,10389.767025089606
1637165182,1,POST,/,0.100000,0.000000,970,970,970,970,970,970,970,970,970,970,970,93,0,530,558.9139784946236,143,2223,10285.666666666666
1637165182,1,GET,/auth/find-friends/,1.300000,0.000000,120,130,220,260,310,340,340,340,340,340,340,882,0,190,227.8968253968254,24,3952,1974.0
1637165182,1,GET,/auth/login/,0.000000,0.000000,0,0,0,0,0,0,0,0,0,0,0,1,0,208,208.0,208,208,2961.0
1637165182,1,POST,/auth/login/,0.100000,0.000000,340,340,340,340,340,340,340,340,340,340,340,75,0,720,717.6,103,2490,10305.173333333334
1637165182,1,GET,/auth/logout/,0.100000,0.000000,100,100,100,100,100,100,100,100,100,100,100,74,0,170,227.7027027027027,10,2509,1712.0
1637165182,1,POST,/auth/modify-friend/,0.700000,0.000000,160,160,230,230,270,270,270,270,270,270,270,441,0,190,223.4421768707483,30,4340,1713.0
1637165182,1,GET,/public/,0.700000,0.000000,170,180,200,200,370,370,370,370,370,370,370,441,0,240,282.2244897959184,64,3015,10209.319727891156
1637165182,1,,Aggregated,4.500000,0.000000,150,220,260,270,360,420,970,970,970,970,970,2565,0,220,282.7450292397661,10,6255,5713.608187134503
1637165183,1,GET,/,1.600000,0.000000,170,240,260,280,420,500,500,500,500,500,500,560,0,240,319.09285714285716,61,6255,10390.4
1637165183,1,POST,/,0.100000,0.000000,970,970,970,970,970,970,970,970,970,970,970,93,0,530,558.9139784946236,143,2223,10285.666666666666
1637165183,1,GET,/auth/find-friends/,1.300000,0.000000,120,130,220,220,260,340,340,340,340,340,340,884,0,190,227.77488687782807,24,3952,1974.0
1637165183,1,GET,/auth/login/,0.000000,0.000000,0,0,0,0,0,0,0,0,0,0,0,1,0,208,208.0,208,208,2961.0
1637165183,1,POST,/auth/login/,0.100000,0.000000,340,340,340,340,340,340,340,340,340,340,340,75,0,720,717.6,103,2490,10305.173333333334
1637165183,1,GET,/auth/logout/,0.100000,0.000000,100,100,100,100,100,100,100,100,100,100,100,74,0,170,227.7027027027027,10,2509,1712.0
1637165183,1,POST,/auth/modify-friend/,0.700000,0.000000,110,160,230,230,270,270,270,270,270,270,270,442,0,190,223.19230769230768,30,4340,1713.0
1637165183,1,GET,/public/,0.600000,0.000000,180,200,260,260,370,370,370,370,370,370,370,442,0,240,282.1651583710407,64,3015,10209.398190045249
1637165183,1,,Aggregated,4.500000,0.000000,140,180,240,260,360,420,970,970,970,970,970,2571,0,220,282.48541423570595,10,6255,5714.680669000389
1637165184,1,GET,/,1.800000,0.000000,180,260,350,360,500,580,580,580,580,580,580,563,0,240,319.39786856127887,61,6255,10391.669626998224
1637165184,1,POST,/,0.100000,0.000000,970,970,970,970,970,970,970,970,970,970,970,93,0,530,558.9139784946236,143,2223,10285.666666666666
1637165184,1,GET,/auth/find-friends/,1.200000,0.000000,120,130,220,220,260,340,340,340,340,340,340,884,0,190,227.77488687782807,24,3952,1974.0
1637165184,1,GET,/auth/login/,0.000000,0.000000,0,0,0,0,0,0,0,0,0,0,0,1,0,208,208.0,208,208,2961.0
1637165184,1,POST,/auth/login/,0.100000,0.000000,340,340,340,340,340,340,340,340,340,340,340,75,0,720,717.6,103,2490,10305.173333333334
1637165184,1,GET,/auth/logout/,0.000000,0.000000,100,100,100,100,100,100,100,100,100,100,100,74,0,170,227.7027027027027,10,2509,1712.0
1637165184,1,POST,/auth/modify-friend/,0.600000,0.000000,110,160,230,230,270,270,270,270,270,270,270,442,0,190,223.19230769230768,30,4340,1713.0
1637165184,1,GET,/public/,0.700000,0.000000,180,200,260,260,370,370,370,370,370,370,370,442,0,240,282.1651583710407,64,3015,10209.398190045249
1637165184,1,,Aggregated,4.500000,0.000000,140,200,250,270,370,500,970,970,970,970,970,2574,0,220,282.5947940947941,10,6255,5720.407925407925
1637165185,1,GET,/,1.800000,0.000000,170,200,350,360,500,580,580,580,580,580,580,565,0,240,318.8867256637168,61,6255,10392.453097345133
1637165185,1,POST,/,0.100000,0.000000,970,970,970,970,970,970,970,970,970,970,970,94,0,530,559.3297872340426,143,2223,10289.54255319149
1637165185,1,GET,/auth/find-friends/,1.400000,0.000000,120,130,220,250,260,340,340,340,340,340,340,884,0,190,227.77488687782807,24,3952,1974.0
1637165185,1,GET,/auth/login/,0.000000,0.000000,0,0,0,0,0,0,0,0,0,0,0,1,0,208,208.0,208,208,2961.0
1637165185,1,POST,/auth/login/,0.000000,0.000000,340,340,340,340,340,340,340,340,340,340,340,75,0,720,717.6,103,2490,10305.173333333334
1637165185,1,GET,/auth/logout/,0.000000,0.000000,100,100,100,100,100,100,100,100,100,100,100,74,0,170,227.7027027027027,10,2509,1712.0
1637165185,1,POST,/auth/modify-friend/,0.700000,0.000000,110,160,230,230,270,270,270,270,270,270,270,442,0,190,223.19230769230768,30,4340,1713.0
1637165185,1,GET,/public/,0.800000,0.000000,170,180,200,200,260,260,260,260,260,260,260,442,0,240,282.1651583710407,64,3015,10209.398190045249
1637165185,1,,Aggregated,4.800000,0.000000,150,200,230,260,360,500,600,600,600,600,600,2577,0,220,282.6336825766395,10,6255,5726.117966627862
1637165186,1,GET,/,1.800000,0.000000,170,280,350,360,500,580,580,580,580,580,580,567,0,240,318.5273368606702,61,6255,10393.649029982364
1637165186,1,POST,/,0.100000,0.000000,970,970,970,970,970,970,970,970,970,970,970,94,0,530,559.3297872340426,143,2223,10289.54255319149
1637165186,1,GET,/auth/find-friends/,1.600000,0.000000,130,150,220,250,260,340,340,340,340,340,340,886,0,190,227.58916478555304,24,3952,1974.0
1637165186,1,GET,/auth/login/,0.000000,0.000000,0,0,0,0,0,0,0,0,0,0,0,1,0,208,208.0,208,208,2961.0
1637165186,1,POST,/auth/login/,0.000000,0.000000,340,340,340,340,340,340,340,340,340,340,340,75,0,720,717.6,103,2490,10305.173333333334
1637165186,1,GET,/auth/logout/,0.000000,0.000000,100,100,100,100,100,100,100,100,100,100,100,74,0,170,227.7027027027027,10,2509,1712.0
1637165186,1,POST,/auth/modify-friend/,0.800000,0.000000,110,150,230,230,270,270,270,270,270,270,270,443,0,190,223.02934537246048,30,4340,1713.0
1637165186,1,GET,/public/,0.800000,0.000000,180,200,200,200,260,260,260,260,260,260,260,443,0,240,281.9729119638826,64,3015,10210.255079006773
1637165186,1,,Aggregated,5.100000,0.000000,150,200,250,270,360,500,600,600,600,600,600,2583,0,220,282.39256678281066,10,6255,5727.417344173442
1637165187,1,GET,/,1.800000,0.000000,170,200,320,350,500,580,580,580,580,580,580,568,0,240,318.2218309859155,61,6255,10394.00528169014
1637165187,1,POST,/,0.100000,0.000000,970,970,970,970,970,970,970,970,970,970,970,94,0,530,559.3297872340426,143,2223,10289.54255319149
1637165187,1,GET,/auth/find-friends/,1.600000,0.000000,140,150,250,250,260,340,340,340,340,340,340,886,0,190,227.58916478555304,24,3952,1974.0
1637165187,1,GET,/auth/login/,0.000000,0.000000,0,0,0,0,0,0,0,0,0,0,0,1,0,208,208.0,208,208,2961.0
1637165187,1,POST,/auth/login/,0.000000,0.000000,340,340,340,340,340,340,340,340,340,340,340,75,0,720,717.6,103,2490,10305.173333333334
1637165187,1,GET,/auth/logout/,0.000000,0.000000,100,100,100,100,100,100,100,100,100,100,100,74,0,170,227.7027027027027,10,2509,1712.0
1637165187,1,POST,/auth/modify-friend/,0.800000,0.000000,150,150,230,230,270,270,270,270,270,270,270,443,0,190,223.02934537246048,30,4340,1713.0
1637165187,1,GET,/public/,0.800000,0.000000,200,200,200,200,260,260,260,260,260,260,260,443,0,240,281.9729119638826,64,3015,10210.255079006773
1637165187,1,,Aggregated,5.100000,0.000000,150,200,260,270,350,500,600,600,600,600,600,2584,0,220,282.3393962848297,10,6255,5729.301470588235
1637165188,1,GET,/,2.000000,0.000000,200,320,350,350,500,580,580,580,580,580,580,569,0,240,318.2214411247803,61,6255,10394.43409490334
1637165188,1,POST,/,0.100000,0.000000,970,970,1200,1200,1200,1200,1200,1200,1200,1200,1200,95,0,540,566.5684210526316,143,2223,10294.094736842106
1637165188,1,GET,/auth/find-friends/,1.500000,0.000000,150,220,250,260,340,340,340,340,340,340,340,886,0,190,227.58916478555304,24,3952,1974.0
1637165188,1,GET,/auth/login/,0.000000,0.000000,0,0,0,0,0,0,0,0,0,0,0,1,0,208,208.0,208,208,2961.0
1637165188,1,POST,/auth/login/,0.000000,0.000000,340,340,340,340,340,340,340,340,340,340,340,75,0,720,717.6,103,2490,10305.173333333334
1637165188,1,GET,/auth/logout/,0.000000,0.000000,100,100,100,100,100,100,100,100,100,100,100,74,0,170,227.7027027027027,10,2509,1712.0
1637165188,1,POST,/auth/modify-friend/,0.800000,0.000000,150,230,230,270,270,270,270,270,270,270,270,443,0,190,223.02934537246048,30,4340,1713.0
1637165188,1,GET,/public/,0.700000,0.000000,200,200,260,260,260,260,260,260,260,260,260,443,0,240,281.9729119638826,64,3015,10210.255079006773
1637165188,1,,Aggregated,5.100000,0.000000,200,260,280,320,500,600,1200,1200,1200,1200,1200,2586,0,220,282.72621809744777,10,6255,5733.130317092034
1637165189,1,GET,/,2.100000,0.000000,200,320,350,360,500,580,580,580,580,580,580,569,0,240,318.2214411247803,61,6255,10394.43409490334
1637165189,1,POST,/,0.100000,0.000000,970,970,1200,1200,1200,1200,1200,1200,1200,1200,1200,95,0,540,566.5684210526316,143,2223,10294.094736842106
1637165189,1,GET,/auth/find-friends/,1.400000,0.000000,250,260,340,340,630,630,630,630,630,630,630,887,0,190,228.03945885005638,24,3952,1974.0
1637165189,1,GET,/auth/login/,0.000000,0.000000,0,0,0,0,0,0,0,0,0,0,0,1,0,208,208.0,208,208,2961.0
1637165189,1,POST,/auth/login/,0.000000,0.000000,340,340,340,340,340,340,340,340,340,340,340,75,0,720,717.6,103,2490,10305.173333333334
1637165189,1,GET,/auth/logout/,0.000000,0.000000,0,0,0,0,0,0,0,0,0,0,0,74,0,170,227.7027027027027,10,2509,1712.0
1637165189,1,POST,/auth/modify-friend/,0.700000,0.000000,230,230,270,270,270,270,270,270,270,270,270,443,0,190,223.02934537246048,30,4340,1713.0
1637165189,1,GET,/public/,0.700000,0.000000,200,260,260,400,400,400,400,400,400,400,400,444,0,240,282.2454954954955,64,3015,10210.227477477478
1637165189,1,,Aggregated,5.000000,0.000000,230,280,340,360,580,630,1200,1200,1200,1200,1200,2588,0,220,282.90571870170015,10,6255,5733.403013910355
1637165190,1,GET,/,1.800000,0.000000,200,320,320,350,500,580,580,580,580,580,580,569,0,240,318.2214411247803,61,6255,10394.43409490334
1637165190,1,POST,/,0.100000,0.000000,1200,1200,1200,1200,1200,1200,1200,1200,1200,1200,1200,95,0,540,566.5684210526316,143,2223,10294.094736842106
1637165190,1,GET,/auth/find-friends/,1.200000,0.000000,250,260,340,630,720,720,720,720,720,720,720,888,0,190,228.59797297297297,24,3952,1974.0
1637165190,1,GET,/auth/login/,0.000000,0.000000,0,0,0,0,0,0,0,0,0,0,0,1,0,208,208.0,208,208,2961.0
1637165190,1,POST,/auth/login/,0.000000,0.000000,0,0,0,0,0,0,0,0,0,0,0,75,0,720,717.6,103,2490,10305.173333333334
1637165190,1,GET,/auth/logout/,0.000000,0.000000,0,0,0,0,0,0,0,0,0,0,0,74,0,170,227.7027027027027,10,2509,1712.0
1637165190,1,POST,/auth/modify-friend/,0.600000,0.000000,230,230,270,270,270,270,270,270,270,270,270,443,0,190,223.02934537246048,30,4340,1713.0
1637165190,1,GET,/public/,0.600000,0.000000,260,260,400,400,400,400,400,400,400,400,400,444,0,240,282.2454954954955,64,3015,10210.227477477478
1637165190,1,,Aggregated,4.300000,0.000000,230,280,350,500,630,720,1200,1200,1200,1200,1200,2589,0,220,283.07609115488606,10,6255,5731.950946311317
1637165191,1,GET,/,1.600000,0.000000,200,320,320,350,500,580,580,580,580,580,580,569,0,240,318.2214411247803,61,6255,10394.43409490334
1637165191,1,POST,/,0.200000,0.000000,1200,1200,1200,1200,1200,1200,1200,1200,1200,1200,1200,95,0,540,566.5684210526316,143,2223,10294.094736842106
1637165191,1,GET,/auth/find-friends/,1.000000,0.000000,250,260,630,630,720,720,720,720,720,720,720,888,0,190,228.59797297297297,24,3952,1974.0
1637165191,1,GET,/auth/login/,0.000000,0.000000,0,0,0,0,0,0,0,0,0,0,0,1,0,208,208.0,208,208,2961.0
1637165191,1,POST,/auth/login/,0.000000,0.000000,0,0,0,0,0,0,0,0,0,0,0,75,0,720,717.6,103,2490,10305.173333333334
1637165191,1,GET,/auth/logout/,0.000000,0.000000,0,0,0,0,0,0,0,0,0,0,0,74,0,170,227.7027027027027,10,2509,1712.0
1637165191,1,POST,/auth/modify-friend/,0.500000,0.000000,230,230,810,810,810,810,810,810,810,810,810,444,0,190,224.35135135135135,30,4340,1713.0
1637165191,1,GET,/public/,0.500000,0.000000,260,260,400,400,400,400,400,400,400,400,400,444,0,240,282.2454954954955,64,3015,10210.227477477478
1637165191,1,,Aggregated,3.800000,0.000000,230,320,400,580,720,810,1200,1200,1200,1200,1200,2590,0,220,283.2795366795367,10,6255,5730.399227799227
1637165192,1,GET,/,1.500000,0.000000,200,320,350,580,610,880,880,880,880,880,880,571,0,240,319.72329246935203,61,6255,10395.388791593696
1637165192,1,POST,/,0.200000,0.000000,1200,1200,1200,1200,1200,1200,1200,1200,1200,1200,1200,95,0,540,566.5684210526316,143,2223,10294.094736842106
1637165192,1,GET,/auth/find-friends/,0.800000,0.000000,250,250,630,630,720,720,720,720,720,720,720,888,0,190,228.59797297297297,24,3952,1974.0
1637165192,1,GET,/auth/login/,0.000000,0.000000,0,0,0,0,0,0,0,0,0,0,0,1,0,208,208.0,208,208,2961.0
1637165192,1,POST,/auth/login/,0.000000,0.000000,0,0,0,0,0,0,0,0,0,0,0,75,0,720,717.6,103,2490,10305.173333333334
1637165192,1,GET,/auth/logout/,0.000000,0.000000,0,0,0,0,0,0,0,0,0,0,0,74,0,170,227.7027027027027,10,2509,1712.0
1637165192,1,POST,/auth/modify-friend/,0.400000,0.000000,150,150,810,810,810,810,810,810,810,810,810,444,0,190,224.35135135135135,30,4340,1713.0
1637165192,1,GET,/public/,0.400000,0.000000,260,260,400,400,400,400,400,400,400,400,400,444,0,240,282.2454954954955,64,3015,10210.227477477478
1637165192,1,,Aggregated,3.300000,0.000000,250,400,600,610,810,880,1200,1200,1200,1200,1200,2592,0,220,283.63734567901236,10,6255,5734.208333333333
1637165193,1,GET,/,1.300000,0.000000,320,580,610,610,670,880,880,880,880,880,880,572,0,240,320.34090909090907,61,6255,10395.793706293707
1637165193,1,POST,/,0.200000,0.000000,1200,1200,1200,1200,1200,1200,1200,1200,1200,1200,1200,95,0,540,566.5684210526316,143,2223,10294.094736842106
1637165193,1,GET,/auth/find-friends/,0.800000,0.000000,250,250,630,630,720,720,720,720,720,720,720,888,0,190,228.59797297297297,24,3952,1974.0
1637165193,1,GET,/auth/login/,0.000000,0.000000,0,0,0,0,0,0,0,0,0,0,0,1,0,208,208.0,208,208,2961.0
1637165193,1,POST,/auth/login/,0.000000,0.000000,0,0,0,0,0,0,0,0,0,0,0,75,0,720,717.6,103,2490,10305.173333333334
1637165193,1,GET,/auth/logout/,0.000000,0.000000,0,0,0,0,0,0,0,0,0,0,0,74,0,170,227.7027027027027,10,2509,1712.0
1637165193,1,POST,/auth/modify-friend/,0.300000,0.000000,150,150,810,810,810,810,810,810,810,810,810,444,0,190,224.35135135135135,30,4340,1713.0
1637165193,1,GET,/public/,0.400000,0.000000,260,260,400,400,400,400,400,400,400,400,400,444,0,240,282.2454954954955,64,3015,10210.227477477478
1637165193,1,,Aggregated,3.000000,0.000000,320,600,630,670,810,880,1200,1200,1200,1200,1200,2593,0,220,283.787504820671,10,6255,5736.095256459699
1637165194,1,GET,/,1.200000,0.000000,440,610,670,810,880,880,880,880,880,880,880,574,0,240,321.397212543554,61,6255,10396.447735191638
1637165194,1,POST,/,0.200000,0.000000,1200,1200,1200,1200,1200,1200,1200,1200,1200,1200,1200,95,0,540,566.5684210526316,143,2223,10294.094736842106
1637165194,1,GET,/auth/find-friends/,0.800000,0.000000,630,630,720,720,720,720,720,720,720,720,720,888,0,190,228.59797297297297,24,3952,1974.0
1637165194,1,GET,/auth/login/,0.000000,0.000000,0,0,0,0,0,0,0,0,0,0,0,1,0,208,208.0,208,208,2961.0
1637165194,1,POST,/auth/login/,0.000000,0.000000,0,0,0,0,0,0,0,0,0,0,0,75,0,720,717.6,103,2490,10305.173333333334
1637165194,1,GET,/auth/logout/,0.000000,0.000000,0,0,0,0,0,0,0,0,0,0,0,74,0,170,227.7027027027027,10,2509,1712.0
1637165194,1,POST,/auth/modify-friend/,0.400000,0.000000,810,810,810,810,810,810,810,810,810,810,810,444,0,190,224.35135135135135,30,4340,1713.0
1637165194,1,GET,/public/,0.300000,0.000000,400,400,400,400,400,400,400,400,400,400,400,444,0,240,282.2454954954955,64,3015,10210.227477477478
1637165194,1,,Aggregated,2.900000,0.000000,440,630,720,810,880,1200,1200,1200,1200,1200,1200,2595,0,220,284.0493256262042,10,6255,5739.831213872832
1637165195,1,GET,/,1.300000,0.000000,610,670,810,810,880,880,880,880,880,880,880,574,0,240,321.397212543554,61,6255,10396.447735191638
1637165195,1,POST,/,0.200000,0.000000,1200,1200,1200,1200,1200,1200,1200,1200,1200,1200,1200,95,0,540,566.5684210526316,143,2223,10294.094736842106
1637165195,1,GET,/auth/find-friends/,0.600000,0.000000,370,630,630,720,720,720,720,720,720,720,720,889,0,190,228.7525309336333,24,3952,1974.0
1637165195,1,GET,/auth/login/,0.000000,0.000000,0,0,0,0,0,0,0,0,0,0,0,1,0,208,208.0,208,208,2961.0
1637165195,1,POST,/auth/login/,0.000000,0.000000,0,0,0,0,0,0,0,0,0,0,0,75,0,720,717.6,103,2490,10305.173333333334
1637165195,1,GET,/auth/logout/,0.000000,0.000000,0,0,0,0,0,0,0,0,0,0,0,74,0,170,227.7027027027027,10,2509,1712.0
1637165195,1,POST,/auth/modify-friend/,0.300000,0.000000,810,810,810,810,810,810,810,810,810,810,810,444,0,190,224.35135135135135,30,4340,1713.0
1637165195,1,GET,/public/,0.200000,0.000000,400,400,520,520,520,520,520,520,520,520,520,445,0,240,282.7865168539326,64,3015,10209.930337078651
1637165195,1,,Aggregated,2.600000,0.000000,440,630,720,810,880,1200,1200,1200,1200,1200,1200,2597,0,220,284.1728917982287,10,6255,5740.05159799769
1637165196,1,GET,/,1.100000,0.000000,440,610,670,810,880,880,880,880,880,880,880,575,0,250,321.5913043478261,61,6255,10396.558260869566
1637165196,1,POST,/,0.200000,0.000000,1200,1200,1200,1200,1200,1200,1200,1200,1200,1200,1200,95,0,540,566.5684210526316,143,2223,10294.094736842106
1637165196,1,GET,/auth/find-friends/,0.400000,0.000000,630,630,680,680,720,720,720,720,720,720,720,890,0,190,229.25955056179777,24,3952,1974.0
1637165196,1,GET,/auth/login/,0.000000,0.000000,0,0,0,0,0,0,0,0,0,0,0,1,0,208,208.0,208,208,2961.0
1637165196,1,POST,/auth/login/,0.000000,0.000000,0,0,0,0,0,0,0,0,0,0,0,75,0,720,717.6,103,2490,10305.173333333334
1637165196,1,GET,/auth/logout/,0.000000,0.000000,0,0,0,0,0,0,0,0,0,0,0,74,0,170,227.7027027027027,10,2509,1712.0
1637165196,1,POST,/auth/modify-friend/,0.200000,0.000000,300,300,810,810,810,810,810,810,810,810,810,445,0,190,224.53258426966292,30,4340,1713.0
1637165196,1,GET,/public/,0.200000,0.000000,400,400,520,520,520,520,520,520,520,520,520,445,0,240,282.7865168539326,64,3015,10209.930337078651
1637165196,1,,Aggregated,2.100000,0.000000,440,630,680,720,810,880,1200,1200,1200,1200,1200,2600,0,220,284.3903846153846,10,6255,5738.869615384616
1637165198,1,GET,/,1.000000,0.000000,610,670,810,810,880,880,880,880,880,880,880,575,0,250,321.5913043478261,61,6255,10396.558260869566
1637165198,1,POST,/,0.200000,0.000000,1200,1200,1200,1200,1200,1200,1200,1200,1200,1200,1200,96,0,540,570.0104166666666,143,2223,10297.5625
1637165198,1,GET,/auth/find-friends/,0.400000,0.000000,680,680,720,720,720,720,720,720,720,720,720,890,0,190,229.25955056179777,24,3952,1974.0
1637165198,1,GET,/auth/login/,0.000000,0.000000,0,0,0,0,0,0,0,0,0,0,0,1,0,208,208.0,208,208,2961.0
1637165198,1,POST,/auth/login/,0.000000,0.000000,0,0,0,0,0,0,0,0,0,0,0,75,0,720,717.6,103,2490,10305.173333333334
1637165198,1,GET,/auth/logout/,0.000000,0.000000,0,0,0,0,0,0,0,0,0,0,0,74,0,170,227.7027027027027,10,2509,1712.0
1637165198,1,POST,/auth/modify-friend/,0.200000,0.000000,810,810,810,810,810,810,810,810,810,810,810,445,0,190,224.53258426966292,30,4340,1713.0
1637165198,1,GET,/public/,0.300000,0.000000,520,520,520,520,520,520,520,520,520,520,520,445,0,240,282.7865168539326,64,3015,10209.930337078651
1637165198,1,,Aggregated,2.100000,0.000000,670,720,810,810,880,900,900,900,900,900,900,2601,0,220,284.6259131103422,10,6255,5740.748942714341
1637165199,1,GET,/,0.800000,0.000000,670,670,810,810,880,880,880,880,880,880,880,575,0,250,321.5913043478261,61,6255,10396.558260869566
1637165199,1,POST,/,0.100000,0.000000,1200,1200,1200,1200,1200,1200,1200,1200,1200,1200,1200,96,0,540,570.0104166666666,143,2223,10297.5625
1637165199,1,GET,/auth/find-friends/,0.500000,0.000000,680,680,720,720,720,720,720,720,720,720,720,891,0,190,229.59147025813692,24,3952,1974.0
1637165199,1,GET,/auth/login/,0.000000,0.000000,0,0,0,0,0,0,0,0,0,0,0,1,0,208,208.0,208,208,2961.0
1637165199,1,POST,/auth/login/,0.000000,0.000000,0,0,0,0,0,0,0,0,0,0,0,75,0,720,717.6,103,2490,10305.173333333334
1637165199,1,GET,/auth/logout/,0.000000,0.000000,0,0,0,0,0,0,0,0,0,0,0,74,0,170,227.7027027027027,10,2509,1712.0
1637165199,1,POST,/auth/modify-friend/,0.200000,0.000000,810,810,810,810,810,810,810,810,810,810,810,445,0,190,224.53258426966292,30,4340,1713.0
1637165199,1,GET,/public/,0.300000,0.000000,400,400,520,520,520,520,520,520,520,520,520,446,0,240,282.97982062780267,64,3015,10210.085201793721
1637165199,1,,Aggregated,1.900000,0.000000,610,680,810,810,880,900,900,900,900,900,900,2603,0,220,284.75067230119095,10,6255,5741.045332308874
1637165200,1,GET,/,0.700000,0.000000,670,670,810,810,880,880,880,880,880,880,880,575,0,250,321.5913043478261,61,6255,10396.558260869566
1637165200,1,POST,/,0.200000,0.000000,1200,1200,1200,1200,1200,1200,1200,1200,1200,1200,1200,96,0,540,570.0104166666666,143,2223,10297.5625
1637165200,1,GET,/auth/find-friends/,0.400000,0.000000,680,720,720,800,800,800,800,800,800,800,800,892,0,190,230.22533632286996,24,3952,1974.0
1637165200,1,GET,/auth/login/,0.000000,0.000000,0,0,0,0,0,0,0,0,0,0,0,1,0,208,208.0,208,208,2961.0
1637165200,1,POST,/auth/login/,0.000000,0.000000,0,0,0,0,0,0,0,0,0,0,0,75,0,720,717.6,103,2490,10305.173333333334
1637165200,1,GET,/auth/logout/,0.000000,0.000000,0,0,0,0,0,0,0,0,0,0,0,74,0,170,227.7027027027027,10,2509,1712.0
1637165200,1,POST,/auth/modify-friend/,0.200000,0.000000,660,660,810,810,810,810,810,810,810,810,810,446,0,190,225.49775784753362,30,4340,1713.0
1637165200,1,GET,/public/,0.200000,0.000000,400,400,520,520,520,520,520,520,520,520,520,446,0,240,282.97982062780267,64,3015,10210.085201793721
1637165200,1,,Aggregated,1.700000,0.000000,660,680,810,810,880,900,900,900,900,900,900,2605,0,220,285.0886756238004,10,6255,5738.052975047985
1637165201,1,GET,/,0.700000,0.000000,610,610,670,670,810,810,810,810,810,810,810,576,0,250,321.86631944444446,61,6255,10396.571180555555
1637165201,1,POST,/,0.200000,0.000000,1200,1200,1200,1200,1200,1200,1200,1200,1200,1200,1200,96,0,540,570.0104166666666,143,2223,10297.5625
1637165201,1,GET,/auth/find-friends/,0.400000,0.000000,680,720,720,800,800,800,800,800,800,800,800,892,0,190,230.22533632286996,24,3952,1974.0
1637165201,1,GET,/auth/login/,0.000000,0.000000,0,0,0,0,0,0,0,0,0,0,0,1,0,208,208.0,208,208,2961.0
1637165201,1,POST,/auth/login/,0.000000,0.000000,0,0,0,0,0,0,0,0,0,0,0,75,0,720,717.6,103,2490,10305.173333333334
1637165201,1,GET,/auth/logout/,0.000000,0.000000,0,0,0,0,0,0,0,0,0,0,0,74,0,170,227.7027027027027,10,2509,1712.0
1637165201,1,POST,/auth/modify-friend/,0.200000,0.000000,660,660,810,810,810,810,810,810,810,810,810,446,0,190,225.49775784753362,30,4340,1713.0
1637165201,1,GET,/public/,0.200000,0.000000,520,520,520,520,520,520,520,520,520,520,520,446,0,240,282.97982062780267,64,3015,10210.085201793721
1637165201,1,,Aggregated,1.700000,0.000000,520,660,680,800,810,900,900,900,900,900,900,2606,0,220,285.1634689178818,10,6255,5739.843438219494
1637165202,1,GET,/,0.600000,0.000000,600,600,670,670,810,810,810,810,810,810,810,577,0,250,322.34315424610054,61,6255,10396.48006932409
1637165202,1,POST,/,0.100000,0.000000,900,900,900,900,900,900,900,900,900,900,900,96,0,540,570.0104166666666,143,2223,10297.5625
1637165202,1,GET,/auth/find-friends/,0.500000,0.000000,680,680,800,800,800,800,800,800,800,800,800,892,0,190,230.22533632286996,24,3952,1974.0
1637165202,1,GET,/auth/login/,0.000000,0.000000,0,0,0,0,0,0,0,0,0,0,0,1,0,208,208.0,208,208,2961.0
1637165202,1,POST,/auth/login/,0.000000,0.000000,0,0,0,0,0,0,0,0,0,0,0,75,0,720,717.6,103,2490,10305.173333333334
1637165202,1,GET,/auth/logout/,0.000000,0.000000,0,0,0,0,0,0,0,0,0,0,0,74,0,170,227.7027027027027,10,2509,1712.0
1637165202,1,POST,/auth/modify-friend/,0.200000,0.000000,660,660,810,810,810,810,810,810,810,810,810,446,0,190,225.49775784753362,30,4340,1713.0
1637165202,1,GET,/public/,0.200000,0.000000,520,520,740,740,740,740,740,740,740,740,740,447,0,240,283.9910514541387,64,3015,10209.619686800896
1637165202,1,,Aggregated,1.600000,0.000000,600,670,740,740,810,900,900,900,900,900,900,2608,0,220,285.45552147239266,10,6255,5743.243098159509
1637165203,1,GET,/,0.600000,0.000000,480,600,600,810,810,810,810,810,810,810,810,577,0,250,322.34315424610054,61,6255,10396.48006932409
1637165203,1,POST,/,0.100000,0.000000,900,900,900,900,900,900,900,900,900,900,900,96,0,540,570.0104166666666,143,2223,10297.5625
1637165203,1,GET,/auth/find-friends/,0.500000,0.000000,580,580,680,680,800,800,800,800,800,800,800,894,0,190,230.96196868008948,24,3952,1974.0
1637165203,1,GET,/auth/login/,0.000000,0.000000,0,0,0,0,0,0,0,0,0,0,0,1,0,208,208.0,208,208,2961.0
1637165203,1,POST,/auth/login/,0.000000,0.000000,0,0,0,0,0,0,0,0,0,0,0,75,0,720,717.6,103,2490,10305.173333333334
1637165203,1,GET,/auth/logout/,0.000000,0.000000,0,0,0,0,0,0,0,0,0,0,0,74,0,170,227.7027027027027,10,2509,1712.0
1637165203,1,POST,/auth/modify-friend/,0.200000,0.000000,660,660,660,660,660,660,660,660,660,660,660,446,0,190,225.49775784753362,30,4340,1713.0
1637165203,1,GET,/public/,0.200000,0.000000,520,520,740,740,740,740,740,740,740,740,740,447,0,240,283.9910514541387,64,3015,10209.619686800896
1637165203,1,,Aggregated,1.600000,0.000000,540,660,680,740,810,900,900,900,900,900,900,2610,0,220,285.6655172413793,10,6255,5740.354789272031
1637165204,1,GET,/,0.700000,0.000000,480,600,600,810,810,810,810,810,810,810,810,577,0,250,322.34315424610054,61,6255,10396.48006932409
1637165204,1,POST,/,0.100000,0.000000,900,900,900,900,900,900,900,900,900,900,900,96,0,540,570.0104166666666,143,2223,10297.5625
1637165204,1,GET,/auth/find-friends/,0.400000,0.000000,580,580,680,680,800,800,800,800,800,800,800,894,0,190,230.96196868008948,24,3952,1974.0
1637165204,1,GET,/auth/login/,0.000000,0.000000,0,0,0,0,0,0,0,0,0,0,0,1,0,208,208.0,208,208,2961.0
1637165204,1,POST,/auth/login/,0.000000,0.000000,0,0,0,0,0,0,0,0,0,0,0,75,0,720,717.6,103,2490,10305.173333333334
1637165204,1,GET,/auth/logout/,0.000000,0.000000,0,0,0,0,0,0,0,0,0,0,0,74,0,170,227.7027027027027,10,2509,1712.0
1637165204,1,POST,/auth/modify-friend/,0.300000,0.000000,560,560,660,660,660,660,660,660,660,660,660,447,0,190,226.24384787472036,30,4340,1713.0
1637165204,1,GET,/public/,0.200000,0.000000,520,520,740,740,740,740,740,740,740,740,740,447,0,240,283.9910514541387,64,3015,10209.619686800896
1637165204,1,,Aggregated,1.700000,0.000000,560,600,680,740,800,900,900,900,900,900,900,2611,0,220,285.7702029873612,10,6255,5738.812332439678
1637165205,1,GET,/,0.700000,0.000000,600,600,670,670,670,670,670,670,670,670,670,578,0,250,322.93771626297575,61,6255,10396.617647058823
1637165205,1,POST,/,0.100000,0.000000,900,900,900,900,900,900,900,900,900,900,900,96,0,540,570.0104166666666,143,2223,10297.5625
1637165205,1,GET,/auth/find-friends/,0.400000,0.000000,580,680,680,800,800,800,800,800,800,800,800,894,0,190,230.96196868008948,24,3952,1974.0
1637165205,1,GET,/auth/login/,0.000000,0.000000,0,0,0,0,0,0,0,0,0,0,0,1,0,208,208.0,208,208,2961.0
1637165205,1,POST,/auth/login/,0.000000,0.000000,0,0,0,0,0,0,0,0,0,0,0,75,0,720,717.6,103,2490,10305.173333333334
1637165205,1,GET,/auth/logout/,0.000000,0.000000,530,530,530,530,530,530,530,530,530,530,530,75,0,190,231.72,10,2509,1712.0
1637165205,1,POST,/auth/modify-friend/,0.200000,0.000000,560,560,660,660,660,660,660,660,660,660,660,447,0,190,226.24384787472036,30,4340,1713.0
1637165205,1,GET,/public/,0.300000,0.000000,520,520,740,740,740,740,740,740,740,740,740,447,0,240,283.9910514541387,64,3015,10209.619686800896
1637165205,1,,Aggregated,1.700000,0.000000,580,660,680,680,800,900,900,900,900,900,900,2613,0,220,286.0088021431305,10,6255,5739.084194412552
1637165206,1,GET,/,0.700000,0.000000,600,600,670,670,670,670,670,670,670,670,670,578,0,250,322.93771626297575,61,6255,10396.617647058823
1637165206,1,POST,/,0.100000,0.000000,900,900,900,900,900,900,900,900,900,900,900,96,0,540,570.0104166666666,143,2223,10297.5625
1637165206,1,GET,/auth/find-friends/,0.400000,0.000000,580,680,680,800,800,800,800,800,800,800,800,894,0,190,230.96196868008948,24,3952,1974.0
1637165206,1,GET,/auth/login/,0.000000,0.000000,0,0,0,0,0,0,0,0,0,0,0,1,0,208,208.0,208,208,2961.0
1637165206,1,POST,/auth/login/,0.000000,0.000000,0,0,0,0,0,0,0,0,0,0,0,75,0,720,717.6,103,2490,10305.173333333334
1637165206,1,GET,/auth/logout/,0.000000,0.000000,530,530,530,530,530,530,530,530,530,530,530,75,0,190,231.72,10,2509,1712.0
1637165206,1,POST,/auth/modify-friend/,0.200000,0.000000,560,560,660,660,660,660,660,660,660,660,660,447,0,190,226.24384787472036,30,4340,1713.0
1637165206,1,GET,/public/,0.300000,0.000000,740,740,740,740,740,740,740,740,740,740,740,447,0,240,283.9910514541387,64,3015,10209.619686800896
1637165206,1,,Aggregated,1.700000,0.000000,580,660,670,740,800,900,900,900,900,900,900,2613,0,220,286.0088021431305,10,6255,5739.084194412552
1637165207,1,GET,/,0.400000,0.000000,600,600,670,670,670,670,670,670,670,670,670,578,0,250,322.93771626297575,61,6255,10396.617647058823
1637165207,1,POST,/,0.100000,0.000000,900,900,900,900,900,900,900,900,900,900,900,96,0,540,570.0104166666666,143,2223,10297.5625
1637165207,1,GET,/auth/find-friends/,0.600000,0.000000,540,580,580,800,800,800,800,800,800,800,800,895,0,190,231.1094972067039,24,3952,1974.0
1637165207,1,GET,/auth/login/,0.000000,0.000000,0,0,0,0,0,0,0,0,0,0,0,1,0,208,208.0,208,208,2961.0
1637165207,1,POST,/auth/login/,0.000000,0.000000,710,710,710,710,710,710,710,710,710,710,710,76,0,710,717.5,103,2490,10304.894736842105
1637165207,1,GET,/auth/logout/,0.100000,0.000000,530,530,530,530,530,530,530,530,530,530,530,75,0,190,231.72,10,2509,1712.0
1637165207,1,POST,/auth/modify-friend/,0.300000,0.000000,560,560,660,660,660,660,660,660,660,660,660,447,0,190,226.24384787472036,30,4340,1713.0
1637165207,1,GET,/public/,0.200000,0.000000,370,370,740,740,740,740,740,740,740,740,740,448,0,240,284.06026785714283,64,3015,10209.20982142857
1637165207,1,,Aggregated,1.700000,0.000000,560,600,670,710,740,800,800,800,800,800,800,2616,0,220,286.21139143730886,10,6255,5741.0210244648315
1637165208,1,GET,/,0.400000,0.000000,600,600,670,670,670,670,670,670,670,670,670,578,0,250,322.93771626297575,61,6255,10396.617647058823
1637165208,1,POST,/,0.100000,0.000000,900,900,900,900,900,900,900,900,900,900,900,96,0,540,570.0104166666666,143,2223,10297.5625
1637165208,1,GET,/auth/find-friends/,0.600000,0.000000,580,630,630,800,800,800,800,800,800,800,800,896,0,190,231.55022321428572,24,3952,1974.0
1637165208,1,GET,/auth/login/,0.000000,0.000000,0,0,0,0,0,0,0,0,0,0,0,1,0,208,208.0,208,208,2961.0
1637165208,1,POST,/auth/login/,0.000000,0.000000,710,710,710,710,710,710,710,710,710,710,710,76,0,710,717.5,103,2490,10304.894736842105
1637165208,1,GET,/auth/logout/,0.100000,0.000000,530,530,530,530,530,530,530,530,530,530,530,75,0,190,231.72,10,2509,1712.0
1637165208,1,POST,/auth/modify-friend/,0.300000,0.000000,560,560,660,660,660,660,660,660,660,660,660,448,0,190,226.1875,30,4340,1713.0
1637165208,1,GET,/public/,0.200000,0.000000,370,370,740,740,740,740,740,740,740,740,740,448,0,240,284.06026785714283,64,3015,10209.20982142857
1637165208,1,,Aggregated,1.700000,0.000000,580,630,670,710,740,800,800,800,800,800,800,2618,0,220,286.30863254392665,10,6255,5738.043544690603
1637165209,1,GET,/,0.300000,0.000000,600,600,670,670,670,670,670,670,670,670,670,579,0,250,323.0224525043178,61,6255,10395.915371329878
1637165209,1,POST,/,0.100000,0.000000,900,900,900,900,900,900,900,900,900,900,900,96,0,540,570.0104166666666,143,2223,10297.5625
1637165209,1,GET,/auth/find-friends/,0.400000,0.000000,580,630,630,800,800,800,800,800,800,800,800,896,0,190,231.55022321428572,24,3952,1974.0
1637165209,1,GET,/auth/login/,0.000000,0.000000,0,0,0,0,0,0,0,0,0,0,0,1,0,208,208.0,208,208,2961.0
1637165209,1,POST,/auth/login/,0.100000,0.000000,710,710,710,710,710,710,710,710,710,710,710,76,0,710,717.5,103,2490,10304.894736842105
1637165209,1,GET,/auth/logout/,0.100000,0.000000,530,530,530,530,530,530,530,530,530,530,530,75,0,190,231.72,10,2509,1712.0
1637165209,1,POST,/auth/modify-friend/,0.200000,0.000000,560,560,660,660,660,660,660,660,660,660,660,448,0,190,226.1875,30,4340,1713.0
1637165209,1,GET,/public/,0.300000,0.000000,740,740,760,760,760,760,760,760,760,760,760,449,0,240,285.12026726057906,64,3015,10208.559020044544
1637165209,1,,Aggregated,1.500000,0.000000,580,630,670,670,740,760,760,760,760,760,760,2620,0,220,286.5221374045802,10,6255,5741.261450381679
1637165210,1,GET,/,0.300000,0.000000,600,600,670,670,670,670,670,670,670,670,670,579,0,250,323.0224525043178,61,6255,10395.915371329878
1637165210,1,POST,/,0.000000,0.000000,900,900,900,900,900,900,900,900,900,900,900,96,0,540,570.0104166666666,143,2223,10297.5625
1637165210,1,GET,/auth/find-friends/,0.600000,0.000000,540,540,580,580,630,630,630,630,630,630,630,898,0,190,231.60579064587972,24,3952,1974.0
1637165210,1,GET,/auth/login/,0.000000,0.000000,0,0,0,0,0,0,0,0,0,0,0,1,0,208,208.0,208,208,2961.0
1637165210,1,POST,/auth/login/,0.100000,0.000000,710,710,710,710,710,710,710,710,710,710,710,76,0,710,717.5,103,2490,10304.894736842105
1637165210,1,GET,/auth/logout/,0.100000,0.000000,530,530,530,530,530,530,530,530,530,530,530,75,0,190,231.72,10,2509,1712.0
1637165210,1,POST,/auth/modify-friend/,0.300000,0.000000,560,560,660,660,660,660,660,660,660,660,660,449,0,190,226.51670378619153,30,4340,1713.0
1637165210,1,GET,/public/,0.300000,0.000000,740,740,760,760,760,760,760,760,760,760,760,449,0,240,285.12026726057906,64,3015,10208.559020044544
1637165210,1,,Aggregated,1.700000,0.000000,540,600,630,670,740,760,760,760,760,760,760,2623,0,220,286.53259626382004,10,6255,5736.853221502097
1637165211,1,GET,/,0.400000,0.000000,600,600,670,670,670,670,670,670,670,670,670,580,0,250,323.33103448275864,61,6255,10395.791379310345
1637165211,1,POST,/,0.000000,0.000000,900,900,900,900,900,900,900,900,900,900,900,96,0,540,570.0104166666666,143,2223,10297.5625
1637165211,1,GET,/auth/find-friends/,0.500000,0.000000,360,540,580,580,630,630,630,630,630,630,630,900,0,190,231.46666666666667,24,3952,1974.0
1637165211,1,GET,/auth/login/,0.000000,0.000000,0,0,0,0,0,0,0,0,0,0,0,1,0,208,208.0,208,208,2961.0
1637165211,1,POST,/auth/login/,0.100000,0.000000,710,710,710,710,710,710,710,710,710,710,710,76,0,710,717.5,103,2490,10304.894736842105
1637165211,1,GET,/auth/logout/,0.100000,0.000000,530,530,530,530,530,530,530,530,530,530,530,75,0,190,231.72,10,2509,1712.0
1637165211,1,POST,/auth/modify-friend/,0.300000,0.000000,370,370,560,560,560,560,560,560,560,560,560,450,0,190,226.46666666666667,30,4340,1713.0
1637165211,1,GET,/public/,0.200000,0.000000,740,740,760,760,760,760,760,760,760,760,760,450,0,240,285.06,64,3015,10208.351111111111
1637165211,1,,Aggregated,1.600000,0.000000,370,540,580,630,710,760,760,760,760,760,760,2628,0,220,286.4828767123288,10,6255,5735.869863013699
1637165212,1,GET,/,0.400000,0.000000,380,380,500,500,670,670,670,670,670,670,670,583,0,250,323.04631217838767,61,6255,10396.303602058319
1637165212,1,POST,/,0.000000,0.000000,900,900,900,900,900,900,900,900,900,900,900,96,0,540,570.0104166666666,143,2223,10297.5625
1637165212,1,GET,/auth/find-friends/,0.600000,0.000000,360,540,580,580,630,630,630,630,630,630,630,900,0,190,231.46666666666667,24,3952,1974.0
1637165212,1,GET,/auth/login/,0.000000,0.000000,0,0,0,0,0,0,0,0,0,0,0,1,0,208,208.0,208,208,2961.0
1637165212,1,POST,/auth/login/,0.100000,0.000000,710,710,710,710,710,710,710,710,710,710,710,76,0,710,717.5,103,2490,10304.894736842105
1637165212,1,GET,/auth/logout/,0.100000,0.000000,530,530,530,530,530,530,530,530,530,530,530,75,0,190,231.72,10,2509,1712.0
1637165212,1,POST,/auth/modify-friend/,0.300000,0.000000,370,370,560,560,560,560,560,560,560,560,560,450,0,190,226.46666666666667,30,4340,1713.0
1637165212,1,GET,/public/,0.300000,0.000000,740,740,760,760,760,760,760,760,760,760,760,450,0,240,285.06,64,3015,10208.351111111111
1637165212,1,,Aggregated,1.800000,0.000000,360,380,530,560,670,710,760,760,760,760,760,2631,0,220,286.4618015963512,10,6255,5741.2968453059675
1637165213,1,GET,/,0.400000,0.000000,380,380,500,500,670,670,670,670,670,670,670,583,0,250,323.04631217838767,61,6255,10396.303602058319
1637165213,1,POST,/,0.000000,0.000000,900,900,900,900,900,900,900,900,900,900,900,96,0,540,570.0104166666666,143,2223,10297.5625
1637165213,1,GET,/auth/find-friends/,0.700000,0.000000,360,360,540,580,630,630,630,630,630,630,630,902,0,190,231.6319290465632,24,3952,1974.0
1637165213,1,GET,/auth/login/,0.000000,0.000000,0,0,0,0,0,0,0,0,0,0,0,1,0,208,208.0,208,208,2961.0
1637165213,1,POST,/auth/login/,0.100000,0.000000,710,710,710,710,710,710,710,710,710,710,710,76,0,710,717.5,103,2490,10304.894736842105
1637165213,1,GET,/auth/logout/,0.100000,0.000000,530,530,530,530,530,530,530,530,530,530,530,75,0,190,231.72,10,2509,1712.0
1637165213,1,POST,/auth/modify-friend/,0.300000,0.000000,370,370,560,560,560,560,560,560,560,560,560,450,0,190,226.46666666666667,30,4340,1713.0
1637165213,1,GET,/public/,0.400000,0.000000,320,320,760,760,760,760,760,760,760,760,760,451,0,240,285.119733924612,64,3015,10208.654101995566
1637165213,1,,Aggregated,2.000000,0.000000,320,370,500,530,670,710,760,760,760,760,760,2634,0,220,286.4863325740319,10,6255,5740.184130599848
1637165214,1,GET,/,0.500000,0.000000,380,380,500,500,670,670,670,670,670,670,670,583,0,250,323.04631217838767,61,6255,10396.303602058319
1637165214,1,POST,/,0.000000,0.000000,900,900,900,900,900,900,900,900,900,900,900,96,0,540,570.0104166666666,143,2223,10297.5625
1637165214,1,GET,/auth/find-friends/,0.800000,0.000000,270,270,360,360,630,630,630,630,630,630,630,903,0,200,231.672203765227,24,3952,1974.0
1637165214,1,GET,/auth/login/,0.000000,0.000000,0,0,0,0,0,0,0,0,0,0,0,1,0,208,208.0,208,208,2961.0
1637165214,1,POST,/auth/login/,0.100000,0.000000,710,710,710,710,710,710,710,710,710,710,710,76,0,710,717.5,103,2490,10304.894736842105
1637165214,1,GET,/auth/logout/,0.100000,0.000000,530,530,530,530,530,530,530,530,530,530,530,75,0,190,231.72,10,2509,1712.0
1637165214,1,POST,/auth/modify-friend/,0.400000,0.000000,370,440,440,560,560,560,560,560,560,560,560,451,0,190,226.9379157427938,30,4340,1713.0
1637165214,1,GET,/public/,0.300000,0.000000,320,440,440,760,760,760,760,760,760,760,760,452,0,240,285.46238938053096,64,3015,10209.192477876106
1637165214,1,,Aggregated,2.200000,0.000000,360,380,440,500,670,710,760,760,760,760,760,2637,0,220,286.5953735305271,10,6255,5739.015547971179
1637165215,1,GET,/,0.600000,0.000000,380,380,500,500,670,670,670,670,670,670,670,583,0,250,323.04631217838767,61,6255,10396.303602058319
1637165215,1,POST,/,0.000000,0.000000,0,0,0,0,0,0,0,0,0,0,0,96,0,540,570.0104166666666,143,2223,10297.5625
1637165215,1,GET,/auth/find-friends/,0.700000,0.000000,270,270,360,360,630,630,630,630,630,630,630,904,0,200,231.70907079646017,24,3952,1974.0
1637165215,1,GET,/auth/login/,0.000000,0.000000,0,0,0,0,0,0,0,0,0,0,0,1,0,208,208.0,208,208,2961.0
1637165215,1,POST,/auth/login/,0.100000,0.000000,710,710,710,710,710,710,710,710,710,710,710,76,0,710,717.5,103,2490,10304.894736842105
1637165215,1,GET,/auth/logout/,0.100000,0.000000,530,530,530,530,530,530,530,530,530,530,530,75,0,190,231.72,10,2509,1712.0
1637165215,1,POST,/auth/modify-friend/,0.400000,0.000000,370,440,440,990,990,990,990,990,990,990,990,452,0,190,228.63053097345133,30,4340,1713.0
1637165215,1,GET,/public/,0.400000,0.000000,320,440,440,760,760,760,760,760,760,760,760,452,0,240,285.46238938053096,64,3015,10209.192477876106
1637165215,1,,Aggregated,2.300000,0.000000,320,370,440,440,710,760,990,990,990,990,990,2639,0,220,286.85449033724893,10,6255,5736.06328154604
1637165216,1,GET,/,0.600000,0.000000,370,380,380,500,500,500,500,500,500,500,500,583,0,250,323.04631217838767,61,6255,10396.303602058319
1637165216,1,POST,/,0.000000,0.000000,0,0,0,0,0,0,0,0,0,0,0,96,0,540,570.0104166666666,143,2223,10297.5625
1637165216,1,GET,/auth/find-friends/,0.800000,0.000000,270,270,360,360,360,630,630,630,630,630,630,906,0,200,231.82450331125827,24,3952,1974.0
1637165216,1,GET,/auth/login/,0.000000,0.000000,0,0,0,0,0,0,0,0,0,0,0,1,0,208,208.0,208,208,2961.0
1637165216,1,POST,/auth/login/,0.100000,0.000000,710,710,710,710,710,710,710,710,710,710,710,76,0,710,717.5,103,2490,10304.894736842105
1637165216,1,GET,/auth/logout/,0.100000,0.000000,530,530,530,530,530,530,530,530,530,530,530,75,0,190,231.72,10,2509,1712.0
1637165216,1,POST,/auth/modify-friend/,0.400000,0.000000,370,440,440,990,990,990,990,990,990,990,990,452,0,190,228.63053097345133,30,4340,1713.0
1637165216,1,GET,/public/,0.500000,0.000000,340,340,440,440,760,760,760,760,760,760,760,453,0,240,285.59381898454745,64,3015,10209.973509933774
1637165216,1,,Aggregated,2.500000,0.000000,310,360,380,440,630,760,990,990,990,990,990,2642,0,220,286.8743376230129,10,6255,5735.042392127177
1637165217,1,GET,/,0.500000,0.000000,370,370,380,380,500,500,500,500,500,500,500,584,0,250,322.98116438356163,61,6255,10396.597602739726
1637165217,1,POST,/,0.000000,0.000000,0,0,0,0,0,0,0,0,0,0,0,97,0,540,570.7731958762887,143,2223,10301.969072164948
1637165217,1,GET,/auth/find-friends/,1.000000,0.000000,270,270,360,360,360,630,630,630,630,630,630,906,0,200,231.82450331125827,24,3952,1974.0
1637165217,1,GET,/auth/login/,0.000000,0.000000,0,0,0,0,0,0,0,0,0,0,0,1,0,208,208.0,208,208,2961.0
1637165217,1,POST,/auth/login/,0.100000,0.000000,710,710,710,710,710,710,710,710,710,710,710,76,0,710,717.5,103,2490,10304.894736842105
1637165217,1,GET,/auth/logout/,0.000000,0.000000,530,530,530,530,530,530,530,530,530,530,530,75,0,190,231.72,10,2509,1712.0
1637165217,1,POST,/auth/modify-friend/,0.400000,0.000000,370,370,440,440,990,990,990,990,990,990,990,453,0,190,228.5121412803532,30,4340,1713.0
1637165217,1,GET,/public/,0.500000,0.000000,340,440,440,760,760,760,760,760,760,760,760,453,0,240,285.59381898454745,64,3015,10209.973509933774
1637165217,1,,Aggregated,2.500000,0.000000,280,360,380,440,640,760,990,990,990,990,990,2645,0,220,286.9663516068053,10,6255,5737.235538752363
1637165218,1,GET,/,0.500000,0.000000,280,370,380,380,500,500,500,500,500,500,500,585,0,250,322.8239316239316,61,6255,10397.249572649573
1637165218,1,POST,/,0.000000,0.000000,640,640,640,640,640,640,640,640,640,640,640,97,0,540,570.7731958762887,143,2223,10301.969072164948
1637165218,1,GET,/auth/find-friends/,1.000000,0.000000,260,270,270,320,360,360,360,360,360,360,360,906,0,200,231.82450331125827,24,3952,1974.0
1637165218,1,GET,/auth/login/,0.000000,0.000000,0,0,0,0,0,0,0,0,0,0,0,1,0,208,208.0,208,208,2961.0
1637165218,1,POST,/auth/login/,0.100000,0.000000,710,710,710,710,710,710,710,710,710,710,710,76,0,710,717.5,103,2490,10304.894736842105
1637165218,1,GET,/auth/logout/,0.000000,0.000000,530,530,530,530,530,530,530,530,530,530,530,75,0,190,231.72,10,2509,1712.0
1637165218,1,POST,/auth/modify-friend/,0.500000,0.000000,370,440,440,990,990,990,990,990,990,990,990,453,0,190,228.5121412803532,30,4340,1713.0
1637165218,1,GET,/public/,0.600000,0.000000,440,440,620,620,760,760,760,760,760,760,760,454,0,240,286.3303964757709,64,3015,10210.848017621145
1637165218,1,,Aggregated,2.700000,0.000000,280,360,440,440,640,760,990,990,990,990,990,2647,0,230,287.0710238005289,10,6255,5740.979599546657
1637165219,1,GET,/,0.600000,0.000000,280,280,380,380,500,500,500,500,500,500,500,585,0,250,322.8239316239316,61,6255,10397.249572649573
1637165219,1,POST,/,0.000000,0.000000,640,640,640,640,640,640,640,640,640,640,640,97,0,540,570.7731958762887,143,2223,10301.969072164948
1637165219,1,GET,/auth/find-friends/,1.200000,0.000000,250,270,300,300,320,360,360,360,360,360,360,909,0,200,231.80308030803081,24,3952,1974.0
1637165219,1,GET,/auth/login/,0.000000,0.000000,0,0,0,0,0,0,0,0,0,0,0,1,0,208,208.0,208,208,2961.0
1637165219,1,POST,/auth/login/,0.000000,0.000000,710,710,710,710,710,710,710,710,710,710,710,76,0,710,717.5,103,2490,10304.894736842105
1637165219,1,GET,/auth/logout/,0.000000,0.000000,530,530,530,530,530,530,530,530,530,530,530,75,0,190,231.72,10,2509,1712.0
1637165219,1,POST,/auth/modify-friend/,0.600000,0.000000,370,370,440,440,990,990,990,990,990,990,990,454,0,190,228.48678414096915,30,4340,1713.0
1637165219,1,GET,/public/,0.500000,0.000000,340,340,440,440,620,620,620,620,620,620,620,455,0,240,286.14725274725276,64,3015,10211.487912087912
1637165219,1,,Aggregated,2.900000,0.000000,270,320,370,440,620,640,990,990,990,990,990,2652,0,220,286.94306184012066,10,6255,5736.994720965309
1637165220,1,GET,/,0.700000,0.000000,230,270,280,280,380,380,380,380,380,380,380,588,0,250,322.0442176870748,61,6255,10398.367346938776
1637165220,1,POST,/,0.100000,0.000000,640,640,640,640,640,640,640,640,640,640,640,97,0,540,570.7731958762887,143,2223,10301.969072164948
1637165220,1,GET,/auth/find-friends/,1.000000,0.000000,250,270,300,300,320,360,360,360,360,360,360,910,0,200,231.75714285714287,24,3952,1974.0
1637165220,1,GET,/auth/login/,0.000000,0.000000,0,0,0,0,0,0,0,0,0,0,0,1,0,208,208.0,208,208,2961.0
1637165220,1,POST,/auth/login/,0.000000,0.000000,710,710,710,710,710,710,710,710,710,710,710,76,0,710,717.5,103,2490,10304.894736842105
1637165220,1,GET,/auth/logout/,0.000000,0.000000,530,530,530,530,530,530,530,530,530,530,530,75,0,190,231.72,10,2509,1712.0
1637165220,1,POST,/auth/modify-friend/,0.500000,0.000000,260,260,440,440,990,990,990,990,990,990,990,455,0,190,228.56043956043956,30,4340,1713.0
1637165220,1,GET,/public/,0.500000,0.000000,340,340,440,440,620,620,620,620,620,620,620,455,0,240,286.14725274725276,64,3015,10211.487912087912
1637165220,1,,Aggregated,2.800000,0.000000,260,300,340,360,440,640,990,990,990,990,990,2657,0,220,286.76514866390664,10,6255,5739.573202860369
1637165221,1,GET,/,0.600000,0.000000,230,230,280,280,380,380,380,380,380,380,380,588,0,250,322.0442176870748,61,6255,10398.367346938776
1637165221,1,POST,/,0.100000,0.000000,640,640,640,640,640,640,640,640,640,640,640,97,0,540,570.7731958762887,143,2223,10301.969072164948
1637165221,1,GET,/auth/find-friends/,1.200000,0.000000,250,260,300,300,320,360,360,360,360,360,360,912,0,200,231.46162280701753,24,3952,1974.0
1637165221,1,GET,/auth/login/,0.000000,0.000000,0,0,0,0,0,0,0,0,0,0,0,1,0,208,208.0,208,208,2961.0
1637165221,1,POST,/auth/login/,0.000000,0.000000,710,710,710,710,710,710,710,710,710,710,710,76,0,710,717.5,103,2490,10304.894736842105
1637165221,1,GET,/auth/logout/,0.000000,0.000000,530,530,530,530,530,530,530,530,530,530,530,76,0,170,229.8684210526316,10,2509,1712.0
1637165221,1,POST,/auth/modify-friend/,0.500000,0.000000,260,410,440,440,990,990,990,990,990,990,990,456,0,190,228.94956140350877,30,4340,1713.0
1637165221,1,GET,/public/,0.600000,0.000000,340,340,440,440,620,620,620,620,620,620,620,456,0,240,285.9188596491228,64,3015,10211.787280701754
1637165221,1,,Aggregated,3.000000,0.000000,260,310,360,380,440,640,990,990,990,990,990,2662,0,220,286.55447032306535,10,6255,5735.449661908339
1637165222,1,GET,/,0.600000,0.000000,230,230,280,280,380,380,380,380,380,380,380,588,0,250,322.0442176870748,61,6255,10398.367346938776
1637165222,1,POST,/,0.100000,0.000000,640,640,640,640,640,640,640,640,640,640,640,97,0,540,570.7731958762887,143,2223,10301.969072164948
1637165222,1,GET,/auth/find-friends/,1.200000,0.000000,250,270,300,300,320,360,360,360,360,360,360,912,0,200,231.46162280701753,24,3952,1974.0
1637165222,1,GET,/auth/login/,0.000000,0.000000,0,0,0,0,0,0,0,0,0,0,0,1,0,208,208.0,208,208,2961.0
1637165222,1,POST,/auth/login/,0.000000,0.000000,710,710,710,710,710,710,710,710,710,710,710,76,0,710,717.5,103,2490,10304.894736842105
1637165222,1,GET,/auth/logout/,0.000000,0.000000,91,91,91,91,91,91,91,91,91,91,91,76,0,170,229.8684210526316,10,2509,1712.0
1637165222,1,POST,/auth/modify-friend/,0.500000,0.000000,410,410,440,440,990,990,990,990,990,990,990,456,0,190,228.94956140350877,30,4340,1713.0
1637165222,1,GET,/public/,0.600000,0.000000,340,440,440,620,620,620,620,620,620,620,620,456,0,240,285.9188596491228,64,3015,10211.787280701754
1637165222,1,,Aggregated,3.000000,0.000000,250,300,340,410,620,640,990,990,990,990,990,2662,0,220,286.55447032306535,10,6255,5735.449661908339
1637165223,1,GET,/,0.800000,0.000000,230,280,380,380,500,500,500,500,500,500,500,589,0,250,322.3480475382003,61,6255,10398.256366723259
1637165223,1,POST,/,0.100000,0.000000,640,640,640,640,640,640,640,640,640,640,640,97,0,540,570.7731958762887,143,2223,10301.969072164948
1637165223,1,GET,/auth/find-friends/,1.300000,0.000000,250,260,270,300,320,320,320,320,320,320,320,912,0,200,231.46162280701753,24,3952,1974.0
1637165223,1,GET,/auth/login/,0.000000,0.000000,0,0,0,0,0,0,0,0,0,0,0,1,0,208,208.0,208,208,2961.0
1637165223,1,POST,/auth/login/,0.000000,0.000000,800,800,800,800,800,800,800,800,800,800,800,77,0,720,718.6103896103896,103,2490,10307.0
1637165223,1,GET,/auth/logout/,0.000000,0.000000,91,91,91,91,91,91,91,91,91,91,91,76,0,170,229.8684210526316,10,2509,1712.0
1637165223,1,POST,/auth/modify-friend/,0.600000,0.000000,410,410,440,440,990,990,990,990,990,990,990,456,0,190,228.94956140350877,30,4340,1713.0
1637165223,1,GET,/public/,0.600000,0.000000,340,440,440,620,620,620,620,620,620,620,620,456,0,240,285.9188596491228,64,3015,10211.787280701754
1637165223,1,,Aggregated,3.400000,0.000000,250,280,340,410,640,800,990,990,990,990,990,2664,0,220,286.8288288288288,10,6255,5738.951576576576
1637165224,1,GET,/,0.600000,0.000000,230,280,500,500,570,570,570,570,570,570,570,590,0,250,322.7661016949153,61,6255,10398.077966101695
1637165224,1,POST,/,0.100000,0.000000,640,640,640,640,640,640,640,640,640,640,640,97,0,540,570.7731958762887,143,2223,10301.969072164948
1637165224,1,GET,/auth/find-friends/,1.200000,0.000000,250,260,270,300,320,320,320,320,320,320,320,912,0,200,231.46162280701753,24,3952,1974.0
1637165224,1,GET,/auth/login/,0.000000,0.000000,0,0,0,0,0,0,0,0,0,0,0,1,0,208,208.0,208,208,2961.0
1637165224,1,POST,/auth/login/,0.000000,0.000000,800,800,800,800,800,800,800,800,800,800,800,77,0,720,718.6103896103896,103,2490,10307.0
1637165224,1,GET,/auth/logout/,0.100000,0.000000,91,91,91,91,91,91,91,91,91,91,91,76,0,170,229.8684210526316,10,2509,1712.0
1637165224,1,POST,/auth/modify-friend/,0.600000,0.000000,260,410,410,990,990,990,990,990,990,990,990,456,0,190,228.94956140350877,30,4340,1713.0
1637165224,1,GET,/public/,0.600000,0.000000,340,340,620,620,620,620,620,620,620,620,620,456,0,240,285.9188596491228,64,3015,10211.787280701754
1637165224,1,,Aggregated,3.200000,0.000000,230,300,410,500,640,800,990,990,990,990,990,2665,0,220,286.9347091932458,10,6255,5740.660412757974
1637165225,1,GET,/,0.500000,0.000000,280,500,540,540,570,570,570,570,570,570,570,591,0,250,323.1269035532995,61,6255,10397.900169204739
1637165225,1,POST,/,0.100000,0.000000,640,640,640,640,640,640,640,640,640,640,640,97,0,540,570.7731958762887,143,2223,10301.969072164948
1637165225,1,GET,/auth/find-friends/,1.100000,0.000000,210,250,300,320,320,320,320,320,320,320,320,913,0,200,231.55750273822562,24,3952,1974.0
1637165225,1,GET,/auth/login/,0.000000,0.000000,0,0,0,0,0,0,0,0,0,0,0,1,0,208,208.0,208,208,2961.0
1637165225,1,POST,/auth/login/,0.000000,0.000000,800,800,800,800,800,800,800,800,800,800,800,77,0,720,718.6103896103896,103,2490,10307.0
1637165225,1,GET,/auth/logout/,0.100000,0.000000,91,91,91,91,91,91,91,91,91,91,91,76,0,170,229.8684210526316,10,2509,1712.0
1637165225,1,POST,/auth/modify-friend/,0.600000,0.000000,260,260,410,410,410,410,410,410,410,410,410,456,0,190,228.94956140350877,30,4340,1713.0
1637165225,1,GET,/public/,0.500000,0.000000,340,500,500,620,620,620,620,620,620,620,620,457,0,240,286.38293216630194,64,3015,10211.192560175055
1637165225,1,,Aggregated,2.900000,0.000000,250,320,500,500,620,640,800,800,800,800,800,2668,0,220,287.1191904047976,10,6255,5742.528860569715
1637165226,1,GET,/,0.600000,0.000000,230,500,540,540,570,570,570,570,570,570,570,591,0,250,323.1269035532995,61,6255,10397.900169204739
1637165226,1,POST,/,0.100000,0.000000,640,640,640,640,640,640,640,640,640,640,640,97,0,540,570.7731958762887,143,2223,10301.969072164948
1637165226,1,GET,/auth/find-friends/,1.000000,0.000000,250,300,320,320,340,340,340,340,340,340,340,914,0,200,231.67943107221006,24,3952,1974.0
1637165226,1,GET,/auth/login/,0.000000,0.000000,0,0,0,0,0,0,0,0,0,0,0,1,0,208,208.0,208,208,2961.0
1637165226,1,POST,/auth/login/,0.100000,0.000000,800,800,800,800,800,800,800,800,800,800,800,77,0,720,718.6103896103896,103,2490,10307.0
1637165226,1,GET,/auth/logout/,0.100000,0.000000,91,91,91,91,91,91,91,91,91,91,91,76,0,170,229.8684210526316,10,2509,1712.0
1637165226,1,POST,/auth/modify-friend/,0.500000,0.000000,260,410,410,420,420,420,420,420,420,420,420,457,0,190,229.36105032822758,30,4340,1713.0
1637165226,1,GET,/public/,0.400000,0.000000,200,500,500,620,620,620,620,620,620,620,620,458,0,240,286.17903930131007,64,3015,10210.779475982532
1637165226,1,,Aggregated,2.800000,0.000000,230,340,500,500,620,640,800,800,800,800,800,2671,0,220,287.1535005615874,10,6255,5741.2115312617
1637165227,1,GET,/,0.800000,0.000000,230,260,500,540,570,570,570,570,570,570,570,593,0,250,322.81956155143337,61,6255,10398.241146711636
1637165227,1,POST,/,0.100000,0.000000,640,640,640,640,640,640,640,640,640,640,640,97,0,540,570.7731958762887,143,2223,10301.969072164948
1637165227,1,GET,/auth/find-friends/,0.800000,0.000000,210,300,320,340,400,400,400,400,400,400,400,916,0,200,231.7052401746725,24,3952,1974.0
1637165227,1,GET,/auth/login/,0.000000,0.000000,0,0,0,0,0,0,0,0,0,0,0,1,0,208,208.0,208,208,2961.0
1637165227,1,POST,/auth/login/,0.100000,0.000000,800,800,800,800,800,800,800,800,800,800,800,77,0,720,718.6103896103896,103,2490,10307.0
1637165227,1,GET,/auth/logout/,0.100000,0.000000,91,91,91,91,91,91,91,91,91,91,91,76,0,170,229.8684210526316,10,2509,1712.0
1637165227,1,POST,/auth/modify-friend/,0.500000,0.000000,260,410,410,420,420,420,420,420,420,420,420,458,0,190,229.17467248908298,30,4340,1713.0
1637165227,1,GET,/public/,0.400000,0.000000,200,500,500,620,620,620,620,620,620,620,620,458,0,240,286.17903930131007,64,3015,10210.779475982532
1637165227,1,,Aggregated,2.800000,0.000000,220,320,410,500,570,620,800,800,800,800,800,2676,0,220,287.02615844544096,10,6255,5740.446562032885
1637165228,1,GET,/,0.800000,0.000000,210,260,500,500,540,570,570,570,570,570,570,596,0,250,322.2936241610738,61,6255,10399.652684563758
1637165228,1,POST,/,0.100000,0.000000,640,640,640,640,640,640,640,640,640,640,640,97,0,540,570.7731958762887,143,2223,10301.969072164948
1637165228,1,GET,/auth/find-friends/,1.000000,0.000000,190,320,340,340,400,400,400,400,400,400,400,916,0,200,231.7052401746725,24,3952,1974.0
1637165228,1,GET,/auth/login/,0.000000,0.000000,0,0,0,0,0,0,0,0,0,0,0,1,0,208,208.0,208,208,2961.0
1637165228,1,POST,/auth/login/,0.100000,0.000000,800,800,800,800,800,800,800,800,800,800,800,77,0,720,718.6103896103896,103,2490,10307.0
1637165228,1,GET,/auth/logout/,0.100000,0.000000,91,91,91,91,91,91,91,91,91,91,91,76,0,170,229.8684210526316,10,2509,1712.0
1637165228,1,POST,/auth/modify-friend/,0.400000,0.000000,260,410,410,420,420,420,420,420,420,420,420,458,0,190,229.17467248908298,30,4340,1713.0
1637165228,1,GET,/public/,0.400000,0.000000,200,240,240,500,500,500,500,500,500,500,500,459,0,240,286.082788671024,64,3015,10211.398692810457
1637165228,1,,Aggregated,2.900000,0.000000,210,260,400,410,500,570,800,800,800,800,800,2680,0,220,286.9324626865672,10,6255,5747.748507462687
1637165229,1,GET,/,0.700000,0.000000,210,260,500,500,540,570,570,570,570,570,570,596,0,250,322.2936241610738,61,6255,10399.652684563758
1637165229,1,POST,/,0.100000,0.000000,640,640,640,640,640,640,640,640,640,640,640,97,0,540,570.7731958762887,143,2223,10301.969072164948
1637165229,1,GET,/auth/find-friends/,0.900000,0.000000,320,340,400,400,970,970,970,970,970,970,970,918,0,200,232.56971677559912,24,3952,1974.0
1637165229,1,GET,/auth/login/,0.000000,0.000000,0,0,0,0,0,0,0,0,0,0,0,1,0,208,208.0,208,208,2961.0
1637165229,1,POST,/auth/login/,0.100000,0.000000,800,800,800,800,800,800,800,800,800,800,800,77,0,720,718.6103896103896,103,2490,10307.0
1637165229,1,GET,/auth/logout/,0.100000,0.000000,91,91,91,91,91,91,91,91,91,91,91,76,0,170,229.8684210526316,10,2509,1712.0
1637165229,1,POST,/auth/modify-friend/,0.400000,0.000000,260,410,410,420,420,420,420,420,420,420,420,458,0,190,229.17467248908298,30,4340,1713.0
1637165229,1,GET,/public/,0.500000,0.000000,240,240,500,500,500,500,500,500,500,500,500,459,0,240,286.082788671024,64,3015,10211.398692810457
1637165229,1,,Aggregated,2.800000,0.000000,250,340,420,500,570,800,970,970,970,970,970,2682,0,220,287.1871737509321,10,6255,5744.934377330351
1637165230,1,GET,/,0.900000,0.000000,250,260,500,500,540,570,570,570,570,570,570,597,0,250,322.4606365159129,61,6255,10400.187604690118
1637165230,1,POST,/,0.000000,0.000000,640,640,640,640,640,640,640,640,640,640,640,97,0,540,570.7731958762887,143,2223,10301.969072164948
1637165230,1,GET,/auth/find-friends/,1.000000,0.000000,320,340,400,400,970,970,970,970,970,970,970,918,0,200,232.56971677559912,24,3952,1974.0
1637165230,1,GET,/auth/login/,0.000000,0.000000,0,0,0,0,0,0,0,0,0,0,0,1,0,208,208.0,208,208,2961.0
1637165230,1,POST,/auth/login/,0.100000,0.000000,800,800,800,800,800,800,800,800,800,800,800,77,0,720,718.6103896103896,103,2490,10307.0
1637165230,1,GET,/auth/logout/,0.100000,0.000000,91,91,91,91,91,91,91,91,91,91,91,76,0,170,229.8684210526316,10,2509,1712.0
1637165230,1,POST,/auth/modify-friend/,0.500000,0.000000,410,410,420,420,420,420,420,420,420,420,420,459,0,190,229.24618736383442,30,4340,1713.0
1637165230,1,GET,/public/,0.500000,0.000000,240,240,500,500,500,500,500,500,500,500,500,459,0,240,286.082788671024,64,3015,10211.398692810457
1637165230,1,,Aggregated,3.100000,0.000000,320,410,500,500,570,800,970,970,970,970,970,2684,0,230,287.22801788375557,10,6255,5745.285394932936
1637165231,1,GET,/,1.100000,0.000000,400,420,500,540,570,570,570,570,570,570,570,598,0,250,322.5903010033445,61,6255,10400.538461538461
1637165231,1,POST,/,0.000000,0.000000,640,640,640,640,640,640,640,640,640,640,640,97,0,540,570.7731958762887,143,2223,10301.969072164948
1637165231,1,GET,/auth/find-friends/,0.900000,0.000000,280,320,340,400,970,970,970,970,970,970,970,920,0,200,232.5641304347826,24,3952,1974.0
1637165231,1,GET,/auth/login/,0.000000,0.000000,0,0,0,0,0,0,0,0,0,0,0,1,0,208,208.0,208,208,2961.0
1637165231,1,POST,/auth/login/,0.100000,0.000000,800,800,800,800,800,800,800,800,800,800,800,77,0,720,718.6103896103896,103,2490,10307.0
1637165231,1,GET,/auth/logout/,0.100000,0.000000,91,91,91,91,91,91,91,91,91,91,91,76,0,170,229.8684210526316,10,2509,1712.0
1637165231,1,POST,/auth/modify-friend/,0.500000,0.000000,410,410,420,420,420,420,420,420,420,420,420,459,0,190,229.24618736383442,30,4340,1713.0
1637165231,1,GET,/public/,0.500000,0.000000,240,250,250,500,500,500,500,500,500,500,500,460,0,240,286.0086956521739,64,3015,10211.686956521738
1637165231,1,,Aggregated,3.200000,0.000000,280,400,420,500,570,800,970,970,970,970,970,2688,0,230,287.2142857142857,10,6255,5746.0
1637165232,1,GET,/,1.100000,0.000000,400,420,500,540,570,570,570,570,570,570,570,598,0,250,322.5903010033445,61,6255,10400.538461538461
1637165232,1,POST,/,0.000000,0.000000,640,640,640,640,640,640,640,640,640,640,640,97,0,540,570.7731958762887,143,2223,10301.969072164948
1637165232,1,GET,/auth/find-friends/,0.800000,0.000000,320,340,400,400,970,970,970,970,970,970,970,920,0,200,232.5641304347826,24,3952,1974.0
1637165232,1,GET,/auth/login/,0.000000,0.000000,0,0,0,0,0,0,0,0,0,0,0,1,0,208,208.0,208,208,2961.0
1637165232,1,POST,/auth/login/,0.100000,0.000000,800,800,800,800,800,800,800,800,800,800,800,77,0,720,718.6103896103896,103,2490,10307.0
1637165232,1,GET,/auth/logout/,0.100000,0.000000,340,340,340,340,340,340,340,340,340,340,340,77,0,190,231.27272727272728,10,2509,1712.0
1637165232,1,POST,/auth/modify-friend/,0.300000,0.000000,300,410,410,420,420,420,420,420,420,420,420,460,0,190,229.41086956521738,30,4340,1713.0
1637165232,1,GET,/public/,0.400000,0.000000,250,250,500,500,500,500,500,500,500,500,500,460,0,240,286.0086956521739,64,3015,10211.686956521738
1637165232,1,,Aggregated,2.800000,0.000000,300,400,420,500,570,800,970,970,970,970,970,2690,0,230,287.23977695167287,10,6255,5743.0011152416355
1637165233,1,GET,/,1.100000,0.000000,260,400,420,540,570,570,570,570,570,570,570,598,0,250,322.5903010033445,61,6255,10400.538461538461
1637165233,1,POST,/,0.000000,0.000000,640,640,640,640,640,640,640,640,640,640,640,97,0,540,570.7731958762887,143,2223,10301.969072164948
1637165233,1,GET,/auth/find-friends/,0.800000,0.000000,320,340,400,400,970,970,970,970,970,970,970,920,0,200,232.5641304347826,24,3952,1974.0
1637165233,1,GET,/auth/login/,0.000000,0.000000,0,0,0,0,0,0,0,0,0,0,0,1,0,208,208.0,208,208,2961.0
1637165233,1,POST,/auth/login/,0.100000,0.000000,800,800,800,800,800,800,800,800,800,800,800,77,0,720,718.6103896103896,103,2490,10307.0
1637165233,1,GET,/auth/logout/,0.100000,0.000000,340,340,340,340,340,340,340,340,340,340,340,77,0,190,231.27272727272728,10,2509,1712.0
1637165233,1,POST,/auth/modify-friend/,0.300000,0.000000,300,300,420,420,420,420,420,420,420,420,420,460,0,190,229.41086956521738,30,4340,1713.0
1637165233,1,GET,/public/,0.400000,0.000000,250,250,500,500,500,500,500,500,500,500,500,460,0,240,286.0086956521739,64,3015,10211.686956521738
1637165233,1,,Aggregated,2.800000,0.000000,280,340,400,420,540,570,970,970,970,970,970,2690,0,230,287.23977695167287,10,6255,5743.0011152416355
1637165235,1,GET,/,1.000000,0.000000,250,260,400,400,420,420,420,420,420,420,420,598,0,250,322.5903010033445,61,6255,10400.538461538461
1637165235,1,POST,/,0.000000,0.000000,0,0,0,0,0,0,0,0,0,0,0,97,0,540,570.7731958762887,143,2223,10301.969072164948
1637165235,1,GET,/auth/find-friends/,0.800000,0.000000,280,280,400,400,970,970,970,970,970,970,970,920,0,200,232.5641304347826,24,3952,1974.0
1637165235,1,GET,/auth/login/,0.000000,0.000000,0,0,0,0,0,0,0,0,0,0,0,1,0,208,208.0,208,208,2961.0
1637165235,1,POST,/auth/login/,0.100000,0.000000,1100,1100,1100,1100,1100,1100,1100,1100,1100,1100,1100,78,0,720,723.5512820512821,103,2490,10310.71794871795
1637165235,1,GET,/auth/logout/,0.000000,0.000000,340,340,340,340,340,340,340,340,340,340,340,77,0,190,231.27272727272728,10,2509,1712.0
1637165235,1,POST,/auth/modify-friend/,0.400000,0.000000,300,300,420,420,420,420,420,420,420,420,420,460,0,190,229.41086956521738,30,4340,1713.0
1637165235,1,GET,/public/,0.400000,0.000000,240,240,250,250,250,250,250,250,250,250,250,460,0,240,286.0086956521739,64,3015,10211.686956521738
1637165235,1,,Aggregated,2.700000,0.000000,260,300,400,400,420,970,1100,1100,1100,1100,1100,2691,0,230,287.54329245633596,10,6255,5744.804905239688
1637165236,1,GET,/,1.000000,0.000000,260,400,420,580,890,890,890,890,890,890,890,600,0,250,323.9716666666667,61,6255,10400.631666666666
1637165236,1,POST,/,0.000000,0.000000,0,0,0,0,0,0,0,0,0,0,0,97,0,540,570.7731958762887,143,2223,10301.969072164948
1637165236,1,GET,/auth/find-friends/,0.800000,0.000000,260,280,280,970,970,970,970,970,970,970,970,920,0,200,232.5641304347826,24,3952,1974.0
1637165236,1,GET,/auth/login/,0.000000,0.000000,0,0,0,0,0,0,0,0,0,0,0,1,0,208,208.0,208,208,2961.0
1637165236,1,POST,/auth/login/,0.100000,0.000000,1100,1100,1100,1100,1100,1100,1100,1100,1100,1100,1100,78,0,720,723.5512820512821,103,2490,10310.71794871795
1637165236,1,GET,/auth/logout/,0.100000,0.000000,340,340,340,340,340,340,340,340,340,340,340,77,0,190,231.27272727272728,10,2509,1712.0
1637165236,1,POST,/auth/modify-friend/,0.400000,0.000000,260,260,300,300,300,300,300,300,300,300,300,460,0,190,229.41086956521738,30,4340,1713.0
1637165236,1,GET,/public/,0.400000,0.000000,240,240,250,250,250,250,250,250,250,250,250,460,0,240,286.0086956521739,64,3015,10211.686956521738
1637165236,1,,Aggregated,2.800000,0.000000,260,300,400,420,890,970,1100,1100,1100,1100,1100,2693,0,230,287.8770887486075,10,6255,5748.283327144449
1637165237,1,GET,/,1.000000,0.000000,420,420,580,580,890,890,890,890,890,890,890,600,0,250,323.9716666666667,61,6255,10400.631666666666
1637165237,1,POST,/,0.000000,0.000000,0,0,0,0,0,0,0,0,0,0,0,97,0,540,570.7731958762887,143,2223,10301.969072164948
1637165237,1,GET,/auth/find-friends/,0.800000,0.000000,280,280,970,970,970,970,970,970,970,970,970,920,0,200,232.5641304347826,24,3952,1974.0
1637165237,1,GET,/auth/login/,0.000000,0.000000,0,0,0,0,0,0,0,0,0,0,0,1,0,208,208.0,208,208,2961.0
1637165237,1,POST,/auth/login/,0.100000,0.000000,1100,1100,1100,1100,1100,1100,1100,1100,1100,1100,1100,78,0,720,723.5512820512821,103,2490,10310.71794871795
1637165237,1,GET,/auth/logout/,0.100000,0.000000,340,340,340,340,340,340,340,340,340,340,340,77,0,190,231.27272727272728,10,2509,1712.0
1637165237,1,POST,/auth/modify-friend/,0.400000,0.000000,260,260,300,300,300,300,300,300,300,300,300,460,0,190,229.41086956521738,30,4340,1713.0
1637165237,1,GET,/public/,0.400000,0.000000,250,250,250,250,250,250,250,250,250,250,250,460,0,240,286.0086956521739,64,3015,10211.686956521738
1637165237,1,,Aggregated,2.800000,0.000000,300,400,580,580,970,1100,1100,1100,1100,1100,1100,2693,0,230,287.8770887486075,10,6255,5748.283327144449
1637165238,1,GET,/,0.700000,0.000000,420,580,890,890,1600,1600,1600,1600,1600,1600,1600,602,0,250,326.1079734219269,61,6255,10400.294019933555
1637165238,1,POST,/,0.000000,0.000000,0,0,0,0,0,0,0,0,0,0,0,97,0,540,570.7731958762887,143,2223,10301.969072164948
1637165238,1,GET,/auth/find-friends/,0.800000,0.000000,260,260,970,970,970,970,970,970,970,970,970,920,0,200,232.5641304347826,24,3952,1974.0
1637165238,1,GET,/auth/login/,0.000000,0.000000,0,0,0,0,0,0,0,0,0,0,0,1,0,208,208.0,208,208,2961.0
1637165238,1,POST,/auth/login/,0.100000,0.000000,1100,1100,1100,1100,1100,1100,1100,1100,1100,1100,1100,78,0,720,723.5512820512821,103,2490,10310.71794871795
1637165238,1,GET,/auth/logout/,0.100000,0.000000,340,340,340,340,340,340,340,340,340,340,340,77,0,190,231.27272727272728,10,2509,1712.0
1637165238,1,POST,/auth/modify-friend/,0.400000,0.000000,300,300,300,300,300,300,300,300,300,300,300,460,0,190,229.41086956521738,30,4340,1713.0
1637165238,1,GET,/public/,0.400000,0.000000,250,250,250,250,250,250,250,250,250,250,250,460,0,240,286.0086956521739,64,3015,10211.686956521738
1637165238,1,,Aggregated,2.500000,0.000000,400,580,890,970,1100,1600,1600,1600,1600,1600,1600,2695,0,230,288.38107606679034,10,6255,5751.660482374768
1637165239,1,GET,/,0.900000,0.000000,580,580,890,890,1600,1600,1600,1600,1600,1600,1600,602,0,250,326.1079734219269,61,6255,10400.294019933555
1637165239,1,POST,/,0.000000,0.000000,0,0,0,0,0,0,0,0,0,0,0,97,0,540,570.7731958762887,143,2223,10301.969072164948
1637165239,1,GET,/auth/find-friends/,0.600000,0.000000,260,520,520,970,970,970,970,970,970,970,970,922,0,200,232.6648590021692,24,3952,1974.0
1637165239,1,GET,/auth/login/,0.000000,0.000000,0,0,0,0,0,0,0,0,0,0,0,1,0,208,208.0,208,208,2961.0
1637165239,1,POST,/auth/login/,0.100000,0.000000,1100,1100,1100,1100,1100,1100,1100,1100,1100,1100,1100,78,0,720,723.5512820512821,103,2490,10310.71794871795
1637165239,1,GET,/auth/logout/,0.100000,0.000000,340,340,340,340,340,340,340,340,340,340,340,77,0,190,231.27272727272728,10,2509,1712.0
1637165239,1,POST,/auth/modify-friend/,0.400000,0.000000,260,260,300,300,300,300,300,300,300,300,300,461,0,190,229.08459869848156,30,4340,1713.0
1637165239,1,GET,/public/,0.300000,0.000000,390,390,390,390,390,390,390,390,390,390,390,461,0,240,286.2255965292842,64,3015,10210.915401301518
1637165239,1,,Aggregated,2.400000,0.000000,380,420,520,580,1100,1600,1600,1600,1600,1600,1600,2699,0,230,288.3327158206743,10,6255,5748.88551315302
1637165240,1,GET,/,0.800000,0.000000,400,420,580,890,1600,1600,1600,1600,1600,1600,1600,606,0,250,325.3085808580858,61,6255,10399.19306930693
1637165240,1,POST,/,0.000000,0.000000,300,300,300,300,300,300,300,300,300,300,300,98,0,540,568.030612244898,143,2223,10300.591836734693
1637165240,1,GET,/auth/find-friends/,0.400000,0.000000,260,260,520,520,520,520,520,520,520,520,520,922,0,200,232.6648590021692,24,3952,1974.0
1637165240,1,GET,/auth/login/,0.000000,0.000000,0,0,0,0,0,0,0,0,0,0,0,1,0,208,208.0,208,208,2961.0
1637165240,1,POST,/auth/login/,0.100000,0.000000,1100,1100,1100,1100,1100,1100,1100,1100,1100,1100,1100,78,0,720,723.5512820512821,103,2490,10310.71794871795
1637165240,1,GET,/auth/logout/,0.100000,0.000000,340,340,340,340,340,340,340,340,340,340,340,77,0,190,231.27272727272728,10,2509,1712.0
1637165240,1,POST,/auth/modify-friend/,0.200000,0.000000,300,300,300,300,300,300,300,300,300,300,300,461,0,190,229.08459869848156,30,4340,1713.0
1637165240,1,GET,/public/,0.200000,0.000000,390,390,390,390,390,390,390,390,390,390,390,461,0,240,286.2255965292842,64,3015,10210.915401301518
1637165240,1,,Aggregated,1.800000,0.000000,300,380,520,580,1100,1600,1600,1600,1600,1600,1600,2704,0,230,288.21449704142015,10,6255,5757.153476331361
1637165241,1,GET,/,0.600000,0.000000,380,420,580,580,890,1600,1600,1600,1600,1600,1600,607,0,250,325.2207578253707,61,6255,10398.733113673805
1637165241,1,POST,/,0.000000,0.000000,300,300,300,300,300,300,300,300,300,300,300,98,0,540,568.030612244898,143,2223,10300.591836734693
1637165241,1,GET,/auth/find-friends/,0.500000,0.000000,98,200,260,260,520,520,520,520,520,520,520,926,0,200,231.96760259179266,24,3952,1974.0
1637165241,1,GET,/auth/login/,0.000000,0.000000,0,0,0,0,0,0,0,0,0,0,0,1,0,208,208.0,208,208,2961.0
1637165241,1,POST,/auth/login/,0.100000,0.000000,1100,1100,1100,1100,1100,1100,1100,1100,1100,1100,1100,78,0,720,723.5512820512821,103,2490,10310.71794871795
1637165241,1,GET,/auth/logout/,0.100000,0.000000,340,340,340,340,340,340,340,340,340,340,340,77,0,190,231.27272727272728,10,2509,1712.0
1637165241,1,POST,/auth/modify-friend/,0.300000,0.000000,130,130,300,300,300,300,300,300,300,300,300,463,0,190,228.54427645788337,30,4340,1713.0
1637165241,1,GET,/public/,0.200000,0.000000,250,250,390,390,390,390,390,390,390,390,390,463,0,240,285.62850971922245,64,3015,10210.362850971922
1637165241,1,,Aggregated,1.800000,0.000000,270,310,390,520,890,1100,1600,1600,1600,1600,1600,2713,0,230,287.64946553630665,10,6255,5753.391448580906
1637165242,1,GET,/,0.900000,0.000000,270,310,380,580,890,1600,1600,1600,1600,1600,1600,611,0,250,324.10310965630117,61,6255,10397.569558101473
1637165242,1,POST,/,0.100000,0.000000,300,300,300,300,300,300,300,300,300,300,300,99,0,540,565.3636363636364,143,2223,10299.29292929293
1637165242,1,GET,/auth/find-friends/,0.400000,0.000000,98,200,260,260,520,520,520,520,520,520,520,926,0,200,231.96760259179266,24,3952,1974.0
1637165242,1,GET,/auth/login/,0.000000,0.000000,0,0,0,0,0,0,0,0,0,0,0,1,0,208,208.0,208,208,2961.0
1637165242,1,POST,/auth/login/,0.100000,0.000000,1100,1100,1100,1100,1100,1100,1100,1100,1100,1100,1100,78,0,720,723.5512820512821,103,2490,10310.71794871795
1637165242,1,GET,/auth/logout/,0.100000,0.000000,340,340,340,340,340,340,340,340,340,340,340,78,0,170,228.89743589743588,10,2509,1712.0
1637165242,1,POST,/auth/modify-friend/,0.300000,0.000000,130,130,300,300,300,300,300,300,300,300,300,463,0,190,228.54427645788337,30,4340,1713.0
1637165242,1,GET,/public/,0.200000,0.000000,250,250,390,390,390,390,390,390,390,390,390,463,0,240,285.62850971922245,64,3015,10210.362850971922
1637165242,1,,Aggregated,2.100000,0.000000,170,300,340,390,890,1100,1600,1600,1600,1600,1600,2719,0,230,287.3707245310776,10,6255,5760.102611254138
1637165243,1,GET,/,0.900000,0.000000,270,310,380,580,890,1600,1600,1600,1600,1600,1600,611,0,250,324.10310965630117,61,6255,10397.569558101473
1637165243,1,POST,/,0.100000,0.000000,300,300,300,300,300,300,300,300,300,300,300,99,0,540,565.3636363636364,143,2223,10299.29292929293
1637165243,1,GET,/auth/find-friends/,0.400000,0.000000,98,200,260,260,520,520,520,520,520,520,520,926,0,200,231.96760259179266,24,3952,1974.0
1637165243,1,GET,/auth/login/,0.000000,0.000000,0,0,0,0,0,0,0,0,0,0,0,1,0,208,208.0,208,208,2961.0
1637165243,1,POST,/auth/login/,0.100000,0.000000,1100,1100,1100,1100,1100,1100,1100,1100,1100,1100,1100,78,0,720,723.5512820512821,103,2490,10310.71794871795
1637165243,1,GET,/auth/logout/,0.100000,0.000000,340,340,340,340,340,340,340,340,340,340,340,78,0,170,228.89743589743588,10,2509,1712.0
1637165243,1,POST,/auth/modify-friend/,0.300000,0.000000,130,130,300,300,300,300,300,300,300,300,300,463,0,190,228.54427645788337,30,4340,1713.0
1637165243,1,GET,/public/,0.200000,0.000000,250,250,390,390,390,390,390,390,390,390,390,463,0,240,285.62850971922245,64,3015,10210.362850971922
1637165243,1,,Aggregated,2.100000,0.000000,170,300,310,390,890,1100,1600,1600,1600,1600,1600,2719,0,230,287.3707245310776,10,6255,5760.102611254138
1637165244,1,GET,/,1.200000,0.000000,270,310,380,580,890,1600,1600,1600,1600,1600,1600,612,0,250,323.84313725490193,61,6255,10397.70588235294
1637165244,1,POST,/,0.200000,0.000000,300,300,300,300,300,300,300,300,300,300,300,99,0,540,565.3636363636364,143,2223,10299.29292929293
1637165244,1,GET,/auth/find-friends/,0.600000,0.000000,98,120,170,170,520,520,520,520,520,520,520,928,0,200,231.7769396551724,24,3952,1974.0
1637165244,1,GET,/auth/login/,0.000000,0.000000,0,0,0,0,0,0,0,0,0,0,0,1,0,208,208.0,208,208,2961.0
1637165244,1,POST,/auth/login/,0.100000,0.000000,1100,1100,1100,1100,1100,1100,1100,1100,1100,1100,1100,79,0,720,718.7848101265823,103,2490,10312.87341772152
1637165244,1,GET,/auth/logout/,0.100000,0.000000,340,340,340,340,340,340,340,340,340,340,340,78,0,170,228.89743589743588,10,2509,1712.0
1637165244,1,POST,/auth/modify-friend/,0.300000,0.000000,130,130,160,160,160,160,160,160,160,160,160,464,0,190,228.39224137931035,30,4340,1713.0
1637165244,1,GET,/public/,0.300000,0.000000,170,170,390,390,390,390,390,390,390,390,390,464,0,240,285.3146551724138,64,3015,10210.375
1637165244,1,,Aggregated,2.800000,0.000000,160,270,300,350,520,890,1600,1600,1600,1600,1600,2725,0,220,287.1405504587156,10,6255,5760.93871559633
1637165245,1,GET,/,1.200000,0.000000,180,270,380,580,890,1600,1600,1600,1600,1600,1600,613,0,250,323.5872756933116,61,6255,10397.650897226753
1637165245,1,POST,/,0.200000,0.000000,300,300,300,300,300,300,300,300,300,300,300,99,0,540,565.3636363636364,143,2223,10299.29292929293
1637165245,1,GET,/auth/find-friends/,0.600000,0.000000,98,120,170,170,520,520,520,520,520,520,520,928,0,200,231.7769396551724,24,3952,1974.0
1637165245,1,GET,/auth/login/,0.000000,0.000000,0,0,0,0,0,0,0,0,0,0,0,1,0,208,208.0,208,208,2961.0
1637165245,1,POST,/auth/login/,0.100000,0.000000,1100,1100,1100,1100,1100,1100,1100,1100,1100,1100,1100,79,0,720,718.7848101265823,103,2490,10312.87341772152
1637165245,1,GET,/auth/logout/,0.100000,0.000000,46,46,340,340,340,340,340,340,340,340,340,79,0,170,226.41772151898735,10,2509,1712.0
1637165245,1,POST,/auth/modify-friend/,0.300000,0.000000,130,130,160,160,160,160,160,160,160,160,160,464,0,190,228.39224137931035,30,4340,1713.0
1637165245,1,GET,/public/,0.300000,0.000000,170,170,390,390,390,390,390,390,390,390,390,464,0,240,285.3146551724138,64,3015,10210.375
1637165245,1,,Aggregated,2.800000,0.000000,160,180,300,310,520,890,1600,1600,1600,1600,1600,2727,0,220,287.003300330033,10,6255,5761.141914191419
1637165246,1,GET,/,1.400000,0.000000,170,180,270,310,380,1600,1600,1600,1600,1600,1600,615,0,250,322.8162601626016,61,6255,10398.00650406504
1637165246,1,POST,/,0.200000,0.000000,300,300,320,320,320,320,320,320,320,320,320,100,0,530,562.9,143,2223,10302.75
1637165246,1,GET,/auth/find-friends/,0.700000,0.000000,71,98,120,170,520,520,520,520,520,520,520,930,0,190,231.3731182795699,24,3952,1974.0
1637165246,1,GET,/auth/login/,0.000000,0.000000,0,0,0,0,0,0,0,0,0,0,0,1,0,208,208.0,208,208,2961.0
1637165246,1,POST,/auth/login/,0.200000,0.000000,350,350,1100,1100,1100,1100,1100,1100,1100,1100,1100,80,0,710,711.075,102,2490,10315.275
1637165246,1,GET,/auth/logout/,0.100000,0.000000,46,46,340,340,340,340,340,340,340,340,340,79,0,170,226.41772151898735,10,2509,1712.0
1637165246,1,POST,/auth/modify-friend/,0.300000,0.000000,81,130,130,160,160,160,160,160,160,160,160,465,0,190,228.0021505376344,30,4340,1713.0
1637165246,1,GET,/public/,0.400000,0.000000,140,170,170,390,390,390,390,390,390,390,390,465,0,240,284.8989247311828,64,3015,10210.447311827957
1637165246,1,,Aggregated,3.300000,0.000000,140,170,270,300,350,390,1600,1600,1600,1600,1600,2735,0,220,286.4639853747715,10,6255,5765.5221206581355
1637165247,1,GET,/,1.500000,0.000000,170,250,270,270,380,1600,1600,1600,1600,1600,1600,616,0,250,322.69642857142856,61,6255,10398.342532467532
1637165247,1,POST,/,0.200000,0.000000,300,300,320,320,320,320,320,320,320,320,320,100,0,530,562.9,143,2223,10302.75
1637165247,1,GET,/auth/find-friends/,0.800000,0.000000,71,98,120,170,520,520,520,520,520,520,520,930,0,190,231.3731182795699,24,3952,1974.0
1637165247,1,GET,/auth/login/,0.000000,0.000000,0,0,0,0,0,0,0,0,0,0,0,1,0,208,208.0,208,208,2961.0
1637165247,1,POST,/auth/login/,0.100000,0.000000,350,350,1100,1100,1100,1100,1100,1100,1100,1100,1100,80,0,710,711.075,102,2490,10315.275
1637165247,1,GET,/auth/logout/,0.200000,0.000000,46,46,560,560,560,560,560,560,560,560,560,80,0,170,230.525,10,2509,1712.0
1637165247,1,POST,/auth/modify-friend/,0.400000,0.000000,81,130,130,160,160,160,160,160,160,160,160,465,0,190,228.0021505376344,30,4340,1713.0
1637165247,1,GET,/public/,0.400000,0.000000,140,170,170,390,390,390,390,390,390,390,390,465,0,240,284.8989247311828,64,3015,10210.447311827957
1637165247,1,,Aggregated,3.600000,0.000000,140,170,250,270,320,390,560,560,560,560,560,2737,0,220,286.54841066861525,10,6255,5765.809280233832
